0,0,0,0,0,0 7/27/2018 14:38:39
0,0,0,0,0,0 7/27/2018 14:38:39
0,0,0,0,0,0 7/27/2018 14:38:39
0,0,0,0,0,0 7/27/2018 14:38:39
0,0,0,0,0,0 7/27/2018 14:38:39
0,0,0,0,0,0 7/27/2018 14:38:39
0,0,0,0,0,0 7/27/2018 14:38:39
0,0,0,0,0,0 7/27/2018 14:38:39
0,0,0,0,0,0 7/27/2018 14:38:39
0,0,0,0,0,0 7/27/2018 14:38:39
0,0,0,0,0,0 7/27/2018 14:38:39
0,0,0,0,0,0 7/27/2018 14:38:39
0,0,0,0,0,0 7/27/2018 14:38:39
0,0,0,0,0,0 7/27/2018 14:38:39
0,0,0,0,0,0 7/27/2018 14:38:39
0,0,0,0,0,0 7/27/2018 14:38:39
0,0,0,0,0,0 7/27/2018 14:38:39
0,0,0,0,0,0 7/27/2018 14:38:39
0,0,0,0,0,0 7/27/2018 14:38:39
0,0,0,0,0,0 7/27/2018 14:38:39
0,0,0,0,0,0 7/27/2018 14:38:39
0,0,0,0,0,0 7/27/2018 14:38:39
0,0,0,0,0,0 7/27/2018 14:38:40
0,0,0,0,0,0 7/27/2018 14:38:40
0,0,0,0,0,0 7/27/2018 14:38:40
0,0,0,0,0,0 7/27/2018 14:38:40
0,0,0,0,0,0 7/27/2018 14:38:40
0,0,0,0,0,0 7/27/2018 14:38:40
0,0,0,0,0,0 7/27/2018 14:38:40
0,0,12,0,0,0 7/27/2018 14:38:40
0,0,10,0,0,0 7/27/2018 14:38:40
0,0,7,0,0,0 7/27/2018 14:38:40
0,0,10,0,0,0 7/27/2018 14:38:40
0,0,9,0,0,0 7/27/2018 14:38:40
0,0,0,0,0,0 7/27/2018 14:38:40
0,0,0,0,0,0 7/27/2018 14:38:40
0,0,0,0,0,0 7/27/2018 14:38:40
0,0,0,0,0,0 7/27/2018 14:38:40
0,0,0,0,0,0 7/27/2018 14:38:40
0,0,0,0,0,0 7/27/2018 14:38:40
0,0,0,0,0,0 7/27/2018 14:38:40
0,0,0,0,0,0 7/27/2018 14:38:40
0,0,0,0,0,0 7/27/2018 14:38:40
0,0,0,0,0,0 7/27/2018 14:38:40
0,0,0,0,0,0 7/27/2018 14:38:40
0,0,0,0,0,0 7/27/2018 14:38:41
0,0,0,0,0,0 7/27/2018 14:38:41
0,0,0,0,0,0 7/27/2018 14:38:41
0,0,0,0,0,0 7/27/2018 14:38:41
0,0,0,0,0,0 7/27/2018 14:38:41
0,0,0,0,0,0 7/27/2018 14:38:41
0,0,0,0,0,0 7/27/2018 14:38:41
0,0,0,0,0,0 7/27/2018 14:38:41
0,0,0,0,0,0 7/27/2018 14:38:41
0,0,0,0,0,0 7/27/2018 14:38:41
0,0,0,0,0,0 7/27/2018 14:38:41
0,0,0,0,0,0 7/27/2018 14:38:41
0,0,0,0,0,0 7/27/2018 14:38:41
0,0,0,0,0,0 7/27/2018 14:38:41
0,0,0,0,0,0 7/27/2018 14:38:41
0,0,0,0,0,0 7/27/2018 14:38:41
0,0,0,0,0,0 7/27/2018 14:38:41
0,0,0,0,0,0 7/27/2018 14:38:41
0,0,0,0,0,0 7/27/2018 14:38:41
0,0,0,0,0,0 7/27/2018 14:38:41
0,0,0,0,0,0 7/27/2018 14:38:41
0,0,0,0,0,0 7/27/2018 14:38:41
0,0,0,0,0,0 7/27/2018 14:38:42
0,0,0,0,0,0 7/27/2018 14:38:42
0,87,0,0,0,0 7/27/2018 14:38:42
0,162,0,0,0,0 7/27/2018 14:38:42
0,145,0,0,0,0 7/27/2018 14:38:42
0,30,0,0,0,0 7/27/2018 14:38:42
0,0,0,0,0,0 7/27/2018 14:38:42
0,0,0,0,0,0 7/27/2018 14:38:42
0,0,0,0,0,0 7/27/2018 14:38:42
0,0,0,0,0,0 7/27/2018 14:38:42
0,0,0,0,0,0 7/27/2018 14:38:42
0,0,0,0,0,0 7/27/2018 14:38:42
0,0,0,0,0,0 7/27/2018 14:38:42
0,0,0,0,0,0 7/27/2018 14:38:42
0,0,0,0,0,0 7/27/2018 14:38:42
0,0,0,0,0,0 7/27/2018 14:38:42
0,0,0,0,0,0 7/27/2018 14:38:42
0,0,0,0,0,0 7/27/2018 14:38:42
0,0,0,0,0,0 7/27/2018 14:38:42
0,28,0,0,0,0 7/27/2018 14:38:42
0,114,0,0,0,0 7/27/2018 14:38:42
0,218,0,0,0,0 7/27/2018 14:38:42
0,236,0,0,0,0 7/27/2018 14:38:42
0,270,0,0,0,0 7/27/2018 14:38:43
0,282,0,0,0,0 7/27/2018 14:38:43
0,328,0,0,0,0 7/27/2018 14:38:43
0,349,0,0,0,0 7/27/2018 14:38:43
0,322,0,0,0,0 7/27/2018 14:38:43
0,299,0,0,0,0 7/27/2018 14:38:43
0,261,0,0,0,0 7/27/2018 14:38:43
0,154,0,0,0,0 7/27/2018 14:38:43
0,106,0,0,0,0 7/27/2018 14:38:43
0,10,0,0,0,0 7/27/2018 14:38:43
0,0,0,0,0,0 7/27/2018 14:38:43
0,0,0,0,0,0 7/27/2018 14:38:43
0,0,0,0,0,0 7/27/2018 14:38:43
0,0,0,0,0,0 7/27/2018 14:38:43
0,0,0,0,0,0 7/27/2018 14:38:43
0,0,0,0,0,0 7/27/2018 14:38:43
0,0,0,0,0,0 7/27/2018 14:38:43
0,0,0,0,0,0 7/27/2018 14:38:43
0,0,0,0,0,0 7/27/2018 14:38:43
0,0,0,0,0,0 7/27/2018 14:38:43
0,0,0,0,0,0 7/27/2018 14:38:43
0,0,0,0,0,0 7/27/2018 14:38:43
0,0,0,0,0,0 7/27/2018 14:38:43
0,0,0,0,0,0 7/27/2018 14:38:44
0,0,0,0,0,0 7/27/2018 14:38:44
0,0,0,0,0,0 7/27/2018 14:38:44
0,0,0,0,0,0 7/27/2018 14:38:44
0,0,0,0,0,0 7/27/2018 14:38:44
0,0,0,0,0,0 7/27/2018 14:38:44
0,0,0,0,0,0 7/27/2018 14:38:44
0,44,0,0,0,0 7/27/2018 14:38:44
0,125,0,0,0,0 7/27/2018 14:38:44
0,87,0,0,0,0 7/27/2018 14:38:44
0,87,4,0,0,0 7/27/2018 14:38:44
0,192,0,0,0,0 7/27/2018 14:38:44
0,225,0,0,0,0 7/27/2018 14:38:44
0,191,0,0,0,0 7/27/2018 14:38:44
0,117,0,0,0,0 7/27/2018 14:38:44
0,85,0,0,0,0 7/27/2018 14:38:44
0,92,0,0,0,0 7/27/2018 14:38:44
0,66,0,0,0,0 7/27/2018 14:38:44
0,116,0,0,0,0 7/27/2018 14:38:44
0,185,0,0,0,0 7/27/2018 14:38:44
0,243,0,0,0,0 7/27/2018 14:38:44
0,356,0,0,0,0 7/27/2018 14:38:44
0,408,6,52,0,0 7/27/2018 14:38:45
0,432,42,85,0,0 7/27/2018 14:38:45
0,459,64,121,0,0 7/27/2018 14:38:45
0,469,119,154,0,0 7/27/2018 14:38:45
0,508,192,185,0,0 7/27/2018 14:38:45
0,546,223,226,0,0 7/27/2018 14:38:45
0,561,289,231,0,0 7/27/2018 14:38:45
0,576,342,284,0,0 7/27/2018 14:38:45
0,569,274,300,0,0 7/27/2018 14:38:45
0,565,246,345,0,0 7/27/2018 14:38:45
0,556,197,377,0,0 7/27/2018 14:38:45
0,560,149,350,0,0 7/27/2018 14:38:45
0,534,142,247,0,0 7/27/2018 14:38:45
0,484,191,153,0,0 7/27/2018 14:38:45
0,453,134,113,0,0 7/27/2018 14:38:45
0,426,32,101,0,0 7/27/2018 14:38:45
0,391,0,70,0,0 7/27/2018 14:38:45
0,301,0,0,0,0 7/27/2018 14:38:45
0,231,7,0,0,0 7/27/2018 14:38:45
0,147,30,0,0,0 7/27/2018 14:38:45
0,77,36,0,0,0 7/27/2018 14:38:45
0,0,4,0,0,0 7/27/2018 14:38:45
0,0,2,0,0,0 7/27/2018 14:38:45
0,0,2,0,0,0 7/27/2018 14:38:46
0,0,2,0,0,0 7/27/2018 14:38:46
0,0,10,0,0,0 7/27/2018 14:38:46
0,0,11,0,0,0 7/27/2018 14:38:46
0,0,10,0,0,0 7/27/2018 14:38:46
0,0,11,0,0,0 7/27/2018 14:38:46
0,0,20,0,0,0 7/27/2018 14:38:46
0,0,41,0,0,0 7/27/2018 14:38:46
0,0,39,0,0,0 7/27/2018 14:38:46
0,0,38,0,0,0 7/27/2018 14:38:46
0,0,37,0,0,0 7/27/2018 14:38:46
0,0,38,0,0,0 7/27/2018 14:38:46
0,0,39,0,0,0 7/27/2018 14:38:46
0,0,43,0,0,0 7/27/2018 14:38:46
0,0,46,0,0,0 7/27/2018 14:38:46
0,0,42,0,0,0 7/27/2018 14:38:46
0,0,44,0,0,0 7/27/2018 14:38:46
0,0,45,0,0,0 7/27/2018 14:38:46
0,0,46,0,0,0 7/27/2018 14:38:46
0,0,46,0,0,0 7/27/2018 14:38:46
0,0,48,0,0,0 7/27/2018 14:38:46
0,0,49,0,0,0 7/27/2018 14:38:46
0,0,51,0,0,0 7/27/2018 14:38:46
0,0,50,0,0,0 7/27/2018 14:38:47
0,0,52,0,0,0 7/27/2018 14:38:47
0,0,52,0,0,0 7/27/2018 14:38:47
0,0,50,0,0,0 7/27/2018 14:38:47
0,0,50,0,0,0 7/27/2018 14:38:47
0,0,50,0,0,0 7/27/2018 14:38:47
0,0,50,0,0,0 7/27/2018 14:38:47
0,0,47,0,0,0 7/27/2018 14:38:47
0,0,46,0,0,0 7/27/2018 14:38:47
0,0,43,0,0,0 7/27/2018 14:38:47
0,0,44,0,0,0 7/27/2018 14:38:47
0,0,45,0,0,0 7/27/2018 14:38:47
0,0,46,0,0,0 7/27/2018 14:38:47
0,0,48,0,0,0 7/27/2018 14:38:47
0,0,50,0,0,0 7/27/2018 14:38:47
0,0,47,0,0,0 7/27/2018 14:38:47
0,0,50,0,0,0 7/27/2018 14:38:47
0,0,48,0,0,0 7/27/2018 14:38:47
0,0,49,0,0,0 7/27/2018 14:38:47
0,0,51,0,0,0 7/27/2018 14:38:47
0,0,51,0,0,0 7/27/2018 14:38:47
0,0,48,0,0,0 7/27/2018 14:38:47
0,0,52,0,0,0 7/27/2018 14:38:48
0,0,52,0,0,0 7/27/2018 14:38:48
0,0,51,0,0,0 7/27/2018 14:38:48
0,0,52,0,0,0 7/27/2018 14:38:48
0,0,52,0,0,0 7/27/2018 14:38:48
0,0,50,0,0,0 7/27/2018 14:38:48
0,0,52,0,0,0 7/27/2018 14:38:48
0,0,49,0,0,0 7/27/2018 14:38:48
0,0,49,0,0,0 7/27/2018 14:38:48
0,0,48,0,0,0 7/27/2018 14:38:48
0,0,48,0,0,0 7/27/2018 14:38:48
0,0,41,0,0,0 7/27/2018 14:38:48
0,0,44,0,0,0 7/27/2018 14:38:48
0,0,39,0,0,0 7/27/2018 14:38:48
0,0,39,0,0,0 7/27/2018 14:38:48
0,0,39,0,0,0 7/27/2018 14:38:48
0,0,37,0,0,0 7/27/2018 14:38:48
0,0,10,0,0,0 7/27/2018 14:38:48
0,0,8,0,0,0 7/27/2018 14:38:48
0,0,8,0,0,0 7/27/2018 14:38:48
0,0,8,0,0,0 7/27/2018 14:38:48
0,0,10,0,0,0 7/27/2018 14:38:48
0,0,4,0,0,0 7/27/2018 14:38:48
0,0,1,0,0,0 7/27/2018 14:38:49
0,0,4,0,0,0 7/27/2018 14:38:49
0,0,5,0,0,0 7/27/2018 14:38:49
0,0,4,0,0,0 7/27/2018 14:38:49
0,0,0,0,0,0 7/27/2018 14:38:49
0,0,5,0,0,0 7/27/2018 14:38:49
0,0,5,0,0,0 7/27/2018 14:38:49
0,0,9,0,0,0 7/27/2018 14:38:49
0,0,10,0,0,0 7/27/2018 14:38:49
0,0,10,0,0,0 7/27/2018 14:38:49
0,0,14,0,0,0 7/27/2018 14:38:49
0,0,12,0,0,0 7/27/2018 14:38:49
0,0,11,0,0,0 7/27/2018 14:38:49
0,0,12,0,0,0 7/27/2018 14:38:49
0,0,11,0,0,0 7/27/2018 14:38:49
0,0,12,0,0,0 7/27/2018 14:38:49
0,0,12,0,0,0 7/27/2018 14:38:49
0,0,10,0,0,0 7/27/2018 14:38:49
0,0,11,0,0,0 7/27/2018 14:38:49
0,0,13,0,0,0 7/27/2018 14:38:49
0,0,12,0,0,0 7/27/2018 14:38:49
0,0,12,0,0,0 7/27/2018 14:38:49
0,0,12,0,0,0 7/27/2018 14:38:49
0,0,12,0,0,0 7/27/2018 14:38:50
0,0,15,0,0,0 7/27/2018 14:38:50
0,0,37,0,0,0 7/27/2018 14:38:50
0,0,39,0,0,0 7/27/2018 14:38:50
0,0,39,0,0,0 7/27/2018 14:38:50
0,0,37,0,0,0 7/27/2018 14:38:50
0,0,40,0,0,0 7/27/2018 14:38:50
0,0,40,0,0,0 7/27/2018 14:38:50
0,0,40,0,0,0 7/27/2018 14:38:50
0,0,40,0,0,0 7/27/2018 14:38:50
0,0,41,0,0,0 7/27/2018 14:38:50
0,0,46,0,0,0 7/27/2018 14:38:50
0,0,47,0,0,0 7/27/2018 14:38:50
0,0,51,0,0,0 7/27/2018 14:38:50
