0,0,0,0,0,0 7/27/2018 14:39:41
0,0,0,0,0,0 7/27/2018 14:39:41
0,0,0,0,0,0 7/27/2018 14:39:41
0,0,0,0,0,0 7/27/2018 14:39:41
0,0,0,0,0,0 7/27/2018 14:39:42
0,0,0,0,0,0 7/27/2018 14:39:42
0,0,0,0,0,0 7/27/2018 14:39:42
0,0,0,150,0,0 7/27/2018 14:39:42
0,34,0,66,0,0 7/27/2018 14:39:42
0,28,0,0,0,0 7/27/2018 14:39:42
0,0,0,0,0,0 7/27/2018 14:39:42
0,0,0,0,0,0 7/27/2018 14:39:42
0,0,0,0,0,0 7/27/2018 14:39:42
0,0,0,0,0,0 7/27/2018 14:39:42
0,0,0,0,0,0 7/27/2018 14:39:42
0,0,0,0,0,0 7/27/2018 14:39:42
0,0,0,0,0,0 7/27/2018 14:39:42
0,0,0,0,0,0 7/27/2018 14:39:42
0,17,0,0,0,0 7/27/2018 14:39:42
0,63,6,0,0,0 7/27/2018 14:39:42
0,122,14,0,0,0 7/27/2018 14:39:42
0,194,24,0,0,0 7/27/2018 14:39:42
0,297,41,138,0,0 7/27/2018 14:39:42
0,488,122,271,0,0 7/27/2018 14:39:42
0,610,172,218,0,0 7/27/2018 14:39:42
0,657,213,154,0,0 7/27/2018 14:39:42
0,651,155,159,0,0 7/27/2018 14:39:42
0,587,94,164,0,0 7/27/2018 14:39:43
0,429,45,160,0,0 7/27/2018 14:39:43
0,140,24,125,0,0 7/27/2018 14:39:43
0,47,0,0,0,0 7/27/2018 14:39:43
0,74,0,0,0,0 7/27/2018 14:39:43
0,86,0,0,0,0 7/27/2018 14:39:43
0,92,0,0,0,0 7/27/2018 14:39:43
0,39,0,0,0,0 7/27/2018 14:39:43
0,39,0,0,0,0 7/27/2018 14:39:43
0,72,0,0,0,0 7/27/2018 14:39:43
0,82,0,0,0,0 7/27/2018 14:39:43
0,89,0,0,0,0 7/27/2018 14:39:43
0,96,0,0,0,0 7/27/2018 14:39:43
0,98,0,0,0,0 7/27/2018 14:39:43
0,90,0,0,0,0 7/27/2018 14:39:43
0,75,0,0,0,0 7/27/2018 14:39:43
0,0,0,0,0,0 7/27/2018 14:39:43
0,0,0,0,0,0 7/27/2018 14:39:43
0,0,0,0,0,0 7/27/2018 14:39:43
0,0,0,0,0,0 7/27/2018 14:39:43
0,0,0,0,0,0 7/27/2018 14:39:43
0,0,0,0,0,0 7/27/2018 14:39:43
0,0,0,0,0,0 7/27/2018 14:39:43
0,0,0,0,0,0 7/27/2018 14:39:44
0,0,0,0,0,0 7/27/2018 14:39:44
0,0,0,0,0,0 7/27/2018 14:39:44
0,0,0,0,0,0 7/27/2018 14:39:44
0,5,0,0,0,0 7/27/2018 14:39:44
0,41,0,0,0,0 7/27/2018 14:39:44
0,91,0,0,0,0 7/27/2018 14:39:44
0,117,14,0,0,0 7/27/2018 14:39:44
0,201,1,0,0,0 7/27/2018 14:39:44
0,277,32,0,0,0 7/27/2018 14:39:44
0,291,51,0,0,0 7/27/2018 14:39:44
0,265,62,0,0,0 7/27/2018 14:39:44
0,256,60,0,0,0 7/27/2018 14:39:44
0,202,57,0,0,0 7/27/2018 14:39:44
0,138,53,0,0,0 7/27/2018 14:39:44
0,83,22,0,0,0 7/27/2018 14:39:44
0,0,17,0,0,0 7/27/2018 14:39:44
0,0,0,0,0,0 7/27/2018 14:39:44
0,0,0,0,0,0 7/27/2018 14:39:44
0,0,0,0,0,0 7/27/2018 14:39:44
0,0,0,0,0,0 7/27/2018 14:39:44
0,0,0,0,0,0 7/27/2018 14:39:44
0,0,0,0,0,0 7/27/2018 14:39:45
0,0,0,0,0,0 7/27/2018 14:39:45
0,0,0,0,0,0 7/27/2018 14:39:45
0,0,0,0,0,0 7/27/2018 14:39:45
0,0,0,0,0,0 7/27/2018 14:39:45
0,0,0,0,0,0 7/27/2018 14:39:45
0,0,0,0,0,0 7/27/2018 14:39:45
0,0,0,0,0,0 7/27/2018 14:39:45
0,0,0,0,0,0 7/27/2018 14:39:45
0,0,0,0,0,0 7/27/2018 14:39:45
0,0,0,0,0,0 7/27/2018 14:39:45
0,0,0,0,0,0 7/27/2018 14:39:45
0,0,0,0,0,0 7/27/2018 14:39:45
0,0,0,0,0,0 7/27/2018 14:39:45
0,0,2,0,0,0 7/27/2018 14:39:45
0,0,3,0,0,0 7/27/2018 14:39:45
0,0,4,0,0,0 7/27/2018 14:39:45
0,0,4,0,0,0 7/27/2018 14:39:45
0,0,0,0,0,0 7/27/2018 14:39:45
0,0,0,0,0,0 7/27/2018 14:39:45
0,0,0,0,0,0 7/27/2018 14:39:45
0,1,8,0,0,0 7/27/2018 14:39:45
0,0,66,0,0,0 7/27/2018 14:39:45
0,0,61,126,0,0 7/27/2018 14:39:46
0,0,98,225,0,0 7/27/2018 14:39:46
0,0,104,261,0,0 7/27/2018 14:39:46
0,0,109,270,0,0 7/27/2018 14:39:46
0,0,113,276,0,0 7/27/2018 14:39:46
0,0,115,230,0,0 7/27/2018 14:39:46
0,0,82,145,0,0 7/27/2018 14:39:46
0,0,60,57,0,0 7/27/2018 14:39:46
0,0,19,0,0,0 7/27/2018 14:39:46
0,0,3,0,0,0 7/27/2018 14:39:46
0,0,0,0,0,0 7/27/2018 14:39:46
0,0,1,0,0,0 7/27/2018 14:39:46
0,0,0,0,0,0 7/27/2018 14:39:46
0,0,1,0,0,0 7/27/2018 14:39:46
0,0,4,0,0,0 7/27/2018 14:39:46
0,0,0,0,0,0 7/27/2018 14:39:46
0,0,0,0,0,0 7/27/2018 14:39:46
0,0,0,0,0,0 7/27/2018 14:39:46
0,0,0,0,0,0 7/27/2018 14:39:46
0,0,0,0,0,0 7/27/2018 14:39:46
0,0,0,0,0,0 7/27/2018 14:39:46
0,0,0,0,0,0 7/27/2018 14:39:46
0,0,0,0,0,0 7/27/2018 14:39:46
0,0,0,0,0,0 7/27/2018 14:39:47
0,0,0,0,0,0 7/27/2018 14:39:47
0,0,0,0,0,0 7/27/2018 14:39:47
0,0,0,0,0,0 7/27/2018 14:39:47
0,0,0,0,0,0 7/27/2018 14:39:47
0,0,0,0,0,0 7/27/2018 14:39:47
0,0,0,0,0,0 7/27/2018 14:39:47
0,1,0,0,0,0 7/27/2018 14:39:47
0,0,0,0,0,0 7/27/2018 14:39:47
0,0,0,0,0,0 7/27/2018 14:39:47
0,0,0,0,0,0 7/27/2018 14:39:47
0,0,6,0,0,0 7/27/2018 14:39:47
0,0,0,0,0,0 7/27/2018 14:39:47
0,0,0,0,0,0 7/27/2018 14:39:47
0,0,0,0,0,0 7/27/2018 14:39:47
0,0,0,0,0,0 7/27/2018 14:39:47
0,0,9,0,0,0 7/27/2018 14:39:47
0,0,41,0,0,0 7/27/2018 14:39:47
0,0,37,0,0,0 7/27/2018 14:39:47
0,0,23,0,0,0 7/27/2018 14:39:47
0,0,6,0,0,0 7/27/2018 14:39:47
0,0,10,0,0,0 7/27/2018 14:39:47
0,0,6,0,0,0 7/27/2018 14:39:48
0,0,10,0,0,0 7/27/2018 14:39:48
0,0,6,0,0,0 7/27/2018 14:39:48
0,0,8,0,0,0 7/27/2018 14:39:48
0,0,11,0,0,0 7/27/2018 14:39:48
0,0,11,0,0,0 7/27/2018 14:39:48
0,0,14,0,0,0 7/27/2018 14:39:48
0,0,7,0,0,0 7/27/2018 14:39:48
0,0,2,0,0,0 7/27/2018 14:39:48
0,0,0,0,0,0 7/27/2018 14:39:48
0,0,0,0,0,0 7/27/2018 14:39:48
0,0,0,0,0,0 7/27/2018 14:39:48
0,118,0,0,0,0 7/27/2018 14:39:48
0,297,14,81,0,0 7/27/2018 14:39:48
0,427,13,204,0,0 7/27/2018 14:39:48
0,451,14,279,0,0 7/27/2018 14:39:48
0,468,0,297,0,0 7/27/2018 14:39:48
0,432,6,230,0,0 7/27/2018 14:39:48
0,380,9,88,0,0 7/27/2018 14:39:48
0,216,21,0,0,0 7/27/2018 14:39:48
0,0,22,0,0,0 7/27/2018 14:39:48
0,0,29,0,0,0 7/27/2018 14:39:48
0,0,37,0,0,0 7/27/2018 14:39:48
0,0,36,0,0,0 7/27/2018 14:39:49
0,0,38,0,0,0 7/27/2018 14:39:49
0,0,43,0,0,0 7/27/2018 14:39:49
0,0,44,0,0,0 7/27/2018 14:39:49
0,0,45,0,0,0 7/27/2018 14:39:49
0,0,45,0,0,0 7/27/2018 14:39:49
0,0,49,0,0,0 7/27/2018 14:39:49
0,0,49,0,0,0 7/27/2018 14:39:49
0,0,46,0,0,0 7/27/2018 14:39:49
0,0,47,0,0,0 7/27/2018 14:39:49
0,0,44,0,0,0 7/27/2018 14:39:49
0,0,45,0,0,0 7/27/2018 14:39:49
0,0,46,0,0,0 7/27/2018 14:39:49
0,0,50,0,0,0 7/27/2018 14:39:49
0,0,47,0,0,0 7/27/2018 14:39:49
0,0,42,0,0,0 7/27/2018 14:39:49
0,0,43,0,0,0 7/27/2018 14:39:49
0,0,42,0,0,0 7/27/2018 14:39:49
0,0,44,0,0,0 7/27/2018 14:39:49
0,0,41,0,0,0 7/27/2018 14:39:49
0,0,40,0,0,0 7/27/2018 14:39:49
0,0,40,0,0,0 7/27/2018 14:39:49
0,0,41,0,0,0 7/27/2018 14:39:49
0,0,41,0,0,0 7/27/2018 14:39:50
0,0,42,0,0,0 7/27/2018 14:39:50
0,0,40,0,0,0 7/27/2018 14:39:50
0,0,38,0,0,0 7/27/2018 14:39:50
0,0,44,0,0,0 7/27/2018 14:39:50
0,0,43,0,0,0 7/27/2018 14:39:50
0,0,42,0,0,0 7/27/2018 14:39:50
0,0,47,0,0,0 7/27/2018 14:39:50
0,0,46,0,0,0 7/27/2018 14:39:50
0,0,48,0,0,0 7/27/2018 14:39:50
0,0,47,0,0,0 7/27/2018 14:39:50
0,0,47,0,0,0 7/27/2018 14:39:50
0,0,49,0,0,0 7/27/2018 14:39:50
0,0,51,0,0,0 7/27/2018 14:39:50
0,0,50,0,0,0 7/27/2018 14:39:50
0,0,49,0,0,0 7/27/2018 14:39:50
0,0,61,0,0,0 7/27/2018 14:39:50
0,0,59,0,0,0 7/27/2018 14:39:50
0,0,54,0,0,0 7/27/2018 14:39:50
0,0,61,0,0,0 7/27/2018 14:39:50
0,0,60,0,0,0 7/27/2018 14:39:50
0,0,59,0,0,0 7/27/2018 14:39:50
0,0,60,0,0,0 7/27/2018 14:39:51
0,0,61,0,0,0 7/27/2018 14:39:51
0,0,47,0,0,0 7/27/2018 14:39:51
0,0,40,0,0,0 7/27/2018 14:39:51
0,0,33,0,0,0 7/27/2018 14:39:51
0,0,37,0,0,0 7/27/2018 14:39:51
0,0,40,0,0,0 7/27/2018 14:39:51
0,0,41,0,0,0 7/27/2018 14:39:51
0,0,41,0,0,0 7/27/2018 14:39:51
0,0,41,0,0,0 7/27/2018 14:39:51
0,0,40,0,0,0 7/27/2018 14:39:51
0,0,42,0,0,0 7/27/2018 14:39:51
0,0,47,0,0,0 7/27/2018 14:39:51
0,0,48,0,0,0 7/27/2018 14:39:51
0,0,49,0,0,0 7/27/2018 14:39:51
0,0,50,0,0,0 7/27/2018 14:39:51
0,0,49,0,0,0 7/27/2018 14:39:51
0,0,46,0,0,0 7/27/2018 14:39:51
0,0,46,0,0,0 7/27/2018 14:39:51
0,0,48,0,0,0 7/27/2018 14:39:51
0,0,50,0,0,0 7/27/2018 14:39:51
0,0,49,0,0,0 7/27/2018 14:39:51
0,0,49,0,0,0 7/27/2018 14:39:51
0,0,48,0,0,0 7/27/2018 14:39:52
0,0,48,0,0,0 7/27/2018 14:39:52
0,0,49,0,0,0 7/27/2018 14:39:52
