0,0,29,0,0,0 7/27/2018 14:40:37
0,0,28,0,0,0 7/27/2018 14:40:37
0,0,25,0,0,0 7/27/2018 14:40:37
0,0,24,0,0,0 7/27/2018 14:40:37
0,0,19,0,0,0 7/27/2018 14:40:37
0,0,13,0,0,0 7/27/2018 14:40:37
0,0,0,0,0,0 7/27/2018 14:40:37
0,0,0,0,0,0 7/27/2018 14:40:37
0,0,0,0,0,0 7/27/2018 14:40:37
0,0,0,0,0,0 7/27/2018 14:40:37
0,0,0,0,0,0 7/27/2018 14:40:37
0,0,0,0,0,0 7/27/2018 14:40:38
0,0,0,0,0,0 7/27/2018 14:40:38
0,0,0,0,0,0 7/27/2018 14:40:38
0,0,0,0,0,0 7/27/2018 14:40:38
0,0,0,0,0,0 7/27/2018 14:40:38
0,0,0,0,0,0 7/27/2018 14:40:38
0,0,0,0,0,0 7/27/2018 14:40:38
0,0,0,0,0,0 7/27/2018 14:40:38
0,0,4,0,0,0 7/27/2018 14:40:38
0,0,1,0,0,0 7/27/2018 14:40:38
0,0,0,0,0,0 7/27/2018 14:40:38
0,0,0,0,0,0 7/27/2018 14:40:38
0,0,0,0,0,0 7/27/2018 14:40:38
0,0,0,0,0,0 7/27/2018 14:40:38
0,0,0,0,0,0 7/27/2018 14:40:38
0,0,16,0,0,0 7/27/2018 14:40:38
0,0,23,0,0,0 7/27/2018 14:40:38
0,13,31,0,0,0 7/27/2018 14:40:38
0,19,26,0,0,0 7/27/2018 14:40:38
0,59,24,0,0,0 7/27/2018 14:40:38
0,54,20,3,0,0 7/27/2018 14:40:38
0,55,24,0,0,0 7/27/2018 14:40:38
0,53,16,0,0,0 7/27/2018 14:40:38
0,17,16,0,0,0 7/27/2018 14:40:39
0,9,12,0,0,0 7/27/2018 14:40:39
0,60,1,0,0,0 7/27/2018 14:40:39
0,62,0,0,0,0 7/27/2018 14:40:39
0,214,21,0,0,0 7/27/2018 14:40:39
0,246,18,0,0,0 7/27/2018 14:40:39
0,230,0,0,0,0 7/27/2018 14:40:39
0,94,0,0,0,0 7/27/2018 14:40:39
0,54,0,0,0,0 7/27/2018 14:40:39
0,131,0,0,0,0 7/27/2018 14:40:39
0,140,0,0,0,0 7/27/2018 14:40:39
0,138,0,0,0,0 7/27/2018 14:40:39
0,128,0,0,0,0 7/27/2018 14:40:39
0,68,0,0,0,0 7/27/2018 14:40:39
0,44,0,0,0,0 7/27/2018 14:40:39
0,0,14,0,0,0 7/27/2018 14:40:39
0,0,22,0,0,0 7/27/2018 14:40:39
0,0,8,0,0,0 7/27/2018 14:40:39
0,135,10,0,0,0 7/27/2018 14:40:39
0,275,0,0,0,0 7/27/2018 14:40:39
0,272,0,0,0,0 7/27/2018 14:40:39
0,215,12,0,0,0 7/27/2018 14:40:39
0,93,0,0,0,0 7/27/2018 14:40:39
0,0,0,0,0,0 7/27/2018 14:40:40
0,0,0,0,0,0 7/27/2018 14:40:40
0,0,0,0,0,0 7/27/2018 14:40:40
0,0,0,0,0,0 7/27/2018 14:40:40
0,0,0,0,0,0 7/27/2018 14:40:40
0,0,0,0,0,0 7/27/2018 14:40:40
0,0,0,0,0,0 7/27/2018 14:40:40
0,0,0,0,0,0 7/27/2018 14:40:40
0,0,0,0,0,0 7/27/2018 14:40:40
0,0,0,0,0,0 7/27/2018 14:40:40
0,0,0,0,0,0 7/27/2018 14:40:40
0,0,0,0,0,0 7/27/2018 14:40:40
0,0,0,15,0,0 7/27/2018 14:40:40
0,0,0,296,0,0 7/27/2018 14:40:40
0,0,0,0,0,0 7/27/2018 14:40:40
0,0,0,0,0,0 7/27/2018 14:40:40
0,0,0,0,0,0 7/27/2018 14:40:40
0,0,0,0,0,0 7/27/2018 14:40:40
0,0,0,0,0,0 7/27/2018 14:40:40
0,0,0,0,0,0 7/27/2018 14:40:40
0,0,0,0,0,0 7/27/2018 14:40:40
0,0,0,0,0,0 7/27/2018 14:40:40
0,0,0,88,0,0 7/27/2018 14:40:41
0,0,0,0,0,0 7/27/2018 14:40:41
0,0,0,0,0,0 7/27/2018 14:40:41
0,0,0,0,0,0 7/27/2018 14:40:41
0,0,0,0,0,0 7/27/2018 14:40:41
0,0,0,0,0,0 7/27/2018 14:40:41
0,0,0,0,0,0 7/27/2018 14:40:41
0,0,0,0,0,0 7/27/2018 14:40:41
0,0,0,0,0,0 7/27/2018 14:40:41
0,0,0,0,0,0 7/27/2018 14:40:41
0,0,0,0,0,0 7/27/2018 14:40:41
0,0,0,0,0,0 7/27/2018 14:40:41
0,0,0,0,0,0 7/27/2018 14:40:41
0,0,0,0,0,0 7/27/2018 14:40:41
0,0,0,0,0,0 7/27/2018 14:40:41
0,0,0,0,0,0 7/27/2018 14:40:41
0,0,0,0,0,0 7/27/2018 14:40:41
0,0,0,0,0,0 7/27/2018 14:40:41
0,0,0,0,0,0 7/27/2018 14:40:41
0,0,0,0,0,0 7/27/2018 14:40:41
0,0,0,0,0,0 7/27/2018 14:40:41
0,0,0,0,0,0 7/27/2018 14:40:41
0,0,0,0,0,0 7/27/2018 14:40:41
0,0,0,0,0,0 7/27/2018 14:40:42
0,0,0,0,0,0 7/27/2018 14:40:42
0,0,0,0,0,0 7/27/2018 14:40:42
0,0,0,0,0,0 7/27/2018 14:40:42
0,0,0,0,0,0 7/27/2018 14:40:42
0,0,0,0,0,0 7/27/2018 14:40:42
0,0,0,0,0,0 7/27/2018 14:40:42
0,0,0,0,0,0 7/27/2018 14:40:42
0,0,0,0,0,0 7/27/2018 14:40:42
0,0,0,0,0,0 7/27/2018 14:40:42
0,0,0,0,0,0 7/27/2018 14:40:42
0,0,0,0,0,0 7/27/2018 14:40:42
0,0,0,0,0,0 7/27/2018 14:40:42
0,0,0,0,0,0 7/27/2018 14:40:42
0,0,0,0,0,0 7/27/2018 14:40:42
0,0,0,0,0,0 7/27/2018 14:40:42
0,0,0,0,0,0 7/27/2018 14:40:42
0,0,0,0,0,0 7/27/2018 14:40:42
0,0,0,0,0,0 7/27/2018 14:40:42
0,0,0,0,0,0 7/27/2018 14:40:42
0,0,0,0,0,0 7/27/2018 14:40:42
0,0,0,0,0,0 7/27/2018 14:40:42
0,0,0,0,0,0 7/27/2018 14:40:42
0,0,0,0,0,0 7/27/2018 14:40:43
0,0,0,0,0,0 7/27/2018 14:40:43
0,0,0,0,0,0 7/27/2018 14:40:43
0,0,0,0,0,0 7/27/2018 14:40:43
0,0,0,0,0,0 7/27/2018 14:40:43
0,0,0,0,0,0 7/27/2018 14:40:43
0,0,1,0,0,0 7/27/2018 14:40:43
0,0,0,0,0,0 7/27/2018 14:40:43
0,0,1,0,0,0 7/27/2018 14:40:43
0,0,0,0,0,0 7/27/2018 14:40:43
0,0,0,0,0,0 7/27/2018 14:40:43
0,0,0,0,0,0 7/27/2018 14:40:43
0,0,0,0,0,0 7/27/2018 14:40:43
0,0,0,0,0,0 7/27/2018 14:40:43
0,0,0,0,0,0 7/27/2018 14:40:43
0,0,0,0,0,0 7/27/2018 14:40:43
0,0,0,51,0,0 7/27/2018 14:40:43
0,0,17,102,0,0 7/27/2018 14:40:43
0,0,72,192,0,0 7/27/2018 14:40:43
0,0,81,267,0,0 7/27/2018 14:40:43
0,0,120,272,0,0 7/27/2018 14:40:43
0,0,131,283,0,0 7/27/2018 14:40:43
0,0,102,231,0,0 7/27/2018 14:40:44
0,0,63,142,0,0 7/27/2018 14:40:44
0,0,12,50,0,0 7/27/2018 14:40:44
0,0,0,0,0,0 7/27/2018 14:40:44
0,0,0,0,0,0 7/27/2018 14:40:44
0,0,0,0,0,0 7/27/2018 14:40:44
0,0,4,0,0,0 7/27/2018 14:40:44
0,0,12,0,0,0 7/27/2018 14:40:44
0,0,7,0,0,0 7/27/2018 14:40:44
0,0,8,0,0,0 7/27/2018 14:40:44
0,0,74,0,0,0 7/27/2018 14:40:44
0,0,44,0,0,0 7/27/2018 14:40:44
0,0,47,0,0,0 7/27/2018 14:40:44
0,0,46,0,0,0 7/27/2018 14:40:44
0,0,45,0,0,0 7/27/2018 14:40:44
0,0,41,0,0,0 7/27/2018 14:40:44
0,0,42,0,0,0 7/27/2018 14:40:44
0,0,43,0,0,0 7/27/2018 14:40:44
0,0,41,0,0,0 7/27/2018 14:40:44
0,0,40,0,0,0 7/27/2018 14:40:44
0,0,40,0,0,0 7/27/2018 14:40:44
0,0,41,0,0,0 7/27/2018 14:40:44
0,0,43,0,0,0 7/27/2018 14:40:44
0,0,41,0,0,0 7/27/2018 14:40:45
0,0,42,0,0,0 7/27/2018 14:40:45
0,0,43,0,0,0 7/27/2018 14:40:45
0,0,39,0,0,0 7/27/2018 14:40:45
0,0,41,0,0,0 7/27/2018 14:40:45
0,0,41,0,0,0 7/27/2018 14:40:45
0,0,41,0,0,0 7/27/2018 14:40:45
0,0,46,0,0,0 7/27/2018 14:40:45
0,0,50,0,0,0 7/27/2018 14:40:45
0,0,47,0,0,0 7/27/2018 14:40:45
0,0,47,0,0,0 7/27/2018 14:40:45
0,0,48,0,0,0 7/27/2018 14:40:45
0,0,45,0,0,0 7/27/2018 14:40:45
0,0,46,0,0,0 7/27/2018 14:40:45
0,0,53,0,0,0 7/27/2018 14:40:45
0,0,48,0,0,0 7/27/2018 14:40:45
0,0,47,0,0,0 7/27/2018 14:40:45
0,0,46,0,0,0 7/27/2018 14:40:45
0,0,46,0,0,0 7/27/2018 14:40:45
0,0,46,0,0,0 7/27/2018 14:40:45
0,0,46,0,0,0 7/27/2018 14:40:45
0,0,47,0,0,0 7/27/2018 14:40:45
0,0,47,0,0,0 7/27/2018 14:40:45
0,0,50,0,0,0 7/27/2018 14:40:46
0,0,50,0,0,0 7/27/2018 14:40:46
0,0,50,0,0,0 7/27/2018 14:40:46
0,0,47,0,0,0 7/27/2018 14:40:46
0,0,43,0,0,0 7/27/2018 14:40:46
0,0,41,0,0,0 7/27/2018 14:40:46
0,0,36,0,0,0 7/27/2018 14:40:46
0,0,37,0,0,0 7/27/2018 14:40:46
0,0,29,0,0,0 7/27/2018 14:40:46
0,0,27,0,0,0 7/27/2018 14:40:46
0,0,27,0,0,0 7/27/2018 14:40:46
0,0,20,87,0,0 7/27/2018 14:40:46
0,0,17,52,0,0 7/27/2018 14:40:46
0,0,7,69,0,0 7/27/2018 14:40:46
0,0,0,59,0,0 7/27/2018 14:40:46
0,48,0,0,0,0 7/27/2018 14:40:46
0,53,0,0,0,0 7/27/2018 14:40:46
0,70,0,0,0,0 7/27/2018 14:40:46
0,0,0,21,0,0 7/27/2018 14:40:46
0,0,0,54,0,0 7/27/2018 14:40:46
0,0,1,131,0,0 7/27/2018 14:40:46
0,0,51,221,0,0 7/27/2018 14:40:46
0,1,130,294,0,0 7/27/2018 14:40:46
0,0,129,330,0,0 7/27/2018 14:40:47
0,54,156,341,0,0 7/27/2018 14:40:47
0,0,158,338,0,0 7/27/2018 14:40:47
0,0,148,314,0,0 7/27/2018 14:40:47
0,0,135,276,0,0 7/27/2018 14:40:47
0,0,74,188,0,0 7/27/2018 14:40:47
0,0,34,105,0,0 7/27/2018 14:40:47
0,0,21,30,0,0 7/27/2018 14:40:47
0,0,2,0,0,0 7/27/2018 14:40:47
0,0,8,0,0,0 7/27/2018 14:40:47
0,0,23,0,0,0 7/27/2018 14:40:47
0,0,21,0,0,0 7/27/2018 14:40:47
0,0,20,4,0,0 7/27/2018 14:40:47
0,0,22,44,0,0 7/27/2018 14:40:47
0,0,23,30,0,0 7/27/2018 14:40:47
0,0,22,0,0,0 7/27/2018 14:40:47
0,0,2,0,0,1 7/27/2018 14:40:47
0,0,12,0,0,0 7/27/2018 14:40:47
0,0,37,0,0,0 7/27/2018 14:40:47
0,0,33,0,0,0 7/27/2018 14:40:47
0,0,21,0,0,0 7/27/2018 14:40:47
0,0,23,0,0,0 7/27/2018 14:40:47
0,0,16,0,0,0 7/27/2018 14:40:48
0,0,16,0,0,0 7/27/2018 14:40:48
0,0,17,0,0,0 7/27/2018 14:40:48
0,0,13,0,0,0 7/27/2018 14:40:48
0,0,20,0,0,0 7/27/2018 14:40:48
0,0,27,0,0,0 7/27/2018 14:40:48
0,0,24,0,0,0 7/27/2018 14:40:48
0,0,23,0,0,0 7/27/2018 14:40:48
0,0,26,0,0,0 7/27/2018 14:40:48
0,0,31,0,0,0 7/27/2018 14:40:48
0,0,29,0,0,0 7/27/2018 14:40:48
0,0,25,0,0,0 7/27/2018 14:40:48
0,0,18,0,2,0 7/27/2018 14:40:48
0,0,13,0,0,0 7/27/2018 14:40:48
0,0,15,0,0,0 7/27/2018 14:40:48
0,0,13,0,0,0 7/27/2018 14:40:48
0,0,12,0,0,0 7/27/2018 14:40:48
0,0,15,0,0,0 7/27/2018 14:40:48
0,0,20,0,0,0 7/27/2018 14:40:48
0,0,18,0,0,0 7/27/2018 14:40:48
0,0,24,0,0,0 7/27/2018 14:40:48
0,0,30,0,0,0 7/27/2018 14:40:48
0,0,35,0,0,0 7/27/2018 14:40:48
0,0,37,0,0,0 7/27/2018 14:40:49
0,0,38,0,0,0 7/27/2018 14:40:49
0,0,39,0,0,0 7/27/2018 14:40:49
0,0,39,0,0,0 7/27/2018 14:40:49
0,0,40,0,0,0 7/27/2018 14:40:49
0,0,40,0,0,0 7/27/2018 14:40:49
0,0,40,0,0,0 7/27/2018 14:40:49
0,0,40,0,0,0 7/27/2018 14:40:49
0,0,38,0,0,0 7/27/2018 14:40:49
0,0,38,0,1,0 7/27/2018 14:40:49
0,0,38,0,0,0 7/27/2018 14:40:49
0,0,40,0,0,0 7/27/2018 14:40:49
0,0,40,0,0,0 7/27/2018 14:40:49
0,0,41,0,0,0 7/27/2018 14:40:49
0,0,41,0,0,0 7/27/2018 14:40:49
0,0,42,0,0,0 7/27/2018 14:40:49
0,0,44,0,0,0 7/27/2018 14:40:49
0,0,42,0,0,0 7/27/2018 14:40:49
0,0,41,0,0,0 7/27/2018 14:40:49
0,0,44,0,0,0 7/27/2018 14:40:49
0,0,40,0,0,0 7/27/2018 14:40:49
0,0,40,0,0,0 7/27/2018 14:40:49
0,0,39,0,0,0 7/27/2018 14:40:49
0,0,38,0,0,0 7/27/2018 14:40:50
0,0,38,0,0,0 7/27/2018 14:40:50
0,0,38,0,0,0 7/27/2018 14:40:50
0,0,39,0,0,0 7/27/2018 14:40:50
0,0,38,0,0,0 7/27/2018 14:40:50
0,0,39,0,0,0 7/27/2018 14:40:50
0,0,37,0,0,0 7/27/2018 14:40:50
0,0,37,0,0,0 7/27/2018 14:40:50
0,0,34,0,0,0 7/27/2018 14:40:50
0,0,37,0,0,0 7/27/2018 14:40:50
