0,0,18,0,0,0 7/27/2018 14:41:35
0,0,13,0,0,0 7/27/2018 14:41:35
0,0,15,0,0,0 7/27/2018 14:41:35
0,0,10,0,0,0 7/27/2018 14:41:35
0,0,13,0,0,0 7/27/2018 14:41:35
0,0,13,0,0,0 7/27/2018 14:41:35
0,0,13,0,0,0 7/27/2018 14:41:35
0,0,16,0,0,0 7/27/2018 14:41:35
0,0,6,0,0,0 7/27/2018 14:41:35
0,0,9,0,0,0 7/27/2018 14:41:35
0,0,17,0,0,0 7/27/2018 14:41:35
0,0,16,0,0,0 7/27/2018 14:41:35
0,0,20,0,0,0 7/27/2018 14:41:35
0,0,4,0,0,0 7/27/2018 14:41:35
0,0,0,0,0,0 7/27/2018 14:41:35
0,0,0,0,0,0 7/27/2018 14:41:35
0,0,0,0,0,0 7/27/2018 14:41:35
0,0,0,0,0,0 7/27/2018 14:41:36
0,0,0,0,0,0 7/27/2018 14:41:36
0,0,1,0,0,0 7/27/2018 14:41:36
0,0,0,0,0,0 7/27/2018 14:41:36
0,0,7,0,0,0 7/27/2018 14:41:36
0,0,1,0,0,0 7/27/2018 14:41:36
0,0,13,0,0,0 7/27/2018 14:41:36
0,0,17,0,0,0 7/27/2018 14:41:36
0,0,10,130,0,0 7/27/2018 14:41:36
0,0,14,229,0,0 7/27/2018 14:41:36
0,0,18,312,0,0 7/27/2018 14:41:36
0,0,26,466,0,0 7/27/2018 14:41:36
0,0,24,444,0,0 7/27/2018 14:41:36
0,0,29,426,0,0 7/27/2018 14:41:36
0,0,30,385,0,0 7/27/2018 14:41:36
0,0,27,239,0,0 7/27/2018 14:41:36
0,0,31,105,0,0 7/27/2018 14:41:36
0,0,33,0,0,0 7/27/2018 14:41:36
0,0,30,0,0,0 7/27/2018 14:41:36
0,0,32,0,0,0 7/27/2018 14:41:36
0,0,23,0,0,0 7/27/2018 14:41:36
0,0,0,0,0,0 7/27/2018 14:41:36
0,0,0,0,0,0 7/27/2018 14:41:36
0,0,0,0,0,0 7/27/2018 14:41:37
0,0,12,0,0,0 7/27/2018 14:41:37
0,0,4,0,0,0 7/27/2018 14:41:37
0,0,6,0,0,0 7/27/2018 14:41:37
0,0,22,0,0,0 7/27/2018 14:41:37
0,7,38,0,0,0 7/27/2018 14:41:37
0,0,67,0,0,0 7/27/2018 14:41:37
0,77,90,37,0,0 7/27/2018 14:41:37
0,88,177,74,0,0 7/27/2018 14:41:37
0,177,225,66,0,0 7/27/2018 14:41:37
0,219,243,42,0,0 7/27/2018 14:41:37
0,232,255,45,0,0 7/27/2018 14:41:37
0,216,248,39,0,0 7/27/2018 14:41:37
0,184,250,48,0,0 7/27/2018 14:41:37
0,187,249,53,0,0 7/27/2018 14:41:37
0,173,231,52,0,0 7/27/2018 14:41:37
0,124,182,38,0,0 7/27/2018 14:41:37
0,54,127,0,0,0 7/27/2018 14:41:37
0,0,65,0,0,0 7/27/2018 14:41:37
0,0,26,0,0,0 7/27/2018 14:41:37
0,0,12,0,0,0 7/27/2018 14:41:37
0,0,19,0,0,0 7/27/2018 14:41:37
0,0,25,0,0,0 7/27/2018 14:41:38
0,0,28,0,0,0 7/27/2018 14:41:38
0,0,19,0,0,0 7/27/2018 14:41:38
0,0,23,0,0,0 7/27/2018 14:41:38
0,0,23,0,0,0 7/27/2018 14:41:38
0,0,24,0,0,0 7/27/2018 14:41:38
0,0,24,0,0,0 7/27/2018 14:41:38
0,0,24,0,0,0 7/27/2018 14:41:38
0,0,21,0,0,0 7/27/2018 14:41:38
0,0,18,0,0,0 7/27/2018 14:41:38
0,0,11,0,0,0 7/27/2018 14:41:38
0,0,7,0,0,0 7/27/2018 14:41:38
0,79,4,0,0,0 7/27/2018 14:41:38
0,151,18,0,0,0 7/27/2018 14:41:38
0,198,14,0,0,0 7/27/2018 14:41:38
0,269,12,0,0,0 7/27/2018 14:41:38
0,0,13,0,0,0 7/27/2018 14:41:38
0,0,11,279,0,0 7/27/2018 14:41:38
0,0,10,579,0,0 7/27/2018 14:41:38
0,0,1,602,0,0 7/27/2018 14:41:38
0,0,0,386,0,0 7/27/2018 14:41:38
0,0,7,0,0,0 7/27/2018 14:41:38
0,0,13,0,0,0 7/27/2018 14:41:38
0,0,13,0,0,0 7/27/2018 14:41:39
0,0,17,0,0,1 7/27/2018 14:41:39
0,0,16,0,0,0 7/27/2018 14:41:39
0,0,22,0,0,0 7/27/2018 14:41:39
0,0,23,0,0,0 7/27/2018 14:41:39
0,0,26,0,0,0 7/27/2018 14:41:39
0,0,26,0,0,0 7/27/2018 14:41:39
0,0,20,0,0,0 7/27/2018 14:41:39
0,0,21,0,0,0 7/27/2018 14:41:39
0,0,21,0,0,0 7/27/2018 14:41:39
0,0,23,0,0,0 7/27/2018 14:41:39
0,0,22,0,0,0 7/27/2018 14:41:39
0,43,24,0,0,0 7/27/2018 14:41:39
0,67,27,0,0,0 7/27/2018 14:41:39
0,60,26,0,0,0 7/27/2018 14:41:39
0,0,26,0,0,0 7/27/2018 14:41:39
0,35,26,0,0,0 7/27/2018 14:41:39
0,0,26,0,0,0 7/27/2018 14:41:39
0,2,20,0,0,0 7/27/2018 14:41:39
0,35,20,0,0,0 7/27/2018 14:41:39
0,33,27,0,0,0 7/27/2018 14:41:39
0,32,20,0,0,0 7/27/2018 14:41:39
0,19,16,0,0,0 7/27/2018 14:41:39
0,0,7,0,0,0 7/27/2018 14:41:40
0,0,0,0,0,0 7/27/2018 14:41:40
0,0,0,0,0,0 7/27/2018 14:41:40
0,0,0,0,0,0 7/27/2018 14:41:40
0,0,0,0,0,0 7/27/2018 14:41:40
0,0,0,0,0,0 7/27/2018 14:41:40
0,0,0,0,0,0 7/27/2018 14:41:40
0,0,0,0,0,0 7/27/2018 14:41:40
0,0,0,0,0,0 7/27/2018 14:41:40
0,0,0,0,0,0 7/27/2018 14:41:40
0,0,0,0,0,0 7/27/2018 14:41:40
0,0,0,0,0,0 7/27/2018 14:41:40
0,0,0,0,0,0 7/27/2018 14:41:40
0,0,0,0,0,0 7/27/2018 14:41:40
0,0,0,0,0,0 7/27/2018 14:41:40
0,0,0,0,0,0 7/27/2018 14:41:40
0,0,0,0,0,0 7/27/2018 14:41:40
0,0,20,0,0,0 7/27/2018 14:41:40
0,0,20,0,0,0 7/27/2018 14:41:40
0,0,22,0,0,0 7/27/2018 14:41:40
0,0,23,0,0,0 7/27/2018 14:41:40
0,0,28,0,0,0 7/27/2018 14:41:40
0,0,31,0,0,0 7/27/2018 14:41:41
0,0,25,0,0,0 7/27/2018 14:41:41
0,10,26,0,0,0 7/27/2018 14:41:41
0,40,30,0,0,0 7/27/2018 14:41:41
0,0,23,0,0,0 7/27/2018 14:41:41
0,0,22,0,0,0 7/27/2018 14:41:41
0,166,18,0,0,0 7/27/2018 14:41:41
0,228,7,70,0,0 7/27/2018 14:41:41
0,182,36,132,0,0 7/27/2018 14:41:41
0,146,85,148,0,0 7/27/2018 14:41:41
0,188,128,258,0,0 7/27/2018 14:41:41
0,278,257,344,0,0 7/27/2018 14:41:41
0,204,323,387,0,0 7/27/2018 14:41:41
0,0,335,435,0,0 7/27/2018 14:41:41
0,0,310,479,0,0 7/27/2018 14:41:41
0,0,282,449,0,0 7/27/2018 14:41:41
0,0,230,361,0,0 7/27/2018 14:41:41
0,0,135,306,0,0 7/27/2018 14:41:41
0,0,44,239,0,0 7/27/2018 14:41:41
0,0,28,158,0,0 7/27/2018 14:41:41
0,0,49,54,0,0 7/27/2018 14:41:41
0,0,56,0,0,0 7/27/2018 14:41:41
0,0,48,0,0,0 7/27/2018 14:41:41
0,0,46,0,0,0 7/27/2018 14:41:42
0,0,47,0,0,0 7/27/2018 14:41:42
0,0,40,0,0,0 7/27/2018 14:41:42
0,0,22,0,0,0 7/27/2018 14:41:42
0,0,19,0,0,0 7/27/2018 14:41:42
0,0,18,0,0,0 7/27/2018 14:41:42
0,0,22,0,0,0 7/27/2018 14:41:42
0,0,32,0,0,0 7/27/2018 14:41:42
0,0,18,0,0,0 7/27/2018 14:41:42
0,0,17,0,0,0 7/27/2018 14:41:42
0,138,22,0,0,0 7/27/2018 14:41:42
0,227,23,0,0,0 7/27/2018 14:41:42
0,266,27,0,0,0 7/27/2018 14:41:42
0,292,23,0,0,0 7/27/2018 14:41:42
0,210,19,0,0,0 7/27/2018 14:41:42
0,91,5,0,0,0 7/27/2018 14:41:42
0,128,5,0,0,0 7/27/2018 14:41:42
0,92,7,0,0,0 7/27/2018 14:41:42
0,67,12,0,0,0 7/27/2018 14:41:42
0,0,20,0,0,0 7/27/2018 14:41:42
0,0,15,0,0,0 7/27/2018 14:41:42
0,0,14,0,0,0 7/27/2018 14:41:42
0,0,20,0,0,0 7/27/2018 14:41:42
0,0,24,0,0,0 7/27/2018 14:41:43
0,0,31,0,0,0 7/27/2018 14:41:43
0,0,28,0,0,0 7/27/2018 14:41:43
0,0,29,0,0,0 7/27/2018 14:41:43
0,0,27,0,0,0 7/27/2018 14:41:43
0,0,28,0,0,0 7/27/2018 14:41:43
0,0,30,0,0,0 7/27/2018 14:41:43
0,0,30,0,0,0 7/27/2018 14:41:43
0,0,34,0,0,0 7/27/2018 14:41:43
0,0,31,0,0,0 7/27/2018 14:41:43
0,0,31,0,0,0 7/27/2018 14:41:43
0,0,34,0,0,0 7/27/2018 14:41:43
0,0,34,0,0,0 7/27/2018 14:41:43
0,0,36,0,0,0 7/27/2018 14:41:43
0,0,37,0,0,0 7/27/2018 14:41:43
0,0,35,0,0,0 7/27/2018 14:41:43
0,0,35,0,0,0 7/27/2018 14:41:43
0,0,36,0,0,0 7/27/2018 14:41:43
0,0,36,0,0,0 7/27/2018 14:41:43
0,0,37,0,0,0 7/27/2018 14:41:43
0,0,38,0,0,0 7/27/2018 14:41:43
0,0,37,0,0,0 7/27/2018 14:41:43
0,0,37,0,0,0 7/27/2018 14:41:44
0,0,36,0,0,0 7/27/2018 14:41:44
0,0,35,0,0,0 7/27/2018 14:41:44
0,0,36,0,0,0 7/27/2018 14:41:44
0,0,32,0,0,0 7/27/2018 14:41:44
0,0,34,0,0,0 7/27/2018 14:41:44
0,0,35,0,0,0 7/27/2018 14:41:44
0,0,34,0,0,0 7/27/2018 14:41:44
0,0,30,0,0,0 7/27/2018 14:41:44
0,0,32,0,0,0 7/27/2018 14:41:44
0,0,32,0,0,0 7/27/2018 14:41:44
0,0,32,0,0,0 7/27/2018 14:41:44
0,0,33,0,0,0 7/27/2018 14:41:44
0,0,32,0,0,0 7/27/2018 14:41:44
0,0,31,0,0,0 7/27/2018 14:41:44
0,0,33,0,0,0 7/27/2018 14:41:44
0,0,32,0,0,0 7/27/2018 14:41:44
0,0,34,0,0,0 7/27/2018 14:41:44
0,0,34,0,0,0 7/27/2018 14:41:44
0,0,34,0,0,0 7/27/2018 14:41:44
0,0,34,0,0,0 7/27/2018 14:41:44
0,0,35,0,0,0 7/27/2018 14:41:44
0,0,35,0,0,0 7/27/2018 14:41:44
0,0,35,0,0,0 7/27/2018 14:41:45
0,0,35,0,0,0 7/27/2018 14:41:45
0,0,34,0,0,0 7/27/2018 14:41:45
0,0,35,0,0,0 7/27/2018 14:41:45
0,0,32,0,0,0 7/27/2018 14:41:45
0,0,32,0,0,0 7/27/2018 14:41:45
0,0,30,0,0,0 7/27/2018 14:41:45
0,0,32,0,0,0 7/27/2018 14:41:45
0,0,34,0,0,0 7/27/2018 14:41:45
0,0,33,0,0,0 7/27/2018 14:41:45
0,0,34,0,0,0 7/27/2018 14:41:45
0,0,32,0,0,0 7/27/2018 14:41:45
0,0,32,0,0,0 7/27/2018 14:41:45
0,0,30,0,0,0 7/27/2018 14:41:45
0,0,25,0,0,0 7/27/2018 14:41:45
0,0,24,0,0,0 7/27/2018 14:41:45
0,0,22,0,0,0 7/27/2018 14:41:45
0,0,25,0,0,0 7/27/2018 14:41:45
0,0,28,0,0,0 7/27/2018 14:41:45
0,0,30,0,0,0 7/27/2018 14:41:45
0,0,28,0,0,0 7/27/2018 14:41:45
0,0,31,0,0,0 7/27/2018 14:41:45
0,0,31,0,0,0 7/27/2018 14:41:45
0,0,27,0,0,0 7/27/2018 14:41:46
0,0,35,0,0,0 7/27/2018 14:41:46
0,0,29,0,0,0 7/27/2018 14:41:46
0,0,30,0,0,0 7/27/2018 14:41:46
0,0,31,0,0,0 7/27/2018 14:41:46
0,0,36,0,0,0 7/27/2018 14:41:46
0,0,38,0,0,0 7/27/2018 14:41:46
0,0,38,0,0,0 7/27/2018 14:41:46
0,0,39,0,0,0 7/27/2018 14:41:46
0,0,37,0,0,0 7/27/2018 14:41:46
0,0,38,0,0,0 7/27/2018 14:41:46
0,0,37,0,0,0 7/27/2018 14:41:46
0,0,39,0,0,0 7/27/2018 14:41:46
0,0,37,0,0,0 7/27/2018 14:41:46
0,0,39,0,0,0 7/27/2018 14:41:46
0,0,41,0,0,0 7/27/2018 14:41:46
0,0,38,0,0,0 7/27/2018 14:41:46
0,0,40,0,0,0 7/27/2018 14:41:46
0,0,38,0,0,0 7/27/2018 14:41:46
0,0,40,0,0,0 7/27/2018 14:41:46
0,0,42,0,0,0 7/27/2018 14:41:46
0,0,41,0,0,0 7/27/2018 14:41:46
0,0,42,0,0,0 7/27/2018 14:41:46
0,0,42,0,0,0 7/27/2018 14:41:47
0,0,42,0,0,0 7/27/2018 14:41:47
0,0,43,0,0,0 7/27/2018 14:41:47
0,0,42,0,0,0 7/27/2018 14:41:47
0,0,42,0,0,0 7/27/2018 14:41:47
0,0,42,0,0,0 7/27/2018 14:41:47
0,0,44,0,0,0 7/27/2018 14:41:47
0,0,44,0,0,0 7/27/2018 14:41:47
0,0,44,0,0,0 7/27/2018 14:41:47
0,0,44,0,0,0 7/27/2018 14:41:47
0,0,44,0,0,0 7/27/2018 14:41:47
0,0,46,0,0,0 7/27/2018 14:41:47
0,0,45,0,0,0 7/27/2018 14:41:47
0,0,45,0,0,0 7/27/2018 14:41:47
0,0,45,0,0,0 7/27/2018 14:41:47
0,0,44,0,0,0 7/27/2018 14:41:47
