0,0,27,0,0,0 7/27/2018 14:42:26
0,0,25,0,0,0 7/27/2018 14:42:26
0,0,17,0,0,0 7/27/2018 14:42:26
0,0,11,0,0,0 7/27/2018 14:42:26
0,0,6,0,0,0 7/27/2018 14:42:26
0,0,5,0,0,0 7/27/2018 14:42:26
0,0,11,0,0,0 7/27/2018 14:42:26
0,0,21,0,0,0 7/27/2018 14:42:26
0,0,60,0,0,0 7/27/2018 14:42:26
0,0,114,0,0,0 7/27/2018 14:42:26
0,0,139,0,0,0 7/27/2018 14:42:26
0,0,115,0,0,0 7/27/2018 14:42:26
0,0,185,0,0,0 7/27/2018 14:42:26
0,0,126,0,0,0 7/27/2018 14:42:26
0,0,113,0,0,0 7/27/2018 14:42:26
0,0,65,0,0,0 7/27/2018 14:42:26
0,0,67,0,0,0 7/27/2018 14:42:26
0,0,80,0,0,0 7/27/2018 14:42:26
0,0,77,0,0,0 7/27/2018 14:42:26
0,0,42,0,0,0 7/27/2018 14:42:26
0,0,56,0,0,0 7/27/2018 14:42:26
0,0,70,0,0,0 7/27/2018 14:42:26
0,0,72,0,0,0 7/27/2018 14:42:27
0,0,38,0,0,0 7/27/2018 14:42:27
0,0,62,0,0,0 7/27/2018 14:42:27
0,0,68,0,0,0 7/27/2018 14:42:27
0,0,82,0,0,0 7/27/2018 14:42:27
0,0,26,0,0,0 7/27/2018 14:42:27
0,0,26,0,0,0 7/27/2018 14:42:27
0,0,30,0,0,0 7/27/2018 14:42:27
0,0,19,0,0,0 7/27/2018 14:42:27
0,0,24,0,0,0 7/27/2018 14:42:27
0,0,26,0,0,0 7/27/2018 14:42:27
0,0,0,0,0,0 7/27/2018 14:42:27
0,0,0,0,0,0 7/27/2018 14:42:27
0,0,0,76,0,0 7/27/2018 14:42:27
0,0,0,228,0,0 7/27/2018 14:42:27
0,0,51,416,0,0 7/27/2018 14:42:27
0,0,113,511,0,0 7/27/2018 14:42:27
0,9,135,576,0,0 7/27/2018 14:42:27
0,54,158,608,0,0 7/27/2018 14:42:27
0,93,186,603,0,0 7/27/2018 14:42:27
0,108,259,607,0,0 7/27/2018 14:42:27
0,96,333,601,0,0 7/27/2018 14:42:27
0,84,359,586,0,0 7/27/2018 14:42:28
0,84,383,588,0,0 7/27/2018 14:42:28
0,74,374,561,0,0 7/27/2018 14:42:28
0,1,275,522,0,0 7/27/2018 14:42:28
0,0,188,379,0,0 7/27/2018 14:42:28
0,0,0,137,0,0 7/27/2018 14:42:28
0,0,0,0,0,0 7/27/2018 14:42:28
0,0,11,0,0,0 7/27/2018 14:42:28
0,0,33,0,0,0 7/27/2018 14:42:28
0,0,22,0,0,0 7/27/2018 14:42:28
0,0,0,0,0,0 7/27/2018 14:42:28
0,0,3,0,0,0 7/27/2018 14:42:28
0,0,28,0,0,0 7/27/2018 14:42:28
0,0,6,0,0,0 7/27/2018 14:42:28
0,0,0,0,0,0 7/27/2018 14:42:28
0,0,0,0,0,0 7/27/2018 14:42:28
0,0,0,0,0,0 7/27/2018 14:42:28
0,0,0,0,0,0 7/27/2018 14:42:28
0,0,0,0,0,0 7/27/2018 14:42:28
0,0,0,0,0,0 7/27/2018 14:42:28
0,0,0,0,0,0 7/27/2018 14:42:28
0,0,0,168,0,0 7/27/2018 14:42:28
0,0,0,332,0,0 7/27/2018 14:42:28
0,0,0,400,0,0 7/27/2018 14:42:29
0,0,0,433,0,0 7/27/2018 14:42:29
0,0,0,196,0,0 7/27/2018 14:42:29
0,0,0,0,0,0 7/27/2018 14:42:29
0,0,0,0,0,0 7/27/2018 14:42:29
0,0,0,0,0,0 7/27/2018 14:42:29
0,0,0,0,0,0 7/27/2018 14:42:29
0,0,0,0,0,0 7/27/2018 14:42:29
0,0,69,0,0,0 7/27/2018 14:42:29
0,0,38,0,0,0 7/27/2018 14:42:29
0,34,55,0,0,0 7/27/2018 14:42:29
0,5,32,0,0,0 7/27/2018 14:42:29
0,0,8,0,0,0 7/27/2018 14:42:29
0,0,21,13,0,0 7/27/2018 14:42:29
0,114,21,115,0,0 7/27/2018 14:42:29
0,281,41,197,0,0 7/27/2018 14:42:29
0,381,60,231,0,0 7/27/2018 14:42:29
0,485,103,366,0,0 7/27/2018 14:42:29
0,566,142,432,0,0 7/27/2018 14:42:29
0,595,184,497,0,0 7/27/2018 14:42:29
0,601,230,553,0,0 7/27/2018 14:42:29
0,591,278,596,0,0 7/27/2018 14:42:29
0,591,291,615,0,0 7/27/2018 14:42:29
0,591,283,590,0,0 7/27/2018 14:42:30
0,572,210,527,0,0 7/27/2018 14:42:30
0,515,120,462,0,0 7/27/2018 14:42:30
0,448,84,412,0,0 7/27/2018 14:42:30
0,334,32,266,0,0 7/27/2018 14:42:30
0,297,20,131,0,0 7/27/2018 14:42:30
0,141,10,92,0,0 7/27/2018 14:42:30
0,5,4,0,0,0 7/27/2018 14:42:30
0,0,7,0,0,0 7/27/2018 14:42:30
0,0,3,0,0,0 7/27/2018 14:42:30
0,0,4,0,0,0 7/27/2018 14:42:30
0,0,3,0,0,0 7/27/2018 14:42:30
0,0,14,0,0,0 7/27/2018 14:42:30
0,0,16,0,0,0 7/27/2018 14:42:30
0,0,20,0,0,0 7/27/2018 14:42:30
0,0,22,0,0,0 7/27/2018 14:42:30
0,0,21,0,0,0 7/27/2018 14:42:30
0,0,28,0,0,0 7/27/2018 14:42:30
0,0,28,0,0,0 7/27/2018 14:42:30
0,153,4,0,0,0 7/27/2018 14:42:30
0,287,23,0,0,0 7/27/2018 14:42:30
0,223,84,0,0,0 7/27/2018 14:42:30
0,201,89,0,0,0 7/27/2018 14:42:31
0,244,212,0,0,0 7/27/2018 14:42:31
0,255,245,0,0,0 7/27/2018 14:42:31
0,270,331,0,0,0 7/27/2018 14:42:31
0,213,404,0,0,0 7/27/2018 14:42:31
0,156,434,0,0,0 7/27/2018 14:42:31
0,101,438,0,0,0 7/27/2018 14:42:31
0,107,404,0,0,0 7/27/2018 14:42:31
0,95,360,0,0,0 7/27/2018 14:42:31
0,0,289,0,0,0 7/27/2018 14:42:31
0,0,157,0,0,0 7/27/2018 14:42:31
0,0,112,0,0,0 7/27/2018 14:42:31
0,0,39,0,0,0 7/27/2018 14:42:31
0,0,20,0,0,0 7/27/2018 14:42:31
0,0,18,0,0,0 7/27/2018 14:42:31
0,0,7,0,0,0 7/27/2018 14:42:31
0,0,7,0,0,0 7/27/2018 14:42:31
0,0,0,0,0,0 7/27/2018 14:42:31
0,0,0,0,0,0 7/27/2018 14:42:31
0,0,0,0,0,0 7/27/2018 14:42:31
0,0,0,0,0,0 7/27/2018 14:42:31
0,21,0,0,0,0 7/27/2018 14:42:31
0,0,2,0,0,0 7/27/2018 14:42:31
0,52,2,0,0,0 7/27/2018 14:42:32
0,75,2,0,0,0 7/27/2018 14:42:32
0,63,10,0,0,0 7/27/2018 14:42:32
0,79,3,0,0,0 7/27/2018 14:42:32
0,160,0,0,0,0 7/27/2018 14:42:32
0,91,0,0,0,0 7/27/2018 14:42:32
0,152,0,0,0,0 7/27/2018 14:42:32
0,131,4,0,0,0 7/27/2018 14:42:32
0,93,3,117,0,0 7/27/2018 14:42:32
0,82,4,214,0,0 7/27/2018 14:42:32
0,0,0,61,0,0 7/27/2018 14:42:32
0,0,2,0,0,0 7/27/2018 14:42:32
0,0,0,0,0,0 7/27/2018 14:42:32
0,0,0,0,0,0 7/27/2018 14:42:32
0,0,0,0,0,0 7/27/2018 14:42:32
0,1,0,0,0,0 7/27/2018 14:42:32
0,26,0,0,0,0 7/27/2018 14:42:32
0,29,0,0,0,0 7/27/2018 14:42:32
0,28,0,0,0,0 7/27/2018 14:42:32
0,0,0,0,0,0 7/27/2018 14:42:32
0,0,3,0,0,0 7/27/2018 14:42:32
0,0,3,0,0,0 7/27/2018 14:42:32
0,0,2,0,0,0 7/27/2018 14:42:32
0,0,8,0,0,0 7/27/2018 14:42:33
0,0,8,0,0,0 7/27/2018 14:42:33
0,0,7,0,0,0 7/27/2018 14:42:33
0,0,7,0,0,0 7/27/2018 14:42:33
0,0,7,0,0,0 7/27/2018 14:42:33
0,0,14,0,0,0 7/27/2018 14:42:33
0,0,17,0,0,0 7/27/2018 14:42:33
0,0,13,0,0,0 7/27/2018 14:42:33
0,0,3,0,0,0 7/27/2018 14:42:33
0,0,5,0,0,0 7/27/2018 14:42:33
0,0,0,0,0,0 7/27/2018 14:42:33
0,0,1,0,0,0 7/27/2018 14:42:33
0,0,0,0,0,0 7/27/2018 14:42:33
0,0,1,0,0,0 7/27/2018 14:42:33
0,0,0,0,0,0 7/27/2018 14:42:33
0,0,0,0,0,0 7/27/2018 14:42:33
0,0,0,0,0,0 7/27/2018 14:42:33
0,116,0,0,0,0 7/27/2018 14:42:33
0,258,0,0,0,0 7/27/2018 14:42:33
0,382,0,0,0,0 7/27/2018 14:42:33
0,452,18,0,0,0 7/27/2018 14:42:33
0,527,46,0,0,0 7/27/2018 14:42:33
0,549,57,0,0,0 7/27/2018 14:42:33
0,352,27,0,0,0 7/27/2018 14:42:34
0,332,9,138,0,0 7/27/2018 14:42:34
0,243,15,590,0,0 7/27/2018 14:42:34
0,123,0,655,0,0 7/27/2018 14:42:34
0,104,0,649,0,0 7/27/2018 14:42:34
0,96,0,335,0,0 7/27/2018 14:42:34
0,83,0,0,0,0 7/27/2018 14:42:34
0,75,0,0,0,0 7/27/2018 14:42:34
0,70,0,0,0,0 7/27/2018 14:42:34
0,64,0,0,0,0 7/27/2018 14:42:34
0,64,0,0,0,0 7/27/2018 14:42:34
0,1,0,0,0,0 7/27/2018 14:42:34
0,0,0,0,0,0 7/27/2018 14:42:34
0,0,7,0,0,0 7/27/2018 14:42:34
0,75,12,0,0,0 7/27/2018 14:42:34
0,185,19,0,0,0 7/27/2018 14:42:34
0,202,21,0,0,0 7/27/2018 14:42:34
0,182,19,0,0,0 7/27/2018 14:42:34
0,189,15,0,0,0 7/27/2018 14:42:34
0,198,9,0,0,0 7/27/2018 14:42:34
0,234,0,0,0,0 7/27/2018 14:42:34
0,284,0,0,0,0 7/27/2018 14:42:34
0,196,0,0,0,0 7/27/2018 14:42:35
0,67,0,0,0,0 7/27/2018 14:42:35
0,0,0,0,0,0 7/27/2018 14:42:35
0,0,0,415,0,0 7/27/2018 14:42:35
0,56,0,680,0,0 7/27/2018 14:42:35
0,61,0,613,0,0 7/27/2018 14:42:35
0,77,0,298,0,0 7/27/2018 14:42:35
0,73,0,0,0,0 7/27/2018 14:42:35
0,69,0,0,0,0 7/27/2018 14:42:35
0,62,0,0,0,0 7/27/2018 14:42:35
0,63,0,0,0,0 7/27/2018 14:42:35
0,61,0,0,0,0 7/27/2018 14:42:35
0,58,0,0,0,0 7/27/2018 14:42:35
0,3,2,0,0,0 7/27/2018 14:42:35
0,0,17,0,0,0 7/27/2018 14:42:35
0,0,21,0,0,0 7/27/2018 14:42:35
0,0,18,0,0,0 7/27/2018 14:42:35
0,127,18,0,0,0 7/27/2018 14:42:35
0,104,6,0,0,0 7/27/2018 14:42:35
0,127,5,0,0,0 7/27/2018 14:42:35
0,119,19,0,0,0 7/27/2018 14:42:35
0,124,0,0,0,0 7/27/2018 14:42:35
0,221,0,0,0,0 7/27/2018 14:42:35
0,199,0,0,0,0 7/27/2018 14:42:36
0,137,0,0,0,0 7/27/2018 14:42:36
0,0,0,0,0,0 7/27/2018 14:42:36
0,0,0,0,0,0 7/27/2018 14:42:36
0,0,0,258,0,0 7/27/2018 14:42:36
0,0,0,475,0,0 7/27/2018 14:42:36
0,0,0,226,0,0 7/27/2018 14:42:36
0,0,0,86,0,0 7/27/2018 14:42:36
0,0,0,0,0,0 7/27/2018 14:42:36
0,0,13,0,0,0 7/27/2018 14:42:36
0,0,20,0,0,0 7/27/2018 14:42:36
0,136,19,0,0,0 7/27/2018 14:42:36
0,127,22,0,0,0 7/27/2018 14:42:36
0,142,12,0,0,0 7/27/2018 14:42:36
0,118,15,0,0,1 7/27/2018 14:42:36
0,93,19,0,0,0 7/27/2018 14:42:36
0,89,0,0,0,0 7/27/2018 14:42:36
0,138,0,0,0,0 7/27/2018 14:42:36
0,256,0,0,0,0 7/27/2018 14:42:36
0,489,13,0,0,0 7/27/2018 14:42:36
0,572,12,0,0,0 7/27/2018 14:42:36
0,589,32,0,0,0 7/27/2018 14:42:36
0,614,75,0,0,0 7/27/2018 14:42:36
0,619,84,0,0,0 7/27/2018 14:42:37
0,614,119,0,0,0 7/27/2018 14:42:37
0,622,272,0,0,0 7/27/2018 14:42:37
0,637,368,123,0,0 7/27/2018 14:42:37
0,631,414,276,0,0 7/27/2018 14:42:37
0,611,425,336,0,0 7/27/2018 14:42:37
0,569,434,375,0,0 7/27/2018 14:42:37
0,491,464,371,0,0 7/27/2018 14:42:37
0,453,438,358,0,0 7/27/2018 14:42:37
0,434,435,350,0,0 7/27/2018 14:42:37
0,438,402,299,0,0 7/27/2018 14:42:37
0,441,354,205,0,0 7/27/2018 14:42:37
0,452,210,103,0,0 7/27/2018 14:42:37
0,463,122,38,0,0 7/27/2018 14:42:37
0,439,60,0,0,0 7/27/2018 14:42:37
0,411,11,42,0,0 7/27/2018 14:42:37
0,302,11,0,0,0 7/27/2018 14:42:37
0,258,10,0,0,0 7/27/2018 14:42:37
0,215,7,0,0,0 7/27/2018 14:42:37
0,196,8,0,0,0 7/27/2018 14:42:37
0,186,12,0,0,0 7/27/2018 14:42:37
