0,0,7,0,0,0 7/27/2018 14:43:24
0,0,7,0,0,0 7/27/2018 14:43:24
0,0,9,0,0,0 7/27/2018 14:43:24
0,0,11,0,0,0 7/27/2018 14:43:24
0,0,11,0,0,0 7/27/2018 14:43:24
0,0,8,0,0,0 7/27/2018 14:43:24
0,0,10,0,0,0 7/27/2018 14:43:24
0,4,8,0,0,0 7/27/2018 14:43:24
0,5,8,0,0,0 7/27/2018 14:43:24
0,49,10,0,0,0 7/27/2018 14:43:24
0,77,6,0,0,0 7/27/2018 14:43:24
0,130,4,0,0,0 7/27/2018 14:43:24
0,219,22,0,0,0 7/27/2018 14:43:24
0,0,60,0,0,0 7/27/2018 14:43:25
0,0,70,0,0,0 7/27/2018 14:43:25
0,0,77,0,0,0 7/27/2018 14:43:25
0,0,31,0,0,0 7/27/2018 14:43:25
0,0,2,0,0,0 7/27/2018 14:43:25
0,0,0,0,0,0 7/27/2018 14:43:25
0,0,0,0,0,0 7/27/2018 14:43:25
0,0,0,0,0,0 7/27/2018 14:43:25
0,0,0,0,0,0 7/27/2018 14:43:25
0,0,138,0,0,0 7/27/2018 14:43:25
0,0,423,0,0,0 7/27/2018 14:43:25
0,0,426,0,0,0 7/27/2018 14:43:25
0,0,431,0,0,0 7/27/2018 14:43:25
0,0,453,0,0,0 7/27/2018 14:43:25
0,0,471,0,0,0 7/27/2018 14:43:25
0,0,483,0,0,0 7/27/2018 14:43:25
0,0,432,0,0,0 7/27/2018 14:43:25
0,0,329,0,0,0 7/27/2018 14:43:25
0,0,139,0,0,0 7/27/2018 14:43:25
0,0,242,0,0,0 7/27/2018 14:43:25
0,0,267,0,0,0 7/27/2018 14:43:25
0,0,86,0,0,0 7/27/2018 14:43:25
0,0,0,0,0,0 7/27/2018 14:43:25
0,0,242,0,0,0 7/27/2018 14:43:26
0,0,451,0,0,0 7/27/2018 14:43:26
0,0,441,0,0,0 7/27/2018 14:43:26
0,0,423,0,0,0 7/27/2018 14:43:26
0,0,470,0,0,0 7/27/2018 14:43:26
0,0,257,0,0,0 7/27/2018 14:43:26
0,0,22,0,0,0 7/27/2018 14:43:26
0,0,0,0,0,0 7/27/2018 14:43:26
0,0,0,0,0,0 7/27/2018 14:43:26
0,0,0,0,0,0 7/27/2018 14:43:26
0,0,0,0,0,0 7/27/2018 14:43:26
0,0,0,0,0,0 7/27/2018 14:43:26
0,0,0,0,0,0 7/27/2018 14:43:26
0,0,0,0,0,0 7/27/2018 14:43:26
0,0,0,0,0,0 7/27/2018 14:43:26
0,0,11,0,0,0 7/27/2018 14:43:26
0,0,70,0,0,0 7/27/2018 14:43:26
0,0,136,0,0,0 7/27/2018 14:43:26
0,0,108,0,0,0 7/27/2018 14:43:26
0,0,64,0,0,0 7/27/2018 14:43:26
0,0,110,0,0,0 7/27/2018 14:43:26
0,0,0,0,0,0 7/27/2018 14:43:26
0,0,0,0,0,0 7/27/2018 14:43:27
0,0,0,0,0,0 7/27/2018 14:43:27
0,0,16,0,0,0 7/27/2018 14:43:27
0,0,26,0,0,0 7/27/2018 14:43:27
0,0,28,0,0,0 7/27/2018 14:43:27
0,0,38,0,0,0 7/27/2018 14:43:27
0,0,17,0,0,0 7/27/2018 14:43:27
0,0,5,0,0,0 7/27/2018 14:43:27
0,0,24,0,0,0 7/27/2018 14:43:27
0,0,45,0,0,0 7/27/2018 14:43:27
0,0,118,0,0,0 7/27/2018 14:43:27
0,0,75,0,0,0 7/27/2018 14:43:27
0,0,80,0,0,0 7/27/2018 14:43:27
0,0,82,0,0,0 7/27/2018 14:43:27
0,0,17,0,0,0 7/27/2018 14:43:27
0,0,33,0,0,0 7/27/2018 14:43:27
0,0,32,0,0,0 7/27/2018 14:43:27
0,0,66,0,0,0 7/27/2018 14:43:27
0,0,113,0,0,0 7/27/2018 14:43:27
0,0,52,0,0,0 7/27/2018 14:43:27
0,0,32,0,0,0 7/27/2018 14:43:27
0,0,35,0,0,0 7/27/2018 14:43:27
0,0,34,0,0,0 7/27/2018 14:43:27
0,0,28,0,0,0 7/27/2018 14:43:28
0,0,34,0,0,0 7/27/2018 14:43:28
0,0,29,0,0,0 7/27/2018 14:43:28
0,0,10,0,0,0 7/27/2018 14:43:28
0,0,5,0,0,0 7/27/2018 14:43:28
0,0,0,0,0,0 7/27/2018 14:43:28
0,0,0,0,0,0 7/27/2018 14:43:28
0,0,0,0,0,0 7/27/2018 14:43:28
0,0,0,0,0,0 7/27/2018 14:43:28
0,0,0,0,0,0 7/27/2018 14:43:28
0,0,54,0,0,0 7/27/2018 14:43:28
0,0,284,0,0,0 7/27/2018 14:43:28
0,0,416,0,0,0 7/27/2018 14:43:28
0,0,504,0,0,0 7/27/2018 14:43:28
0,0,418,0,0,0 7/27/2018 14:43:28
0,0,332,0,0,0 7/27/2018 14:43:28
0,0,309,0,0,0 7/27/2018 14:43:28
0,0,210,0,0,0 7/27/2018 14:43:28
0,0,182,0,0,0 7/27/2018 14:43:28
0,0,142,0,0,0 7/27/2018 14:43:28
0,0,92,0,0,0 7/27/2018 14:43:28
0,0,80,0,0,0 7/27/2018 14:43:28
0,0,91,0,0,0 7/27/2018 14:43:28
0,0,83,0,0,0 7/27/2018 14:43:29
0,0,117,0,0,0 7/27/2018 14:43:29
0,0,140,0,0,0 7/27/2018 14:43:29
0,0,131,0,0,0 7/27/2018 14:43:29
0,0,145,0,0,0 7/27/2018 14:43:29
0,0,136,0,0,0 7/27/2018 14:43:29
0,0,130,0,0,0 7/27/2018 14:43:29
0,0,112,0,0,0 7/27/2018 14:43:29
0,0,117,0,0,0 7/27/2018 14:43:29
0,0,97,0,0,0 7/27/2018 14:43:29
0,0,123,0,0,0 7/27/2018 14:43:29
0,0,117,0,0,0 7/27/2018 14:43:29
0,0,109,0,0,0 7/27/2018 14:43:29
0,0,201,0,0,0 7/27/2018 14:43:29
0,0,300,0,0,0 7/27/2018 14:43:29
0,0,222,0,0,0 7/27/2018 14:43:29
0,0,204,0,0,0 7/27/2018 14:43:29
0,0,73,0,0,0 7/27/2018 14:43:29
0,0,0,0,0,0 7/27/2018 14:43:29
0,0,0,0,0,0 7/27/2018 14:43:29
0,0,30,0,0,0 7/27/2018 14:43:29
0,0,55,0,0,0 7/27/2018 14:43:29
0,0,112,0,0,0 7/27/2018 14:43:30
0,0,75,0,0,0 7/27/2018 14:43:30
0,0,13,0,0,0 7/27/2018 14:43:30
0,0,0,0,0,0 7/27/2018 14:43:30
0,0,0,0,0,0 7/27/2018 14:43:30
0,0,0,0,0,0 7/27/2018 14:43:30
0,0,0,0,0,0 7/27/2018 14:43:30
0,0,0,0,0,0 7/27/2018 14:43:30
0,0,0,0,0,0 7/27/2018 14:43:30
0,0,0,0,0,0 7/27/2018 14:43:30
0,0,0,0,0,0 7/27/2018 14:43:30
0,0,0,0,0,0 7/27/2018 14:43:30
0,0,0,0,0,0 7/27/2018 14:43:30
0,0,0,0,0,0 7/27/2018 14:43:30
0,0,0,0,0,0 7/27/2018 14:43:30
0,0,0,0,0,0 7/27/2018 14:43:30
0,0,16,0,0,0 7/27/2018 14:43:30
0,0,0,0,0,0 7/27/2018 14:43:30
0,0,0,0,0,0 7/27/2018 14:43:30
0,0,0,0,0,0 7/27/2018 14:43:30
0,0,0,0,0,1 7/27/2018 14:43:30
0,0,0,0,0,0 7/27/2018 14:43:30
0,0,0,0,0,0 7/27/2018 14:43:30
0,0,0,0,0,0 7/27/2018 14:43:31
0,0,0,0,0,0 7/27/2018 14:43:31
0,0,0,0,0,0 7/27/2018 14:43:31
0,0,0,0,0,0 7/27/2018 14:43:31
0,0,0,0,0,0 7/27/2018 14:43:31
0,0,0,0,0,0 7/27/2018 14:43:31
0,0,0,0,0,0 7/27/2018 14:43:31
0,0,0,0,0,0 7/27/2018 14:43:31
0,0,0,0,0,0 7/27/2018 14:43:31
0,0,0,0,0,0 7/27/2018 14:43:31
0,0,0,0,0,0 7/27/2018 14:43:31
0,0,0,0,0,0 7/27/2018 14:43:31
0,0,0,0,0,0 7/27/2018 14:43:31
0,0,0,0,0,0 7/27/2018 14:43:31
0,0,0,0,0,0 7/27/2018 14:43:31
0,0,0,0,0,0 7/27/2018 14:43:31
0,0,0,0,0,0 7/27/2018 14:43:31
0,0,0,0,0,0 7/27/2018 14:43:31
0,0,0,0,0,0 7/27/2018 14:43:31
0,0,0,0,0,0 7/27/2018 14:43:31
0,0,0,0,0,0 7/27/2018 14:43:31
0,0,0,0,0,0 7/27/2018 14:43:31
0,0,0,0,0,0 7/27/2018 14:43:31
0,0,5,0,0,0 7/27/2018 14:43:32
0,0,9,0,0,0 7/27/2018 14:43:32
0,0,27,0,0,0 7/27/2018 14:43:32
0,0,48,0,0,0 7/27/2018 14:43:32
0,0,50,0,0,0 7/27/2018 14:43:32
0,0,49,0,0,0 7/27/2018 14:43:32
0,0,44,0,0,0 7/27/2018 14:43:32
0,0,44,0,0,0 7/27/2018 14:43:32
0,0,44,0,0,0 7/27/2018 14:43:32
0,0,40,0,0,0 7/27/2018 14:43:32
0,0,37,0,0,0 7/27/2018 14:43:32
0,0,39,0,0,0 7/27/2018 14:43:32
0,0,35,0,0,0 7/27/2018 14:43:32
0,0,35,0,0,0 7/27/2018 14:43:32
0,0,19,0,0,0 7/27/2018 14:43:32
0,0,25,0,0,0 7/27/2018 14:43:32
0,0,35,0,0,0 7/27/2018 14:43:32
0,0,35,0,0,0 7/27/2018 14:43:32
0,0,34,0,0,0 7/27/2018 14:43:32
0,0,34,0,0,0 7/27/2018 14:43:32
0,0,37,0,0,0 7/27/2018 14:43:32
0,0,36,0,0,0 7/27/2018 14:43:32
0,0,11,0,0,0 7/27/2018 14:43:32
0,0,9,0,0,0 7/27/2018 14:43:33
0,0,5,0,0,0 7/27/2018 14:43:33
0,0,0,0,0,0 7/27/2018 14:43:33
0,0,0,0,0,0 7/27/2018 14:43:33
0,0,0,0,0,0 7/27/2018 14:43:33
0,0,0,0,0,0 7/27/2018 14:43:33
0,0,0,0,0,0 7/27/2018 14:43:33
0,0,3,0,0,0 7/27/2018 14:43:33
0,0,8,0,0,0 7/27/2018 14:43:33
0,0,11,0,0,0 7/27/2018 14:43:33
0,0,12,0,0,0 7/27/2018 14:43:33
0,0,13,0,0,0 7/27/2018 14:43:33
0,0,13,0,0,0 7/27/2018 14:43:33
0,0,0,0,0,0 7/27/2018 14:43:33
0,0,5,0,0,0 7/27/2018 14:43:33
0,0,6,0,0,0 7/27/2018 14:43:33
0,0,0,0,0,0 7/27/2018 14:43:33
0,0,0,0,0,0 7/27/2018 14:43:33
0,0,0,0,0,0 7/27/2018 14:43:33
0,0,4,0,0,0 7/27/2018 14:43:33
0,0,2,0,0,0 7/27/2018 14:43:33
0,0,4,0,0,0 7/27/2018 14:43:33
0,0,6,0,0,0 7/27/2018 14:43:34
0,0,18,0,0,0 7/27/2018 14:43:34
0,0,20,0,0,0 7/27/2018 14:43:34
0,0,8,0,0,0 7/27/2018 14:43:34
0,0,3,0,0,0 7/27/2018 14:43:34
0,0,3,0,0,0 7/27/2018 14:43:34
0,0,6,0,0,0 7/27/2018 14:43:34
0,0,3,0,0,0 7/27/2018 14:43:34
0,0,4,0,0,0 7/27/2018 14:43:34
0,0,6,0,0,0 7/27/2018 14:43:34
0,0,5,0,0,0 7/27/2018 14:43:34
0,0,7,0,0,0 7/27/2018 14:43:34
0,0,8,0,0,0 7/27/2018 14:43:34
0,0,7,0,0,0 7/27/2018 14:43:34
0,0,6,0,0,0 7/27/2018 14:43:34
0,0,5,0,0,0 7/27/2018 14:43:34
0,0,3,0,0,0 7/27/2018 14:43:34
0,0,4,0,0,0 7/27/2018 14:43:34
0,0,0,0,0,0 7/27/2018 14:43:34
0,0,0,0,0,0 7/27/2018 14:43:34
0,0,0,0,0,0 7/27/2018 14:43:34
0,0,0,0,0,0 7/27/2018 14:43:34
0,0,0,0,0,0 7/27/2018 14:43:34
0,0,0,0,0,0 7/27/2018 14:43:35
0,0,8,0,0,0 7/27/2018 14:43:35
0,0,37,0,0,0 7/27/2018 14:43:35
0,0,50,0,0,0 7/27/2018 14:43:35
0,0,48,0,0,0 7/27/2018 14:43:35
0,0,49,0,0,0 7/27/2018 14:43:35
0,0,48,0,0,0 7/27/2018 14:43:35
0,0,62,0,0,0 7/27/2018 14:43:35
0,0,58,0,0,0 7/27/2018 14:43:35
0,0,48,0,0,0 7/27/2018 14:43:35
0,0,8,0,0,0 7/27/2018 14:43:35
0,0,0,0,0,0 7/27/2018 14:43:35
