0,0,22,0,0,0 7/27/2018 14:45:46
0,0,22,0,0,0 7/27/2018 14:45:46
0,0,22,0,0,0 7/27/2018 14:45:46
0,0,22,0,0,0 7/27/2018 14:45:46
0,0,23,0,0,0 7/27/2018 14:45:46
0,0,22,0,0,0 7/27/2018 14:45:46
0,0,21,0,0,0 7/27/2018 14:45:46
0,0,17,0,0,0 7/27/2018 14:45:46
0,0,19,0,0,0 7/27/2018 14:45:46
0,0,18,0,0,0 7/27/2018 14:45:46
0,0,15,0,0,0 7/27/2018 14:45:46
0,0,17,0,0,0 7/27/2018 14:45:46
0,0,18,0,0,0 7/27/2018 14:45:46
0,0,10,0,0,0 7/27/2018 14:45:46
0,0,6,0,0,0 7/27/2018 14:45:46
0,0,8,0,0,0 7/27/2018 14:45:46
0,0,0,0,0,0 7/27/2018 14:45:47
0,0,0,0,0,0 7/27/2018 14:45:47
0,0,0,0,0,0 7/27/2018 14:45:47
0,0,0,0,0,0 7/27/2018 14:45:47
0,0,0,0,0,0 7/27/2018 14:45:47
0,0,0,0,0,0 7/27/2018 14:45:47
0,0,0,0,0,0 7/27/2018 14:45:47
0,0,0,0,0,0 7/27/2018 14:45:47
0,0,0,0,0,0 7/27/2018 14:45:47
0,0,0,40,0,0 7/27/2018 14:45:47
0,0,1,0,0,0 7/27/2018 14:45:47
0,0,0,0,0,0 7/27/2018 14:45:47
0,0,0,0,0,0 7/27/2018 14:45:47
0,0,0,0,0,0 7/27/2018 14:45:47
0,0,0,0,0,0 7/27/2018 14:45:47
0,0,0,0,0,0 7/27/2018 14:45:47
0,0,0,0,0,0 7/27/2018 14:45:47
0,0,0,0,0,0 7/27/2018 14:45:47
0,0,0,0,0,0 7/27/2018 14:45:47
0,0,0,0,0,0 7/27/2018 14:45:47
0,0,0,0,0,0 7/27/2018 14:45:47
0,0,0,0,0,0 7/27/2018 14:45:47
0,0,0,0,0,0 7/27/2018 14:45:47
0,0,0,0,0,0 7/27/2018 14:45:48
0,0,0,0,0,0 7/27/2018 14:45:48
0,0,0,0,0,0 7/27/2018 14:45:48
0,0,0,0,0,0 7/27/2018 14:45:48
0,0,0,0,0,0 7/27/2018 14:45:48
0,0,0,0,0,0 7/27/2018 14:45:48
0,0,0,0,0,0 7/27/2018 14:45:48
0,0,0,0,0,0 7/27/2018 14:45:48
0,0,0,0,0,0 7/27/2018 14:45:48
0,0,0,0,0,0 7/27/2018 14:45:48
0,0,0,0,0,0 7/27/2018 14:45:48
0,0,0,0,0,0 7/27/2018 14:45:48
0,0,0,0,0,0 7/27/2018 14:45:48
0,0,0,0,0,0 7/27/2018 14:45:48
0,0,0,0,0,0 7/27/2018 14:45:48
0,0,0,0,0,0 7/27/2018 14:45:48
0,0,0,0,0,0 7/27/2018 14:45:48
0,0,0,0,0,0 7/27/2018 14:45:48
0,0,0,0,0,0 7/27/2018 14:45:48
0,0,0,0,0,0 7/27/2018 14:45:48
0,0,0,0,0,0 7/27/2018 14:45:48
0,0,0,0,0,0 7/27/2018 14:45:48
0,0,0,0,0,0 7/27/2018 14:45:48
0,0,0,0,0,0 7/27/2018 14:45:49
0,0,0,0,0,0 7/27/2018 14:45:49
0,0,0,0,0,0 7/27/2018 14:45:49
0,0,0,0,0,0 7/27/2018 14:45:49
0,0,0,0,0,0 7/27/2018 14:45:49
0,0,0,0,0,0 7/27/2018 14:45:49
0,0,0,0,0,0 7/27/2018 14:45:49
0,0,0,0,0,0 7/27/2018 14:45:49
0,0,0,0,0,0 7/27/2018 14:45:49
0,0,0,0,0,0 7/27/2018 14:45:49
0,0,0,0,0,0 7/27/2018 14:45:49
0,0,0,387,0,0 7/27/2018 14:45:49
0,0,0,132,0,0 7/27/2018 14:45:49
0,0,0,0,0,0 7/27/2018 14:45:49
0,0,0,0,0,0 7/27/2018 14:45:49
0,0,0,0,0,0 7/27/2018 14:45:49
0,0,0,0,0,0 7/27/2018 14:45:49
0,0,0,0,0,0 7/27/2018 14:45:49
0,0,0,0,0,0 7/27/2018 14:45:49
0,0,0,0,0,0 7/27/2018 14:45:49
0,0,0,0,0,0 7/27/2018 14:45:49
0,0,0,0,0,0 7/27/2018 14:45:49
0,0,0,0,0,0 7/27/2018 14:45:50
0,0,0,0,0,0 7/27/2018 14:45:50
0,0,0,0,0,0 7/27/2018 14:45:50
0,0,0,0,0,0 7/27/2018 14:45:50
0,0,0,0,0,0 7/27/2018 14:45:50
0,3,0,15,0,0 7/27/2018 14:45:50
0,49,0,46,0,0 7/27/2018 14:45:50
0,63,0,25,0,0 7/27/2018 14:45:50
0,34,0,0,0,0 7/27/2018 14:45:50
0,0,0,0,0,0 7/27/2018 14:45:50
0,0,0,0,0,0 7/27/2018 14:45:50
0,0,0,0,0,0 7/27/2018 14:45:50
0,0,0,0,0,0 7/27/2018 14:45:50
0,0,0,0,0,0 7/27/2018 14:45:50
0,0,0,0,0,0 7/27/2018 14:45:50
0,0,0,0,0,0 7/27/2018 14:45:50
0,0,0,0,0,0 7/27/2018 14:45:50
0,0,0,0,0,0 7/27/2018 14:45:50
0,0,0,0,0,0 7/27/2018 14:45:50
0,0,0,0,0,0 7/27/2018 14:45:50
0,0,0,0,0,0 7/27/2018 14:45:50
0,0,0,0,0,0 7/27/2018 14:45:50
0,0,0,0,0,0 7/27/2018 14:45:50
0,0,19,0,0,0 7/27/2018 14:45:51
0,0,17,0,0,0 7/27/2018 14:45:51
0,0,18,0,0,0 7/27/2018 14:45:51
0,0,29,0,0,0 7/27/2018 14:45:51
0,0,10,0,0,0 7/27/2018 14:45:51
0,0,39,0,0,0 7/27/2018 14:45:51
0,0,40,0,0,0 7/27/2018 14:45:51
0,0,41,0,0,0 7/27/2018 14:45:51
0,0,48,0,0,0 7/27/2018 14:45:51
0,0,48,0,0,0 7/27/2018 14:45:51
0,0,42,0,0,0 7/27/2018 14:45:51
0,0,38,0,0,0 7/27/2018 14:45:51
0,0,11,0,0,0 7/27/2018 14:45:51
0,0,27,0,0,0 7/27/2018 14:45:51
0,0,7,0,0,0 7/27/2018 14:45:51
0,0,0,0,0,0 7/27/2018 14:45:51
0,0,7,0,0,0 7/27/2018 14:45:51
0,0,1,0,0,0 7/27/2018 14:45:51
0,0,0,0,0,0 7/27/2018 14:45:51
0,0,1,0,0,0 7/27/2018 14:45:51
0,0,1,0,0,0 7/27/2018 14:45:51
0,0,0,0,0,0 7/27/2018 14:45:51
0,0,0,0,0,0 7/27/2018 14:45:51
0,0,5,0,0,0 7/27/2018 14:45:52
0,0,9,0,0,0 7/27/2018 14:45:52
0,0,9,0,0,0 7/27/2018 14:45:52
0,0,8,0,0,0 7/27/2018 14:45:52
0,0,35,512,0,0 7/27/2018 14:45:52
0,0,0,102,0,0 7/27/2018 14:45:52
0,0,0,68,0,0 7/27/2018 14:45:52
0,0,0,37,0,0 7/27/2018 14:45:52
0,0,0,68,0,0 7/27/2018 14:45:52
0,0,0,42,0,0 7/27/2018 14:45:52
0,0,0,0,0,0 7/27/2018 14:45:52
0,0,0,0,0,0 7/27/2018 14:45:52
0,0,0,0,0,0 7/27/2018 14:45:52
0,0,0,0,0,0 7/27/2018 14:45:52
0,0,0,0,0,0 7/27/2018 14:45:52
0,0,0,0,0,0 7/27/2018 14:45:52
0,0,0,0,0,0 7/27/2018 14:45:52
0,0,0,0,0,0 7/27/2018 14:45:52
0,0,0,0,0,0 7/27/2018 14:45:52
0,0,0,0,0,0 7/27/2018 14:45:52
0,0,0,0,0,0 7/27/2018 14:45:52
0,0,0,0,0,0 7/27/2018 14:45:52
0,0,0,0,0,0 7/27/2018 14:45:53
0,0,0,0,0,0 7/27/2018 14:45:53
0,0,0,0,0,0 7/27/2018 14:45:53
0,0,0,0,0,0 7/27/2018 14:45:53
0,0,0,0,0,0 7/27/2018 14:45:53
0,0,0,0,0,0 7/27/2018 14:45:53
0,0,0,0,0,0 7/27/2018 14:45:53
0,0,7,0,0,0 7/27/2018 14:45:53
0,0,0,0,0,0 7/27/2018 14:45:53
0,0,4,0,0,0 7/27/2018 14:45:53
0,0,11,0,0,0 7/27/2018 14:45:53
0,0,19,0,0,0 7/27/2018 14:45:53
0,0,10,0,0,0 7/27/2018 14:45:53
0,0,6,14,0,0 7/27/2018 14:45:53
0,0,18,0,0,0 7/27/2018 14:45:53
0,0,9,0,0,0 7/27/2018 14:45:53
0,0,0,0,0,0 7/27/2018 14:45:53
0,0,0,0,0,0 7/27/2018 14:45:53
0,0,0,0,0,0 7/27/2018 14:45:53
0,0,0,0,0,0 7/27/2018 14:45:53
0,0,0,0,0,0 7/27/2018 14:45:53
0,0,0,0,0,0 7/27/2018 14:45:53
0,0,0,0,0,0 7/27/2018 14:45:53
0,0,0,0,0,0 7/27/2018 14:45:54
0,0,0,0,0,0 7/27/2018 14:45:54
0,0,0,0,0,0 7/27/2018 14:45:54
0,0,0,0,0,0 7/27/2018 14:45:54
0,0,0,0,0,0 7/27/2018 14:45:54
0,0,0,0,0,0 7/27/2018 14:45:54
0,0,0,0,0,0 7/27/2018 14:45:54
0,0,0,0,0,0 7/27/2018 14:45:54
0,0,0,0,0,0 7/27/2018 14:45:54
0,0,0,0,0,0 7/27/2018 14:45:54
0,0,9,0,0,0 7/27/2018 14:45:54
0,0,13,0,0,0 7/27/2018 14:45:54
0,0,15,34,0,0 7/27/2018 14:45:54
0,0,0,0,0,0 7/27/2018 14:45:54
0,0,0,0,0,0 7/27/2018 14:45:54
0,0,0,0,0,0 7/27/2018 14:45:54
0,0,0,0,0,0 7/27/2018 14:45:54
0,0,0,0,0,0 7/27/2018 14:45:54
0,0,0,0,0,0 7/27/2018 14:45:54
0,0,0,0,0,0 7/27/2018 14:45:54
0,0,0,0,0,0 7/27/2018 14:45:54
0,0,0,0,0,0 7/27/2018 14:45:54
0,0,0,0,0,0 7/27/2018 14:45:54
0,0,0,0,0,0 7/27/2018 14:45:55
0,0,0,0,0,0 7/27/2018 14:45:55
0,0,0,0,0,0 7/27/2018 14:45:55
0,0,0,0,0,0 7/27/2018 14:45:55
0,0,0,0,0,0 7/27/2018 14:45:55
0,0,0,0,0,0 7/27/2018 14:45:55
0,0,0,0,0,0 7/27/2018 14:45:55
0,0,0,0,0,0 7/27/2018 14:45:55
0,0,0,0,0,0 7/27/2018 14:45:55
0,0,0,0,0,0 7/27/2018 14:45:55
0,0,0,0,0,0 7/27/2018 14:45:55
0,0,0,0,0,0 7/27/2018 14:45:55
0,0,0,0,0,0 7/27/2018 14:45:55
0,0,0,0,0,0 7/27/2018 14:45:55
0,0,0,0,0,0 7/27/2018 14:45:55
0,0,0,0,0,0 7/27/2018 14:45:55
0,0,0,0,0,0 7/27/2018 14:45:55
0,0,0,0,0,0 7/27/2018 14:45:55
0,0,0,0,0,0 7/27/2018 14:45:55
0,0,0,0,0,0 7/27/2018 14:45:55
0,0,0,0,0,0 7/27/2018 14:45:55
0,0,0,0,0,0 7/27/2018 14:45:55
0,0,0,0,0,0 7/27/2018 14:45:55
0,0,0,0,0,0 7/27/2018 14:45:56
0,0,0,0,0,0 7/27/2018 14:45:56
0,0,0,0,0,0 7/27/2018 14:45:56
0,0,0,0,0,0 7/27/2018 14:45:56
0,0,0,0,0,0 7/27/2018 14:45:56
0,0,0,0,0,0 7/27/2018 14:45:56
0,0,0,0,0,0 7/27/2018 14:45:56
0,0,0,0,0,0 7/27/2018 14:45:56
0,0,0,0,0,0 7/27/2018 14:45:56
0,0,0,0,0,0 7/27/2018 14:45:56
0,0,0,0,0,0 7/27/2018 14:45:56
0,0,0,0,0,0 7/27/2018 14:45:56
0,0,0,0,0,0 7/27/2018 14:45:56
0,0,0,0,0,0 7/27/2018 14:45:56
0,0,0,0,0,0 7/27/2018 14:45:56
0,0,0,0,0,0 7/27/2018 14:45:56
0,0,0,0,0,0 7/27/2018 14:45:56
0,0,0,0,0,0 7/27/2018 14:45:56
0,0,0,0,0,0 7/27/2018 14:45:56
0,0,0,0,0,0 7/27/2018 14:45:56
0,0,0,0,0,0 7/27/2018 14:45:56
0,0,0,0,0,0 7/27/2018 14:45:56
0,0,0,0,0,0 7/27/2018 14:45:57
0,0,0,0,0,0 7/27/2018 14:45:57
0,0,0,0,0,0 7/27/2018 14:45:57
0,0,0,0,0,0 7/27/2018 14:45:57
0,0,0,0,0,0 7/27/2018 14:45:57
0,0,0,0,0,0 7/27/2018 14:45:57
0,0,0,0,0,0 7/27/2018 14:45:57
0,0,0,0,0,0 7/27/2018 14:45:57
0,0,0,0,0,0 7/27/2018 14:45:57
0,0,0,0,0,0 7/27/2018 14:45:57
0,0,0,0,0,0 7/27/2018 14:45:57
0,0,0,0,0,0 7/27/2018 14:45:57
0,0,0,0,0,0 7/27/2018 14:45:57
0,0,0,0,0,0 7/27/2018 14:45:57
0,0,0,0,0,0 7/27/2018 14:45:57
0,0,0,0,0,0 7/27/2018 14:45:57
0,0,0,0,0,0 7/27/2018 14:45:57
0,0,0,0,0,0 7/27/2018 14:45:57
0,0,0,0,0,0 7/27/2018 14:45:57
0,0,0,0,0,0 7/27/2018 14:45:57
0,0,1,0,0,0 7/27/2018 14:45:57
0,0,1,0,0,0 7/27/2018 14:45:57
0,0,0,0,0,0 7/27/2018 14:45:57
0,0,0,0,0,0 7/27/2018 14:45:58
0,0,0,0,0,0 7/27/2018 14:45:58
0,0,0,0,0,0 7/27/2018 14:45:58
0,0,0,0,0,0 7/27/2018 14:45:58
0,0,0,0,0,0 7/27/2018 14:45:58
