0,0,0,0,0,0 7/27/2018 14:46:44
0,0,0,0,0,0 7/27/2018 14:46:44
0,0,0,0,0,0 7/27/2018 14:46:44
0,0,0,0,0,0 7/27/2018 14:46:44
0,0,0,0,0,0 7/27/2018 14:46:44
0,0,0,0,0,0 7/27/2018 14:46:44
0,0,0,0,0,0 7/27/2018 14:46:44
0,0,0,0,0,0 7/27/2018 14:46:44
0,0,0,0,0,0 7/27/2018 14:46:44
0,0,0,0,0,0 7/27/2018 14:46:44
0,0,0,0,0,0 7/27/2018 14:46:45
0,0,0,0,0,0 7/27/2018 14:46:45
0,0,0,0,0,0 7/27/2018 14:46:45
0,0,0,0,0,0 7/27/2018 14:46:45
0,0,0,0,0,0 7/27/2018 14:46:45
0,0,0,0,0,0 7/27/2018 14:46:45
0,0,0,0,0,0 7/27/2018 14:46:45
0,0,0,0,0,0 7/27/2018 14:46:45
0,0,0,0,0,0 7/27/2018 14:46:45
0,0,0,0,0,0 7/27/2018 14:46:45
0,0,0,0,0,0 7/27/2018 14:46:45
0,0,0,0,0,0 7/27/2018 14:46:45
0,0,0,0,0,0 7/27/2018 14:46:45
0,0,0,0,0,0 7/27/2018 14:46:45
0,0,0,0,0,0 7/27/2018 14:46:45
0,0,0,0,0,0 7/27/2018 14:46:45
0,0,0,0,0,0 7/27/2018 14:46:45
0,0,0,0,0,0 7/27/2018 14:46:45
0,0,0,0,0,0 7/27/2018 14:46:45
0,0,0,0,0,0 7/27/2018 14:46:45
0,0,0,0,0,0 7/27/2018 14:46:45
0,0,0,0,0,0 7/27/2018 14:46:45
0,0,0,0,0,0 7/27/2018 14:46:45
0,0,0,0,0,0 7/27/2018 14:46:46
0,0,0,0,0,0 7/27/2018 14:46:46
0,0,0,0,0,0 7/27/2018 14:46:46
0,0,0,0,0,0 7/27/2018 14:46:46
0,0,0,0,0,0 7/27/2018 14:46:46
0,0,15,0,0,0 7/27/2018 14:46:46
0,0,0,0,0,0 7/27/2018 14:46:46
0,0,0,0,0,0 7/27/2018 14:46:46
0,0,0,0,0,0 7/27/2018 14:46:46
0,0,0,0,0,0 7/27/2018 14:46:46
0,0,0,0,0,0 7/27/2018 14:46:46
0,0,0,0,0,0 7/27/2018 14:46:46
0,0,0,0,0,0 7/27/2018 14:46:46
0,0,0,0,0,0 7/27/2018 14:46:46
0,0,0,0,0,0 7/27/2018 14:46:46
0,0,0,0,0,0 7/27/2018 14:46:46
0,0,0,0,0,0 7/27/2018 14:46:46
0,0,0,0,0,0 7/27/2018 14:46:46
0,0,0,0,0,0 7/27/2018 14:46:46
0,0,0,0,0,0 7/27/2018 14:46:46
0,0,0,0,0,0 7/27/2018 14:46:46
0,0,0,0,0,0 7/27/2018 14:46:46
0,0,0,0,0,0 7/27/2018 14:46:46
0,0,0,0,0,0 7/27/2018 14:46:47
0,0,0,0,0,0 7/27/2018 14:46:47
0,0,0,0,0,0 7/27/2018 14:46:47
0,0,0,0,0,0 7/27/2018 14:46:47
0,0,0,0,0,0 7/27/2018 14:46:47
0,0,0,0,0,0 7/27/2018 14:46:47
0,0,0,0,0,0 7/27/2018 14:46:47
0,0,0,0,0,0 7/27/2018 14:46:47
0,0,0,0,0,0 7/27/2018 14:46:47
0,0,0,0,0,0 7/27/2018 14:46:47
0,0,0,0,0,0 7/27/2018 14:46:47
0,0,0,0,0,0 7/27/2018 14:46:47
0,0,0,0,0,0 7/27/2018 14:46:47
0,0,0,0,0,0 7/27/2018 14:46:47
0,0,0,0,0,0 7/27/2018 14:46:47
0,0,0,0,0,0 7/27/2018 14:46:47
0,0,0,0,0,0 7/27/2018 14:46:47
0,0,0,0,0,0 7/27/2018 14:46:47
0,0,0,0,0,0 7/27/2018 14:46:47
0,0,0,0,0,0 7/27/2018 14:46:47
0,0,0,0,0,0 7/27/2018 14:46:47
0,0,0,0,0,0 7/27/2018 14:46:47
0,0,0,0,0,0 7/27/2018 14:46:48
0,0,0,0,0,0 7/27/2018 14:46:48
0,0,0,0,0,0 7/27/2018 14:46:48
0,0,0,0,0,0 7/27/2018 14:46:48
0,0,0,0,0,0 7/27/2018 14:46:48
0,0,0,0,0,0 7/27/2018 14:46:48
0,0,0,0,0,0 7/27/2018 14:46:48
0,0,0,0,0,0 7/27/2018 14:46:48
0,0,0,0,0,0 7/27/2018 14:46:48
0,0,0,0,0,0 7/27/2018 14:46:48
0,0,0,0,0,0 7/27/2018 14:46:48
0,0,0,0,0,0 7/27/2018 14:46:48
0,0,0,0,0,0 7/27/2018 14:46:48
0,0,0,0,0,0 7/27/2018 14:46:48
0,0,0,0,0,0 7/27/2018 14:46:48
0,0,0,0,0,0 7/27/2018 14:46:48
0,0,0,0,0,0 7/27/2018 14:46:48
0,0,0,0,0,0 7/27/2018 14:46:48
0,0,0,0,0,0 7/27/2018 14:46:48
0,0,0,0,0,0 7/27/2018 14:46:48
0,0,0,0,0,0 7/27/2018 14:46:48
0,0,0,0,0,0 7/27/2018 14:46:48
0,0,0,0,0,0 7/27/2018 14:46:48
0,0,0,0,0,0 7/27/2018 14:46:49
0,0,0,0,0,0 7/27/2018 14:46:49
0,0,0,0,0,0 7/27/2018 14:46:49
0,0,0,0,0,0 7/27/2018 14:46:49
0,0,0,0,0,0 7/27/2018 14:46:49
0,0,0,0,0,0 7/27/2018 14:46:49
0,0,0,0,0,0 7/27/2018 14:46:49
0,0,0,0,0,0 7/27/2018 14:46:49
0,0,0,0,0,0 7/27/2018 14:46:49
0,0,0,0,0,0 7/27/2018 14:46:49
0,0,0,0,0,0 7/27/2018 14:46:49
0,0,0,0,0,0 7/27/2018 14:46:49
0,0,0,0,0,0 7/27/2018 14:46:49
0,0,0,0,0,0 7/27/2018 14:46:49
0,0,0,0,0,0 7/27/2018 14:46:49
0,0,0,0,0,0 7/27/2018 14:46:49
0,0,0,0,0,0 7/27/2018 14:46:49
0,0,0,0,0,0 7/27/2018 14:46:49
0,0,33,0,0,0 7/27/2018 14:46:49
0,0,78,113,0,0 7/27/2018 14:46:49
0,0,183,193,0,0 7/27/2018 14:46:49
0,0,259,246,0,0 7/27/2018 14:46:49
0,0,298,274,0,0 7/27/2018 14:46:49
0,0,288,285,0,0 7/27/2018 14:46:50
0,0,251,262,0,0 7/27/2018 14:46:50
0,0,249,232,0,0 7/27/2018 14:46:50
0,0,222,181,0,0 7/27/2018 14:46:50
0,0,138,0,0,0 7/27/2018 14:46:50
0,0,36,0,0,0 7/27/2018 14:46:50
0,0,3,0,0,0 7/27/2018 14:46:50
0,0,36,0,0,0 7/27/2018 14:46:50
0,0,38,0,0,0 7/27/2018 14:46:50
0,0,36,0,0,0 7/27/2018 14:46:50
0,0,40,0,0,0 7/27/2018 14:46:50
0,0,37,0,0,0 7/27/2018 14:46:50
0,0,35,0,0,0 7/27/2018 14:46:50
0,0,37,0,0,0 7/27/2018 14:46:50
0,0,37,0,0,0 7/27/2018 14:46:50
0,0,33,0,0,0 7/27/2018 14:46:50
0,0,31,0,0,0 7/27/2018 14:46:50
0,0,34,0,0,0 7/27/2018 14:46:50
0,0,38,0,0,0 7/27/2018 14:46:50
0,0,30,0,0,0 7/27/2018 14:46:50
0,0,30,0,0,0 7/27/2018 14:46:50
0,0,31,0,0,0 7/27/2018 14:46:50
0,0,30,0,0,0 7/27/2018 14:46:51
0,0,30,0,0,0 7/27/2018 14:46:51
0,0,31,0,0,0 7/27/2018 14:46:51
0,0,28,0,0,0 7/27/2018 14:46:51
0,0,27,0,0,0 7/27/2018 14:46:51
0,0,28,0,0,0 7/27/2018 14:46:51
0,0,28,0,0,0 7/27/2018 14:46:51
0,0,18,0,0,0 7/27/2018 14:46:51
0,0,21,0,0,0 7/27/2018 14:46:51
0,0,26,0,0,0 7/27/2018 14:46:51
0,0,28,0,0,0 7/27/2018 14:46:51
0,0,30,0,0,0 7/27/2018 14:46:51
0,0,29,0,0,0 7/27/2018 14:46:51
0,0,29,0,0,0 7/27/2018 14:46:51
0,0,30,0,0,0 7/27/2018 14:46:51
0,0,29,0,0,0 7/27/2018 14:46:51
0,0,32,0,0,0 7/27/2018 14:46:51
0,0,32,0,0,0 7/27/2018 14:46:51
0,0,35,0,0,0 7/27/2018 14:46:51
0,0,34,0,0,0 7/27/2018 14:46:51
0,0,33,0,0,0 7/27/2018 14:46:51
0,0,34,0,0,0 7/27/2018 14:46:51
0,0,33,0,0,0 7/27/2018 14:46:51
0,0,29,0,0,0 7/27/2018 14:46:52
0,0,32,0,0,0 7/27/2018 14:46:52
0,0,21,0,0,0 7/27/2018 14:46:52
0,0,29,0,0,0 7/27/2018 14:46:52
0,0,30,0,0,0 7/27/2018 14:46:52
0,0,35,0,0,0 7/27/2018 14:46:52
0,0,35,0,0,0 7/27/2018 14:46:52
0,0,34,0,0,0 7/27/2018 14:46:52
0,0,36,0,0,0 7/27/2018 14:46:52
0,0,36,0,0,0 7/27/2018 14:46:52
0,0,39,0,0,0 7/27/2018 14:46:52
0,0,41,0,0,0 7/27/2018 14:46:52
0,0,41,0,0,0 7/27/2018 14:46:52
0,0,40,0,0,0 7/27/2018 14:46:52
0,0,39,0,0,0 7/27/2018 14:46:52
0,0,40,0,0,0 7/27/2018 14:46:52
0,0,40,0,0,0 7/27/2018 14:46:52
0,0,41,0,0,0 7/27/2018 14:46:52
0,0,42,0,0,0 7/27/2018 14:46:52
0,0,42,0,0,0 7/27/2018 14:46:52
0,0,41,0,0,0 7/27/2018 14:46:52
0,0,43,0,0,0 7/27/2018 14:46:52
0,0,45,0,0,0 7/27/2018 14:46:52
0,0,43,0,0,0 7/27/2018 14:46:53
0,0,44,0,0,0 7/27/2018 14:46:53
0,0,46,0,0,0 7/27/2018 14:46:53
0,0,43,0,0,0 7/27/2018 14:46:53
0,0,40,0,0,0 7/27/2018 14:46:53
0,0,34,0,0,0 7/27/2018 14:46:53
0,0,34,0,0,0 7/27/2018 14:46:53
0,0,34,0,0,0 7/27/2018 14:46:53
0,0,39,0,0,0 7/27/2018 14:46:53
0,0,37,0,0,0 7/27/2018 14:46:53
0,0,6,0,0,0 7/27/2018 14:46:53
0,0,7,0,0,0 7/27/2018 14:46:53
0,0,4,0,0,0 7/27/2018 14:46:53
0,0,5,0,0,0 7/27/2018 14:46:53
0,0,4,0,0,0 7/27/2018 14:46:53
0,0,12,0,0,0 7/27/2018 14:46:53
0,0,29,0,0,0 7/27/2018 14:46:53
0,0,34,0,0,0 7/27/2018 14:46:53
0,0,35,0,0,0 7/27/2018 14:46:53
0,0,37,0,0,0 7/27/2018 14:46:53
0,0,36,0,0,0 7/27/2018 14:46:53
0,0,36,0,0,0 7/27/2018 14:46:53
0,0,37,0,0,0 7/27/2018 14:46:54
0,0,35,0,0,0 7/27/2018 14:46:54
0,0,37,0,0,0 7/27/2018 14:46:54
0,0,38,0,0,0 7/27/2018 14:46:54
0,0,38,0,0,0 7/27/2018 14:46:54
0,0,38,0,0,0 7/27/2018 14:46:54
0,0,3,0,0,0 7/27/2018 14:46:54
0,0,19,0,0,0 7/27/2018 14:46:54
0,0,8,0,0,0 7/27/2018 14:46:54
0,0,8,0,0,0 7/27/2018 14:46:54
0,0,4,0,0,0 7/27/2018 14:46:54
0,0,9,0,0,0 7/27/2018 14:46:54
0,0,15,0,0,0 7/27/2018 14:46:54
0,0,13,0,0,0 7/27/2018 14:46:54
0,0,23,0,0,0 7/27/2018 14:46:54
0,0,30,0,0,0 7/27/2018 14:46:54
0,0,35,0,0,0 7/27/2018 14:46:54
0,0,38,0,0,0 7/27/2018 14:46:54
0,0,40,0,0,0 7/27/2018 14:46:54
0,0,41,0,0,0 7/27/2018 14:46:54
0,0,38,0,0,0 7/27/2018 14:46:54
0,0,40,0,0,0 7/27/2018 14:46:54
0,0,41,0,0,0 7/27/2018 14:46:54
0,0,41,0,0,0 7/27/2018 14:46:55
0,0,42,0,0,0 7/27/2018 14:46:55
0,0,37,0,0,0 7/27/2018 14:46:55
0,0,17,0,0,0 7/27/2018 14:46:55
0,0,9,0,0,0 7/27/2018 14:46:55
0,0,10,0,0,0 7/27/2018 14:46:55
0,0,0,0,0,0 7/27/2018 14:46:55
0,0,105,0,0,0 7/27/2018 14:46:55
0,0,229,0,0,0 7/27/2018 14:46:55
0,0,256,0,0,0 7/27/2018 14:46:55
0,0,270,0,0,0 7/27/2018 14:46:55
0,0,257,0,0,0 7/27/2018 14:46:55
0,0,227,0,0,0 7/27/2018 14:46:55
0,0,221,0,0,0 7/27/2018 14:46:55
0,0,202,0,0,0 7/27/2018 14:46:55
0,0,217,0,0,0 7/27/2018 14:46:55
0,0,232,0,0,0 7/27/2018 14:46:55
0,0,223,0,0,0 7/27/2018 14:46:55
0,0,222,0,0,0 7/27/2018 14:46:55
0,0,199,0,0,0 7/27/2018 14:46:55
0,0,200,0,0,0 7/27/2018 14:46:55
0,0,209,0,0,0 7/27/2018 14:46:55
0,0,218,0,0,0 7/27/2018 14:46:55
0,0,199,0,0,0 7/27/2018 14:46:56
0,0,195,0,0,0 7/27/2018 14:46:56
0,0,215,0,0,0 7/27/2018 14:46:56
0,0,218,0,0,0 7/27/2018 14:46:56
0,0,214,0,0,0 7/27/2018 14:46:56
0,0,201,0,0,0 7/27/2018 14:46:56
0,0,197,0,0,0 7/27/2018 14:46:56
0,0,229,0,0,0 7/27/2018 14:46:56
0,0,236,0,0,0 7/27/2018 14:46:56
0,0,254,0,0,0 7/27/2018 14:46:56
0,0,308,0,0,0 7/27/2018 14:46:56
0,0,340,0,0,0 7/27/2018 14:46:56
0,0,373,0,0,0 7/27/2018 14:46:56
0,0,377,0,0,0 7/27/2018 14:46:56
0,0,368,0,0,0 7/27/2018 14:46:56
0,0,365,0,0,0 7/27/2018 14:46:56
0,0,388,0,0,0 7/27/2018 14:46:56
0,0,397,0,0,0 7/27/2018 14:46:56
0,0,401,0,0,0 7/27/2018 14:46:56
0,0,433,0,0,0 7/27/2018 14:46:56
0,0,453,0,0,0 7/27/2018 14:46:56
0,0,424,0,0,0 7/27/2018 14:46:56
0,0,453,0,0,0 7/27/2018 14:46:57
0,0,425,0,0,0 7/27/2018 14:46:57
0,0,433,0,0,0 7/27/2018 14:46:57
0,0,434,0,0,0 7/27/2018 14:46:57
0,0,411,0,0,0 7/27/2018 14:46:57
0,0,387,0,0,0 7/27/2018 14:46:57
0,0,378,0,0,0 7/27/2018 14:46:57
0,0,371,0,0,0 7/27/2018 14:46:57
0,0,378,0,0,0 7/27/2018 14:46:57
0,0,375,0,0,0 7/27/2018 14:46:57
0,0,360,0,0,0 7/27/2018 14:46:57
0,0,366,0,0,0 7/27/2018 14:46:57
0,0,375,0,0,0 7/27/2018 14:46:57
0,0,372,0,0,0 7/27/2018 14:46:57
0,0,379,0,0,0 7/27/2018 14:46:57
0,0,382,0,0,0 7/27/2018 14:46:57
0,0,386,0,0,0 7/27/2018 14:46:57
0,0,390,0,0,0 7/27/2018 14:46:57
0,0,391,0,0,0 7/27/2018 14:46:57
0,0,392,0,0,0 7/27/2018 14:46:57
0,0,366,0,0,0 7/27/2018 14:46:57
0,0,365,0,0,0 7/27/2018 14:46:57
0,0,357,0,0,0 7/27/2018 14:46:57
0,0,356,0,0,0 7/27/2018 14:46:58
0,0,349,0,0,0 7/27/2018 14:46:58
0,0,345,0,0,0 7/27/2018 14:46:58
0,0,360,0,0,0 7/27/2018 14:46:58
0,0,360,0,0,0 7/27/2018 14:46:58
0,0,342,0,0,0 7/27/2018 14:46:58
0,0,331,0,0,0 7/27/2018 14:46:58
0,0,344,0,0,0 7/27/2018 14:46:58
0,0,349,0,0,0 7/27/2018 14:46:58
0,0,363,0,0,0 7/27/2018 14:46:58
0,0,367,0,0,0 7/27/2018 14:46:58
0,0,374,0,0,0 7/27/2018 14:46:58
0,0,386,0,0,0 7/27/2018 14:46:58
0,0,382,0,0,0 7/27/2018 14:46:58
0,0,386,0,0,0 7/27/2018 14:46:58
0,0,380,0,0,0 7/27/2018 14:46:58
0,0,385,0,0,0 7/27/2018 14:46:58
0,0,390,0,0,0 7/27/2018 14:46:58
0,0,391,0,0,0 7/27/2018 14:46:58
0,0,373,0,0,0 7/27/2018 14:46:58
0,0,322,0,0,0 7/27/2018 14:46:58
0,0,263,0,0,0 7/27/2018 14:46:58
0,0,239,0,0,0 7/27/2018 14:46:58
