0,0,62,0,0,0 7/27/2018 14:23:34
0,0,155,0,0,0 7/27/2018 14:23:34
0,0,226,0,0,0 7/27/2018 14:23:34
0,0,250,0,0,0 7/27/2018 14:23:34
0,0,310,0,0,0 7/27/2018 14:23:34
0,0,476,0,0,0 7/27/2018 14:23:34
0,0,601,0,0,0 7/27/2018 14:23:34
0,0,659,0,0,0 7/27/2018 14:23:34
0,0,709,0,0,0 7/27/2018 14:23:35
0,0,728,0,0,0 7/27/2018 14:23:35
0,0,680,0,0,0 7/27/2018 14:23:35
0,0,671,0,0,0 7/27/2018 14:23:35
0,0,644,0,0,0 7/27/2018 14:23:35
0,0,479,0,0,0 7/27/2018 14:23:35
0,0,209,0,0,0 7/27/2018 14:23:35
0,0,135,0,0,0 7/27/2018 14:23:35
0,0,136,0,0,0 7/27/2018 14:23:35
0,0,0,0,0,0 7/27/2018 14:23:35
0,0,0,0,0,0 7/27/2018 14:23:35
0,0,0,0,0,0 7/27/2018 14:23:35
0,0,0,0,0,0 7/27/2018 14:23:35
0,0,0,0,0,0 7/27/2018 14:23:35
0,0,0,0,0,0 7/27/2018 14:23:35
0,0,269,0,0,0 7/27/2018 14:23:35
0,0,354,0,0,0 7/27/2018 14:23:35
0,0,381,0,0,0 7/27/2018 14:23:35
0,0,400,0,0,0 7/27/2018 14:23:35
0,0,406,0,0,0 7/27/2018 14:23:35
0,0,415,0,0,0 7/27/2018 14:23:35
0,0,386,0,0,0 7/27/2018 14:23:35
0,0,403,0,0,0 7/27/2018 14:23:36
0,0,406,0,0,0 7/27/2018 14:23:36
0,0,398,0,0,0 7/27/2018 14:23:36
0,0,402,0,0,0 7/27/2018 14:23:36
0,0,442,0,0,0 7/27/2018 14:23:36
0,0,436,0,0,0 7/27/2018 14:23:36
0,0,351,0,0,0 7/27/2018 14:23:36
0,0,238,0,0,0 7/27/2018 14:23:36
0,0,229,0,0,0 7/27/2018 14:23:36
0,0,102,0,0,0 7/27/2018 14:23:36
0,0,0,0,0,0 7/27/2018 14:23:36
0,0,0,0,0,0 7/27/2018 14:23:36
0,0,0,0,0,0 7/27/2018 14:23:36
0,0,0,0,0,0 7/27/2018 14:23:36
0,0,0,0,0,0 7/27/2018 14:23:36
0,0,0,0,0,0 7/27/2018 14:23:36
0,0,0,0,0,0 7/27/2018 14:23:36
0,0,0,0,0,0 7/27/2018 14:23:36
0,0,0,0,0,0 7/27/2018 14:23:36
0,0,0,0,0,0 7/27/2018 14:23:36
0,0,0,0,0,0 7/27/2018 14:23:36
0,0,0,0,0,0 7/27/2018 14:23:36
0,0,0,0,0,0 7/27/2018 14:23:36
0,0,0,0,0,0 7/27/2018 14:23:37
0,0,13,0,0,0 7/27/2018 14:23:37
0,0,149,0,0,0 7/27/2018 14:23:37
0,0,184,0,0,0 7/27/2018 14:23:37
0,0,406,0,0,0 7/27/2018 14:23:37
0,0,383,0,0,0 7/27/2018 14:23:37
0,0,371,0,0,0 7/27/2018 14:23:37
0,0,423,0,0,0 7/27/2018 14:23:37
0,0,480,0,0,0 7/27/2018 14:23:37
0,0,460,0,0,0 7/27/2018 14:23:37
0,0,501,0,0,0 7/27/2018 14:23:37
0,0,550,0,0,0 7/27/2018 14:23:37
0,0,558,0,0,0 7/27/2018 14:23:37
0,0,535,0,0,0 7/27/2018 14:23:37
0,0,501,0,0,0 7/27/2018 14:23:37
0,0,503,0,0,0 7/27/2018 14:23:37
0,0,528,0,0,0 7/27/2018 14:23:37
0,0,537,0,0,0 7/27/2018 14:23:37
0,0,563,0,0,0 7/27/2018 14:23:37
0,0,600,0,0,0 7/27/2018 14:23:37
0,0,605,0,0,0 7/27/2018 14:23:37
0,0,628,0,0,0 7/27/2018 14:23:37
0,0,636,0,0,0 7/27/2018 14:23:37
0,0,650,0,0,0 7/27/2018 14:23:38
0,0,646,0,0,0 7/27/2018 14:23:38
0,0,637,0,0,0 7/27/2018 14:23:38
0,0,636,0,0,0 7/27/2018 14:23:38
0,0,628,0,0,0 7/27/2018 14:23:38
0,0,571,0,0,0 7/27/2018 14:23:38
0,0,544,0,0,0 7/27/2018 14:23:38
0,0,535,0,0,0 7/27/2018 14:23:38
0,0,488,0,0,0 7/27/2018 14:23:38
0,0,491,0,0,0 7/27/2018 14:23:38
0,0,481,0,0,0 7/27/2018 14:23:38
0,0,483,0,0,0 7/27/2018 14:23:38
0,0,495,0,0,0 7/27/2018 14:23:38
0,0,505,0,0,0 7/27/2018 14:23:38
0,0,518,0,0,0 7/27/2018 14:23:38
0,0,446,0,0,0 7/27/2018 14:23:38
0,0,440,0,0,0 7/27/2018 14:23:38
0,0,448,0,0,0 7/27/2018 14:23:38
0,0,470,0,0,0 7/27/2018 14:23:38
0,0,491,0,0,0 7/27/2018 14:23:38
0,0,534,0,0,0 7/27/2018 14:23:38
0,0,556,0,0,0 7/27/2018 14:23:38
0,0,638,0,0,0 7/27/2018 14:23:39
0,0,664,0,0,0 7/27/2018 14:23:39
0,0,523,0,0,0 7/27/2018 14:23:39
0,0,560,0,0,0 7/27/2018 14:23:39
0,0,522,0,0,0 7/27/2018 14:23:39
0,0,323,0,0,0 7/27/2018 14:23:39
0,0,225,0,0,0 7/27/2018 14:23:39
0,0,119,0,0,0 7/27/2018 14:23:39
0,0,1,0,0,0 7/27/2018 14:23:39
0,0,190,0,0,0 7/27/2018 14:23:39
0,0,423,0,0,0 7/27/2018 14:23:39
0,0,515,0,0,0 7/27/2018 14:23:39
0,0,572,0,0,0 7/27/2018 14:23:39
0,0,595,0,0,0 7/27/2018 14:23:39
0,0,555,0,0,0 7/27/2018 14:23:39
0,0,615,0,0,0 7/27/2018 14:23:39
0,0,583,0,0,0 7/27/2018 14:23:39
0,0,494,0,0,0 7/27/2018 14:23:39
0,0,525,0,0,0 7/27/2018 14:23:39
0,0,391,0,0,0 7/27/2018 14:23:39
0,0,259,0,0,0 7/27/2018 14:23:39
0,0,87,0,0,0 7/27/2018 14:23:39
0,0,0,0,0,0 7/27/2018 14:23:39
0,0,0,0,0,0 7/27/2018 14:23:40
0,0,0,0,0,0 7/27/2018 14:23:40
0,0,0,0,0,0 7/27/2018 14:23:40
0,0,56,0,0,0 7/27/2018 14:23:40
0,0,93,0,0,0 7/27/2018 14:23:40
0,0,134,0,0,0 7/27/2018 14:23:40
0,0,204,0,0,0 7/27/2018 14:23:40
0,0,308,0,0,0 7/27/2018 14:23:40
0,0,401,0,0,0 7/27/2018 14:23:40
0,0,421,0,0,0 7/27/2018 14:23:40
0,0,452,0,0,0 7/27/2018 14:23:40
0,0,498,0,0,0 7/27/2018 14:23:40
0,0,513,0,0,0 7/27/2018 14:23:40
0,0,557,0,0,0 7/27/2018 14:23:40
0,0,583,0,0,0 7/27/2018 14:23:40
0,0,578,0,0,0 7/27/2018 14:23:40
0,0,520,0,0,0 7/27/2018 14:23:40
0,0,438,0,0,0 7/27/2018 14:23:40
0,0,443,0,0,0 7/27/2018 14:23:40
0,0,386,0,0,0 7/27/2018 14:23:40
0,0,224,0,0,0 7/27/2018 14:23:40
0,0,38,0,0,0 7/27/2018 14:23:40
0,0,0,0,0,0 7/27/2018 14:23:40
0,0,0,0,0,0 7/27/2018 14:23:41
0,0,24,0,0,0 7/27/2018 14:23:41
0,0,55,0,0,0 7/27/2018 14:23:41
0,0,60,0,0,0 7/27/2018 14:23:41
0,0,82,0,0,0 7/27/2018 14:23:41
0,0,100,0,0,0 7/27/2018 14:23:41
0,0,127,0,0,0 7/27/2018 14:23:41
0,0,122,0,0,0 7/27/2018 14:23:41
0,0,115,0,0,0 7/27/2018 14:23:41
0,0,299,0,0,0 7/27/2018 14:23:41
0,0,198,0,0,0 7/27/2018 14:23:41
0,0,268,0,0,0 7/27/2018 14:23:41
0,0,235,0,0,0 7/27/2018 14:23:41
0,0,187,0,0,0 7/27/2018 14:23:41
0,0,67,0,0,0 7/27/2018 14:23:41
0,0,87,0,0,0 7/27/2018 14:23:41
0,0,116,0,0,0 7/27/2018 14:23:41
0,0,45,0,0,0 7/27/2018 14:23:41
0,0,67,0,0,0 7/27/2018 14:23:41
0,0,155,0,0,0 7/27/2018 14:23:41
0,0,243,0,0,0 7/27/2018 14:23:41
0,0,301,0,0,0 7/27/2018 14:23:41
0,0,445,0,0,0 7/27/2018 14:23:41
0,0,542,0,0,0 7/27/2018 14:23:42
0,0,592,0,0,0 7/27/2018 14:23:42
0,0,624,0,0,0 7/27/2018 14:23:42
0,0,634,0,0,0 7/27/2018 14:23:42
0,0,649,0,0,0 7/27/2018 14:23:42
0,0,651,0,0,0 7/27/2018 14:23:42
0,0,646,0,0,0 7/27/2018 14:23:42
0,0,421,0,0,0 7/27/2018 14:23:42
0,0,540,0,0,0 7/27/2018 14:23:42
0,0,592,0,0,0 7/27/2018 14:23:42
0,0,451,0,0,0 7/27/2018 14:23:42
0,0,304,0,0,0 7/27/2018 14:23:42
0,0,169,0,0,0 7/27/2018 14:23:42
0,0,154,0,0,0 7/27/2018 14:23:42
0,0,213,0,0,0 7/27/2018 14:23:42
0,0,393,0,0,0 7/27/2018 14:23:42
0,0,249,0,0,0 7/27/2018 14:23:42
0,0,575,0,0,0 7/27/2018 14:23:42
0,0,600,0,0,0 7/27/2018 14:23:42
0,0,600,0,0,0 7/27/2018 14:23:42
0,0,614,0,0,0 7/27/2018 14:23:42
0,0,621,0,0,0 7/27/2018 14:23:42
0,0,505,0,0,0 7/27/2018 14:23:43
0,0,374,0,0,0 7/27/2018 14:23:43
0,0,278,0,0,0 7/27/2018 14:23:43
0,0,210,0,0,0 7/27/2018 14:23:43
0,0,111,0,0,0 7/27/2018 14:23:43
0,0,114,0,0,0 7/27/2018 14:23:43
0,0,187,0,0,0 7/27/2018 14:23:43
0,0,155,0,0,0 7/27/2018 14:23:43
0,0,329,0,0,0 7/27/2018 14:23:43
0,0,468,0,0,0 7/27/2018 14:23:43
0,0,295,0,0,0 7/27/2018 14:23:43
0,0,573,0,0,0 7/27/2018 14:23:43
0,0,561,0,0,0 7/27/2018 14:23:43
0,0,622,0,0,0 7/27/2018 14:23:43
0,0,593,0,0,0 7/27/2018 14:23:43
0,0,519,0,0,0 7/27/2018 14:23:43
0,0,508,0,0,0 7/27/2018 14:23:43
0,0,613,0,0,0 7/27/2018 14:23:43
0,0,274,0,0,0 7/27/2018 14:23:43
0,0,621,0,0,0 7/27/2018 14:23:43
0,0,564,0,0,0 7/27/2018 14:23:43
0,0,604,0,0,0 7/27/2018 14:23:43
0,0,328,0,0,0 7/27/2018 14:23:43
0,0,558,0,0,0 7/27/2018 14:23:44
0,0,558,0,0,0 7/27/2018 14:23:44
0,0,501,0,0,0 7/27/2018 14:23:44
0,0,490,0,0,0 7/27/2018 14:23:44
0,0,479,0,0,0 7/27/2018 14:23:44
0,0,409,0,0,0 7/27/2018 14:23:44
0,0,275,0,0,0 7/27/2018 14:23:44
0,0,277,0,0,0 7/27/2018 14:23:44
0,0,321,0,0,0 7/27/2018 14:23:44
0,0,388,0,0,0 7/27/2018 14:23:44
0,0,305,0,0,0 7/27/2018 14:23:44
0,0,226,0,0,0 7/27/2018 14:23:44
0,0,217,0,0,0 7/27/2018 14:23:44
0,0,183,0,0,0 7/27/2018 14:23:44
0,0,147,0,0,0 7/27/2018 14:23:44
0,0,97,0,0,0 7/27/2018 14:23:44
0,0,57,0,0,0 7/27/2018 14:23:44
0,0,19,0,0,0 7/27/2018 14:23:44
0,0,0,0,0,0 7/27/2018 14:23:44
0,0,0,0,0,0 7/27/2018 14:23:44
0,0,0,0,0,0 7/27/2018 14:23:44
0,0,0,0,0,0 7/27/2018 14:23:44
0,0,8,0,0,0 7/27/2018 14:23:44
0,0,23,0,0,0 7/27/2018 14:23:45
0,0,24,0,0,0 7/27/2018 14:23:45
0,0,32,0,0,0 7/27/2018 14:23:45
0,0,39,0,0,0 7/27/2018 14:23:45
0,0,53,0,0,0 7/27/2018 14:23:45
0,0,111,0,0,0 7/27/2018 14:23:45
0,0,118,0,0,0 7/27/2018 14:23:45
0,0,109,0,0,0 7/27/2018 14:23:45
0,0,132,0,0,0 7/27/2018 14:23:45
0,0,176,0,0,0 7/27/2018 14:23:45
0,0,254,0,0,0 7/27/2018 14:23:45
0,0,131,0,0,0 7/27/2018 14:23:45
0,0,31,0,0,0 7/27/2018 14:23:45
0,0,78,0,0,0 7/27/2018 14:23:45
0,0,49,0,0,0 7/27/2018 14:23:45
0,0,18,0,0,0 7/27/2018 14:23:45
0,0,100,0,0,0 7/27/2018 14:23:45
0,0,289,0,0,0 7/27/2018 14:23:45
0,0,255,0,0,0 7/27/2018 14:23:45
0,0,76,0,0,0 7/27/2018 14:23:45
0,0,40,0,0,0 7/27/2018 14:23:45
0,0,42,0,0,0 7/27/2018 14:23:45
0,0,67,0,0,0 7/27/2018 14:23:46
0,0,125,0,0,0 7/27/2018 14:23:46
0,0,195,0,0,0 7/27/2018 14:23:46
0,0,185,0,0,0 7/27/2018 14:23:46
0,0,229,0,0,0 7/27/2018 14:23:46
0,0,211,0,0,0 7/27/2018 14:23:46
0,0,185,0,0,0 7/27/2018 14:23:46
0,0,98,0,0,0 7/27/2018 14:23:46
0,0,50,0,0,0 7/27/2018 14:23:46
0,0,49,0,0,0 7/27/2018 14:23:46
0,0,109,0,0,0 7/27/2018 14:23:46
0,0,134,0,0,0 7/27/2018 14:23:46
0,0,188,0,0,0 7/27/2018 14:23:46
0,0,0,0,0,0 7/27/2018 14:23:46
0,0,111,0,0,0 7/27/2018 14:23:46
0,0,143,0,0,0 7/27/2018 14:23:46
0,0,155,0,0,0 7/27/2018 14:23:46
0,0,187,0,0,0 7/27/2018 14:23:46
0,0,0,0,0,0 7/27/2018 14:23:46
0,0,0,0,0,0 7/27/2018 14:23:46
0,0,0,0,0,0 7/27/2018 14:23:46
0,0,0,0,0,0 7/27/2018 14:23:46
0,0,22,0,0,0 7/27/2018 14:23:46
0,0,41,0,0,0 7/27/2018 14:23:47
0,0,30,0,0,0 7/27/2018 14:23:47
0,0,0,0,0,0 7/27/2018 14:23:47
0,0,0,0,0,0 7/27/2018 14:23:47
0,0,126,0,0,0 7/27/2018 14:23:47
0,0,296,0,0,0 7/27/2018 14:23:47
0,0,349,0,0,0 7/27/2018 14:23:47
0,0,371,0,0,0 7/27/2018 14:23:47
0,0,260,0,0,0 7/27/2018 14:23:47
0,0,291,0,0,0 7/27/2018 14:23:47
0,0,255,0,0,0 7/27/2018 14:23:47
0,0,149,0,0,0 7/27/2018 14:23:47
0,0,78,0,0,0 7/27/2018 14:23:47
0,0,0,0,0,0 7/27/2018 14:23:47
0,0,0,0,0,0 7/27/2018 14:23:47
0,0,0,0,0,0 7/27/2018 14:23:47
0,0,0,0,0,0 7/27/2018 14:23:47
0,0,0,0,0,0 7/27/2018 14:23:47
0,0,11,0,0,0 7/27/2018 14:23:47
0,0,51,0,0,0 7/27/2018 14:23:47
0,0,54,0,0,0 7/27/2018 14:23:47
0,0,7,0,0,0 7/27/2018 14:23:47
0,0,34,0,0,0 7/27/2018 14:23:47
0,0,33,0,0,0 7/27/2018 14:23:48
0,0,47,0,0,0 7/27/2018 14:23:48
0,0,51,0,0,0 7/27/2018 14:23:48
0,0,27,0,0,0 7/27/2018 14:23:48
0,0,45,0,0,0 7/27/2018 14:23:48
0,0,64,0,0,0 7/27/2018 14:23:48
0,0,75,0,0,0 7/27/2018 14:23:48
0,0,68,0,0,0 7/27/2018 14:23:48
0,0,32,0,0,0 7/27/2018 14:23:48
0,0,11,0,0,0 7/27/2018 14:23:48
0,0,12,0,0,0 7/27/2018 14:23:48
0,0,40,0,0,0 7/27/2018 14:23:48
0,0,65,0,0,0 7/27/2018 14:23:48
0,0,55,0,0,0 7/27/2018 14:23:48
0,0,59,0,0,0 7/27/2018 14:23:48
0,0,66,0,0,0 7/27/2018 14:23:48
0,0,69,0,0,0 7/27/2018 14:23:48
0,0,70,0,0,0 7/27/2018 14:23:48
0,0,87,0,0,0 7/27/2018 14:23:48
0,0,90,0,0,0 7/27/2018 14:23:48
0,0,91,0,0,0 7/27/2018 14:23:48
0,0,120,0,0,0 7/27/2018 14:23:48
0,0,57,0,0,0 7/27/2018 14:23:49
0,0,72,0,0,0 7/27/2018 14:23:49
0,0,114,0,0,0 7/27/2018 14:23:49
0,0,48,0,0,0 7/27/2018 14:23:49
0,0,79,0,0,0 7/27/2018 14:23:49
0,0,54,0,0,0 7/27/2018 14:23:49
0,0,102,0,0,0 7/27/2018 14:23:49
0,0,135,0,0,0 7/27/2018 14:23:49
0,0,228,0,0,0 7/27/2018 14:23:49
0,0,429,0,0,0 7/27/2018 14:23:49
0,0,521,0,0,0 7/27/2018 14:23:49
0,0,598,0,0,0 7/27/2018 14:23:49
0,0,650,0,0,0 7/27/2018 14:23:49
0,0,669,0,0,0 7/27/2018 14:23:49
0,0,686,0,0,0 7/27/2018 14:23:49
0,0,668,0,0,0 7/27/2018 14:23:49
0,0,691,0,0,0 7/27/2018 14:23:49
0,0,707,0,0,0 7/27/2018 14:23:49
0,0,697,0,0,0 7/27/2018 14:23:49
0,0,661,0,0,0 7/27/2018 14:23:49
0,0,549,0,0,0 7/27/2018 14:23:49
0,0,483,0,0,0 7/27/2018 14:23:49
0,0,403,0,0,0 7/27/2018 14:23:49
0,0,340,0,0,0 7/27/2018 14:23:50
0,0,268,0,0,0 7/27/2018 14:23:50
0,0,184,0,0,0 7/27/2018 14:23:50
0,0,255,0,0,0 7/27/2018 14:23:50
0,0,510,0,0,0 7/27/2018 14:23:50
0,0,611,0,0,0 7/27/2018 14:23:50
0,0,608,0,0,0 7/27/2018 14:23:50
0,0,571,0,0,0 7/27/2018 14:23:50
0,0,505,0,0,0 7/27/2018 14:23:50
0,0,251,0,0,0 7/27/2018 14:23:50
0,0,176,0,0,0 7/27/2018 14:23:50
0,0,136,0,0,0 7/27/2018 14:23:50
0,0,110,0,0,0 7/27/2018 14:23:50
0,0,191,0,0,0 7/27/2018 14:23:50
0,0,196,0,0,0 7/27/2018 14:23:50
0,0,191,0,0,0 7/27/2018 14:23:50
0,0,204,0,0,0 7/27/2018 14:23:50
0,0,306,0,0,0 7/27/2018 14:23:50
0,0,311,0,0,0 7/27/2018 14:23:50
0,0,275,0,0,0 7/27/2018 14:23:50
0,0,288,0,0,0 7/27/2018 14:23:50
0,0,230,0,0,0 7/27/2018 14:23:50
0,0,152,0,0,0 7/27/2018 14:23:50
0,0,165,0,0,0 7/27/2018 14:23:51
0,0,254,0,0,0 7/27/2018 14:23:51
0,0,241,0,0,0 7/27/2018 14:23:51
0,0,287,0,0,0 7/27/2018 14:23:51
0,0,367,0,0,0 7/27/2018 14:23:51
0,0,385,0,0,0 7/27/2018 14:23:51
0,0,170,0,0,0 7/27/2018 14:23:51
0,0,225,0,0,0 7/27/2018 14:23:51
0,0,308,0,0,0 7/27/2018 14:23:51
0,0,291,0,0,0 7/27/2018 14:23:51
0,0,346,0,0,0 7/27/2018 14:23:51
0,0,380,0,0,0 7/27/2018 14:23:51
0,0,382,0,0,0 7/27/2018 14:23:51
0,0,390,0,0,0 7/27/2018 14:23:51
0,0,403,0,0,0 7/27/2018 14:23:51
0,0,422,0,0,0 7/27/2018 14:23:51
0,0,403,0,0,0 7/27/2018 14:23:51
0,0,389,0,0,0 7/27/2018 14:23:51
0,0,344,0,0,0 7/27/2018 14:23:51
0,0,315,0,0,0 7/27/2018 14:23:51
0,0,211,0,0,0 7/27/2018 14:23:51
0,0,139,0,0,0 7/27/2018 14:23:51
0,0,74,0,0,0 7/27/2018 14:23:52
0,0,116,0,0,0 7/27/2018 14:23:52
0,0,127,0,0,0 7/27/2018 14:23:52
0,0,174,0,0,0 7/27/2018 14:23:52
0,0,143,0,0,0 7/27/2018 14:23:52
0,0,229,0,0,0 7/27/2018 14:23:52
0,0,508,0,0,0 7/27/2018 14:23:52
0,0,499,0,0,0 7/27/2018 14:23:52
0,0,326,0,0,0 7/27/2018 14:23:52
0,0,6,0,0,0 7/27/2018 14:23:52
0,0,0,0,0,0 7/27/2018 14:23:52
0,0,0,0,0,0 7/27/2018 14:23:52
0,0,0,0,0,0 7/27/2018 14:23:52
0,0,0,0,0,0 7/27/2018 14:23:52
0,0,3,0,0,0 7/27/2018 14:23:52
0,0,0,0,0,0 7/27/2018 14:23:52
0,0,0,0,0,0 7/27/2018 14:23:52
0,0,0,0,0,0 7/27/2018 14:23:52
0,0,0,0,0,0 7/27/2018 14:23:52
0,0,0,0,0,0 7/27/2018 14:23:52
0,0,0,0,0,0 7/27/2018 14:23:52
0,0,0,0,0,0 7/27/2018 14:23:52
0,0,50,0,0,0 7/27/2018 14:23:52
0,0,189,0,0,0 7/27/2018 14:23:53
0,0,326,0,0,0 7/27/2018 14:23:53
0,0,332,0,0,0 7/27/2018 14:23:53
0,0,319,0,0,0 7/27/2018 14:23:53
0,0,333,0,0,0 7/27/2018 14:23:53
0,0,326,0,0,0 7/27/2018 14:23:53
0,0,285,0,0,0 7/27/2018 14:23:53
0,0,308,0,0,0 7/27/2018 14:23:53
0,0,307,0,0,0 7/27/2018 14:23:53
0,0,302,0,0,0 7/27/2018 14:23:53
0,0,360,0,0,0 7/27/2018 14:23:53
0,0,375,0,0,0 7/27/2018 14:23:53
0,0,398,0,0,0 7/27/2018 14:23:53
0,0,423,0,0,0 7/27/2018 14:23:53
0,0,372,0,0,0 7/27/2018 14:23:53
0,0,360,0,0,0 7/27/2018 14:23:53
0,0,336,0,0,0 7/27/2018 14:23:53
0,0,347,0,0,0 7/27/2018 14:23:53
0,0,322,0,0,0 7/27/2018 14:23:53
0,0,309,0,0,0 7/27/2018 14:23:53
0,0,386,0,0,0 7/27/2018 14:23:53
0,0,362,0,0,0 7/27/2018 14:23:53
0,0,403,0,0,0 7/27/2018 14:23:53
0,0,454,0,0,0 7/27/2018 14:23:54
0,0,491,0,0,0 7/27/2018 14:23:54
0,0,508,0,0,0 7/27/2018 14:23:54
0,0,513,0,0,0 7/27/2018 14:23:54
0,0,523,0,0,0 7/27/2018 14:23:54
0,0,469,0,0,0 7/27/2018 14:23:54
0,0,377,0,0,0 7/27/2018 14:23:54
0,0,229,0,0,0 7/27/2018 14:23:54
0,0,160,0,0,0 7/27/2018 14:23:54
0,0,181,0,0,0 7/27/2018 14:23:54
0,0,200,0,0,0 7/27/2018 14:23:54
0,0,195,0,0,0 7/27/2018 14:23:54
0,0,208,0,0,0 7/27/2018 14:23:54
0,0,172,0,0,0 7/27/2018 14:23:54
0,0,110,0,0,0 7/27/2018 14:23:54
0,0,138,0,0,0 7/27/2018 14:23:54
0,0,216,0,0,0 7/27/2018 14:23:54
0,0,144,0,0,0 7/27/2018 14:23:54
0,0,148,0,0,0 7/27/2018 14:23:54
0,0,239,0,0,0 7/27/2018 14:23:54
0,0,191,0,0,0 7/27/2018 14:23:54
0,0,323,0,0,0 7/27/2018 14:23:54
0,0,298,0,0,0 7/27/2018 14:23:54
0,0,192,0,0,0 7/27/2018 14:23:55
0,0,112,0,0,0 7/27/2018 14:23:55
0,0,109,0,0,0 7/27/2018 14:23:55
0,0,96,0,0,0 7/27/2018 14:23:55
0,0,98,0,0,0 7/27/2018 14:23:55
0,0,75,0,0,0 7/27/2018 14:23:55
0,0,64,0,0,0 7/27/2018 14:23:55
0,0,66,0,0,0 7/27/2018 14:23:55
0,0,48,0,0,0 7/27/2018 14:23:55
0,0,48,0,0,0 7/27/2018 14:23:55
0,0,66,0,0,0 7/27/2018 14:23:55
0,0,58,0,0,0 7/27/2018 14:23:55
0,0,69,0,0,0 7/27/2018 14:23:55
0,0,47,0,0,0 7/27/2018 14:23:55
0,0,9,0,0,0 7/27/2018 14:23:55
0,0,4,0,0,0 7/27/2018 14:23:55
0,0,0,0,0,0 7/27/2018 14:23:55
0,0,0,0,0,0 7/27/2018 14:23:55
0,0,0,0,0,0 7/27/2018 14:23:55
0,0,0,0,0,0 7/27/2018 14:23:55
0,0,20,0,0,0 7/27/2018 14:23:55
0,0,42,0,0,0 7/27/2018 14:23:55
0,0,60,0,0,0 7/27/2018 14:23:56
0,0,57,0,0,0 7/27/2018 14:23:56
0,0,56,0,0,0 7/27/2018 14:23:56
0,0,81,0,0,0 7/27/2018 14:23:56
0,0,161,0,0,0 7/27/2018 14:23:56
0,0,246,0,0,0 7/27/2018 14:23:56
0,0,218,0,0,0 7/27/2018 14:23:56
0,0,271,0,0,0 7/27/2018 14:23:56
0,0,354,0,0,0 7/27/2018 14:23:56
0,0,303,0,0,0 7/27/2018 14:23:56
0,0,233,0,0,0 7/27/2018 14:23:56
0,0,231,0,0,0 7/27/2018 14:23:56
0,0,342,0,0,0 7/27/2018 14:23:56
0,0,364,0,0,0 7/27/2018 14:23:56
0,0,361,0,0,0 7/27/2018 14:23:56
0,0,307,0,0,0 7/27/2018 14:23:56
0,0,312,0,0,1 7/27/2018 14:23:56
0,0,214,0,0,0 7/27/2018 14:23:56
0,0,168,0,0,0 7/27/2018 14:23:56
0,0,99,0,0,0 7/27/2018 14:23:56
0,0,153,0,0,0 7/27/2018 14:23:56
0,0,125,0,0,0 7/27/2018 14:23:56
0,0,161,0,0,0 7/27/2018 14:23:56
0,0,163,0,0,0 7/27/2018 14:23:57
0,0,149,0,0,0 7/27/2018 14:23:57
0,0,115,0,0,0 7/27/2018 14:23:57
0,0,0,0,0,0 7/27/2018 14:23:57
0,0,0,0,0,0 7/27/2018 14:23:57
0,0,0,0,0,0 7/27/2018 14:23:57
0,0,0,0,0,0 7/27/2018 14:23:57
0,0,0,0,0,0 7/27/2018 14:23:57
0,0,33,0,0,0 7/27/2018 14:23:57
0,0,96,0,0,0 7/27/2018 14:23:57
0,0,133,0,0,0 7/27/2018 14:23:57
0,0,91,0,0,0 7/27/2018 14:23:57
0,0,56,0,0,0 7/27/2018 14:23:57
0,0,43,0,0,0 7/27/2018 14:23:57
0,0,43,0,0,0 7/27/2018 14:23:57
0,0,38,0,0,0 7/27/2018 14:23:57
0,0,42,0,0,0 7/27/2018 14:23:57
0,0,38,0,0,0 7/27/2018 14:23:57
0,0,29,0,0,0 7/27/2018 14:23:57
0,0,41,0,0,0 7/27/2018 14:23:57
0,0,44,0,0,0 7/27/2018 14:23:57
0,0,0,0,0,0 7/27/2018 14:23:57
0,0,10,0,0,0 7/27/2018 14:23:57
0,0,20,0,0,0 7/27/2018 14:23:58
0,0,52,0,0,0 7/27/2018 14:23:58
0,0,48,0,0,0 7/27/2018 14:23:58
0,0,47,0,0,0 7/27/2018 14:23:58
0,0,31,0,0,0 7/27/2018 14:23:58
0,0,11,0,0,0 7/27/2018 14:23:58
0,0,0,0,0,0 7/27/2018 14:23:58
0,0,27,0,0,0 7/27/2018 14:23:58
0,0,5,0,0,0 7/27/2018 14:23:58
0,0,13,0,0,0 7/27/2018 14:23:58
0,0,14,0,0,0 7/27/2018 14:23:58
0,0,17,0,0,0 7/27/2018 14:23:58
0,0,14,0,0,0 7/27/2018 14:23:58
0,0,25,0,0,0 7/27/2018 14:23:58
0,0,30,0,0,0 7/27/2018 14:23:58
0,0,31,0,0,0 7/27/2018 14:23:58
0,0,50,0,0,0 7/27/2018 14:23:58
0,0,19,0,0,0 7/27/2018 14:23:58
0,74,0,0,0,0 7/27/2018 14:23:58
0,333,4,0,0,0 7/27/2018 14:23:58
0,450,21,0,0,0 7/27/2018 14:23:58
0,360,11,0,0,0 7/27/2018 14:23:58
0,187,7,0,0,0 7/27/2018 14:23:59
0,20,5,0,0,0 7/27/2018 14:23:59
0,0,35,0,0,0 7/27/2018 14:23:59
0,0,34,0,0,0 7/27/2018 14:23:59
0,0,29,0,0,0 7/27/2018 14:23:59
0,0,9,0,0,0 7/27/2018 14:23:59
0,0,0,0,0,0 7/27/2018 14:23:59
0,0,14,0,0,0 7/27/2018 14:23:59
0,0,36,0,0,0 7/27/2018 14:23:59
0,0,31,0,0,0 7/27/2018 14:23:59
0,0,12,0,0,0 7/27/2018 14:23:59
0,0,14,0,0,0 7/27/2018 14:23:59
0,0,16,0,0,0 7/27/2018 14:23:59
0,0,15,0,0,0 7/27/2018 14:23:59
0,0,14,0,0,0 7/27/2018 14:23:59
0,0,13,0,0,0 7/27/2018 14:23:59
0,0,5,0,0,0 7/27/2018 14:23:59
0,0,0,0,0,0 7/27/2018 14:23:59
0,0,0,0,0,0 7/27/2018 14:23:59
0,0,0,0,0,0 7/27/2018 14:23:59
0,0,0,0,0,0 7/27/2018 14:23:59
0,0,0,0,0,0 7/27/2018 14:23:59
0,0,0,0,0,0 7/27/2018 14:23:59
0,0,0,0,0,0 7/27/2018 14:24:0
0,0,0,0,0,0 7/27/2018 14:24:0
0,0,0,0,0,0 7/27/2018 14:24:0
0,0,0,0,0,0 7/27/2018 14:24:0
0,0,0,0,0,0 7/27/2018 14:24:0
0,0,0,0,0,0 7/27/2018 14:24:0
0,0,0,0,0,0 7/27/2018 14:24:0
0,0,0,0,0,0 7/27/2018 14:24:0
0,0,0,0,0,0 7/27/2018 14:24:0
0,0,0,0,0,0 7/27/2018 14:24:0
0,0,0,0,0,0 7/27/2018 14:24:0
0,0,0,0,0,0 7/27/2018 14:24:0
0,0,0,0,0,0 7/27/2018 14:24:0
0,0,1,0,0,0 7/27/2018 14:24:0
0,0,0,0,0,0 7/27/2018 14:24:0
0,0,0,0,0,0 7/27/2018 14:24:0
0,0,0,0,0,0 7/27/2018 14:24:0
0,0,0,0,0,0 7/27/2018 14:24:0
0,0,0,0,0,0 7/27/2018 14:24:0
0,0,0,0,0,0 7/27/2018 14:24:0
0,0,0,0,0,0 7/27/2018 14:24:0
0,0,0,0,0,0 7/27/2018 14:24:0
0,0,0,0,0,0 7/27/2018 14:24:0
0,0,0,0,0,0 7/27/2018 14:24:1
0,0,0,0,0,0 7/27/2018 14:24:1
0,0,0,0,0,0 7/27/2018 14:24:1
0,0,0,0,0,0 7/27/2018 14:24:1
0,0,0,0,0,0 7/27/2018 14:24:1
0,0,0,0,0,0 7/27/2018 14:24:1
0,0,0,0,0,0 7/27/2018 14:24:1
0,0,0,0,0,0 7/27/2018 14:24:1
0,0,0,0,0,0 7/27/2018 14:24:1
0,0,0,0,0,0 7/27/2018 14:24:1
0,0,0,0,0,0 7/27/2018 14:24:1
0,0,0,0,0,0 7/27/2018 14:24:1
0,0,0,0,0,0 7/27/2018 14:24:1
0,0,0,0,0,0 7/27/2018 14:24:1
0,0,0,0,0,0 7/27/2018 14:24:1
0,0,0,0,0,0 7/27/2018 14:24:1
0,0,2,0,0,0 7/27/2018 14:24:1
0,0,4,0,0,0 7/27/2018 14:24:1
0,0,2,0,0,0 7/27/2018 14:24:1
0,0,2,0,0,0 7/27/2018 14:24:1
0,0,2,0,0,0 7/27/2018 14:24:1
0,0,0,0,0,0 7/27/2018 14:24:1
0,0,0,0,0,0 7/27/2018 14:24:2
0,0,0,0,0,0 7/27/2018 14:24:2
0,0,0,0,0,0 7/27/2018 14:24:2
0,0,0,0,0,0 7/27/2018 14:24:2
0,0,0,0,0,0 7/27/2018 14:24:2
0,0,0,0,0,0 7/27/2018 14:24:2
0,0,0,0,0,0 7/27/2018 14:24:2
0,0,0,0,0,0 7/27/2018 14:24:2
0,0,0,0,0,0 7/27/2018 14:24:2
0,0,0,0,0,0 7/27/2018 14:24:2
0,0,0,0,0,0 7/27/2018 14:24:2
0,0,0,0,0,0 7/27/2018 14:24:2
0,0,0,0,0,0 7/27/2018 14:24:2
0,0,0,0,0,0 7/27/2018 14:24:2
0,0,0,0,0,0 7/27/2018 14:24:2
0,0,4,0,0,0 7/27/2018 14:24:2
0,0,0,0,0,0 7/27/2018 14:24:2
0,0,0,0,0,0 7/27/2018 14:24:2
0,0,0,0,0,0 7/27/2018 14:24:2
0,0,0,0,0,0 7/27/2018 14:24:2
0,0,0,0,0,0 7/27/2018 14:24:2
0,0,0,0,0,0 7/27/2018 14:24:2
0,0,0,0,0,0 7/27/2018 14:24:2
0,0,0,0,0,0 7/27/2018 14:24:3
0,0,0,0,0,0 7/27/2018 14:24:3
0,0,0,0,0,0 7/27/2018 14:24:3
0,0,0,0,0,0 7/27/2018 14:24:3
0,0,0,0,0,0 7/27/2018 14:24:3
0,0,0,0,0,0 7/27/2018 14:24:3
0,0,0,0,0,0 7/27/2018 14:24:3
0,0,0,0,0,0 7/27/2018 14:24:3
