0,0,0,0,0,0 8/1/2018 13:49:44
0,0,0,0,0,0 8/1/2018 13:49:44
0,0,0,0,0,0 8/1/2018 13:49:44
0,0,0,0,0,0 8/1/2018 13:49:44
0,0,0,0,0,0 8/1/2018 13:49:44
0,0,0,0,0,0 8/1/2018 13:49:44
0,0,0,0,0,0 8/1/2018 13:49:44
0,0,0,0,0,0 8/1/2018 13:49:44
0,0,0,0,0,0 8/1/2018 13:49:44
0,0,0,0,0,0 8/1/2018 13:49:45
0,0,0,0,0,0 8/1/2018 13:49:45
0,0,0,0,0,0 8/1/2018 13:49:45
0,0,0,0,0,0 8/1/2018 13:49:45
0,0,0,0,0,0 8/1/2018 13:49:45
0,0,0,0,0,0 8/1/2018 13:49:45
0,0,0,0,0,0 8/1/2018 13:49:45
0,0,0,0,0,0 8/1/2018 13:49:45
0,0,0,0,0,0 8/1/2018 13:49:45
0,0,0,0,0,0 8/1/2018 13:49:45
0,0,0,0,0,0 8/1/2018 13:49:45
0,0,0,0,0,0 8/1/2018 13:49:45
0,0,0,0,0,0 8/1/2018 13:49:45
0,0,0,0,0,0 8/1/2018 13:49:45
0,0,0,0,0,0 8/1/2018 13:49:45
0,0,0,0,0,0 8/1/2018 13:49:45
0,0,0,0,0,0 8/1/2018 13:49:45
0,0,0,0,0,0 8/1/2018 13:49:45
0,0,0,0,0,0 8/1/2018 13:49:45
0,0,0,0,0,0 8/1/2018 13:49:45
0,0,0,0,0,0 8/1/2018 13:49:45
0,0,0,0,0,0 8/1/2018 13:49:45
0,0,0,0,0,0 8/1/2018 13:49:46
0,0,0,0,0,0 8/1/2018 13:49:46
0,0,0,0,0,0 8/1/2018 13:49:46
0,0,0,0,0,0 8/1/2018 13:49:46
0,0,0,0,0,0 8/1/2018 13:49:46
0,0,0,0,0,0 8/1/2018 13:49:46
0,0,0,0,0,0 8/1/2018 13:49:46
0,0,0,0,0,0 8/1/2018 13:49:46
0,0,0,0,0,0 8/1/2018 13:49:46
0,0,0,0,0,0 8/1/2018 13:49:46
0,0,0,0,0,0 8/1/2018 13:49:46
0,0,0,0,0,0 8/1/2018 13:49:46
0,0,0,0,0,0 8/1/2018 13:49:46
0,0,0,0,0,0 8/1/2018 13:49:46
0,0,0,0,0,0 8/1/2018 13:49:46
0,0,0,0,0,0 8/1/2018 13:49:46
0,0,0,0,0,0 8/1/2018 13:49:46
0,0,0,0,0,0 8/1/2018 13:49:46
0,0,0,0,0,0 8/1/2018 13:49:46
0,0,0,0,0,0 8/1/2018 13:49:46
0,0,0,0,0,0 8/1/2018 13:49:46
0,0,0,0,0,0 8/1/2018 13:49:46
0,0,0,0,0,0 8/1/2018 13:49:46
0,0,0,0,0,0 8/1/2018 13:49:47
0,0,0,0,0,0 8/1/2018 13:49:47
0,0,0,0,0,0 8/1/2018 13:49:47
0,0,0,0,0,0 8/1/2018 13:49:47
0,0,0,0,0,0 8/1/2018 13:49:47
0,0,0,0,0,0 8/1/2018 13:49:47
0,0,0,0,0,0 8/1/2018 13:49:47
0,0,0,0,0,0 8/1/2018 13:49:47
0,0,0,0,0,0 8/1/2018 13:49:47
0,0,0,0,0,0 8/1/2018 13:49:47
0,0,0,0,0,0 8/1/2018 13:49:47
0,0,0,0,0,0 8/1/2018 13:49:47
0,0,0,0,0,0 8/1/2018 13:49:47
0,0,0,0,0,0 8/1/2018 13:49:47
0,0,0,0,0,0 8/1/2018 13:49:47
0,0,0,0,0,0 8/1/2018 13:49:47
0,0,0,0,0,0 8/1/2018 13:49:47
0,0,0,0,0,0 8/1/2018 13:49:47
0,0,0,0,0,0 8/1/2018 13:49:47
0,0,0,0,0,0 8/1/2018 13:49:47
0,0,0,0,0,0 8/1/2018 13:49:47
0,0,0,0,0,0 8/1/2018 13:49:47
0,0,0,0,0,0 8/1/2018 13:49:47
0,0,0,0,0,0 8/1/2018 13:49:48
0,0,0,0,0,0 8/1/2018 13:49:48
0,0,0,0,0,0 8/1/2018 13:49:48
0,0,0,0,0,0 8/1/2018 13:49:48
0,0,0,0,0,0 8/1/2018 13:49:48
0,0,0,0,0,0 8/1/2018 13:49:48
0,0,0,0,0,0 8/1/2018 13:49:48
0,0,0,0,0,0 8/1/2018 13:49:48
0,0,0,0,0,0 8/1/2018 13:49:48
0,0,0,0,0,0 8/1/2018 13:49:48
0,0,0,0,0,0 8/1/2018 13:49:48
0,0,0,0,0,0 8/1/2018 13:49:48
0,0,0,0,0,0 8/1/2018 13:49:48
0,0,0,0,0,0 8/1/2018 13:49:48
0,0,0,0,0,0 8/1/2018 13:49:48
0,0,0,0,0,0 8/1/2018 13:49:48
0,0,0,0,0,0 8/1/2018 13:49:48
0,0,0,0,0,0 8/1/2018 13:49:48
0,0,0,0,0,0 8/1/2018 13:49:48
0,0,0,0,0,0 8/1/2018 13:49:48
0,0,0,0,0,0 8/1/2018 13:49:48
0,0,0,0,0,0 8/1/2018 13:49:48
0,0,0,0,0,0 8/1/2018 13:49:49
0,0,0,0,0,0 8/1/2018 13:49:49
0,0,0,0,0,0 8/1/2018 13:49:49
0,0,0,0,0,0 8/1/2018 13:49:49
0,0,0,0,0,0 8/1/2018 13:49:49
0,0,0,0,0,0 8/1/2018 13:49:49
0,0,0,0,0,0 8/1/2018 13:49:49
0,0,0,0,0,0 8/1/2018 13:49:49
0,0,0,0,0,0 8/1/2018 13:49:49
0,0,0,0,0,0 8/1/2018 13:49:49
0,0,0,0,0,0 8/1/2018 13:49:49
0,0,0,0,0,0 8/1/2018 13:49:49
0,0,0,0,0,0 8/1/2018 13:49:49
0,0,0,0,0,0 8/1/2018 13:49:49
0,0,0,0,0,0 8/1/2018 13:49:49
0,0,0,0,0,0 8/1/2018 13:49:49
0,0,0,0,0,0 8/1/2018 13:49:49
0,0,0,0,0,0 8/1/2018 13:49:49
0,0,0,0,0,0 8/1/2018 13:49:49
0,0,0,0,0,0 8/1/2018 13:49:49
0,0,0,0,0,0 8/1/2018 13:49:49
0,0,0,0,0,0 8/1/2018 13:49:49
0,0,0,0,0,0 8/1/2018 13:49:49
0,0,0,0,0,0 8/1/2018 13:49:50
0,0,0,0,0,0 8/1/2018 13:49:50
0,0,0,0,0,0 8/1/2018 13:49:50
0,0,0,0,0,0 8/1/2018 13:49:50
0,0,0,0,0,0 8/1/2018 13:49:50
0,0,0,0,0,0 8/1/2018 13:49:50
0,0,0,0,0,0 8/1/2018 13:49:50
0,0,0,0,0,0 8/1/2018 13:49:50
0,0,0,0,0,0 8/1/2018 13:49:50
0,0,0,0,0,0 8/1/2018 13:49:50
0,0,0,0,0,0 8/1/2018 13:49:50
0,0,0,0,0,0 8/1/2018 13:49:50
0,0,0,0,0,0 8/1/2018 13:49:50
0,0,0,0,0,0 8/1/2018 13:49:50
0,0,0,0,0,0 8/1/2018 13:49:50
0,0,0,0,0,0 8/1/2018 13:49:50
0,0,0,0,0,0 8/1/2018 13:49:50
0,0,0,0,0,0 8/1/2018 13:49:50
0,0,0,0,0,0 8/1/2018 13:49:50
0,0,0,0,0,0 8/1/2018 13:49:50
0,0,0,0,0,0 8/1/2018 13:49:50
0,0,0,0,0,0 8/1/2018 13:49:50
0,0,0,0,0,0 8/1/2018 13:49:50
0,0,0,0,0,0 8/1/2018 13:49:51
0,0,0,0,0,0 8/1/2018 13:49:51
0,0,0,0,0,0 8/1/2018 13:49:51
0,0,0,0,0,0 8/1/2018 13:49:51
0,0,0,0,0,0 8/1/2018 13:49:51
0,0,0,0,0,0 8/1/2018 13:49:51
0,0,0,0,0,0 8/1/2018 13:49:51
0,0,0,0,0,0 8/1/2018 13:49:51
0,0,0,0,0,0 8/1/2018 13:49:51
0,0,0,0,0,0 8/1/2018 13:49:51
0,0,0,0,0,0 8/1/2018 13:49:51
0,0,0,0,0,0 8/1/2018 13:49:51
0,0,0,0,0,0 8/1/2018 13:49:51
0,0,0,0,0,0 8/1/2018 13:49:51
0,0,0,0,0,0 8/1/2018 13:49:51
0,0,0,0,0,0 8/1/2018 13:49:51
0,0,0,0,0,0 8/1/2018 13:49:51
0,0,0,0,0,0 8/1/2018 13:49:51
0,0,0,0,0,0 8/1/2018 13:49:51
0,0,0,0,0,0 8/1/2018 13:49:51
0,0,0,0,0,0 8/1/2018 13:49:51
0,0,0,0,0,0 8/1/2018 13:49:51
0,0,0,0,0,0 8/1/2018 13:49:51
0,0,0,0,0,0 8/1/2018 13:49:52
0,0,0,0,0,0 8/1/2018 13:49:52
0,0,0,0,0,0 8/1/2018 13:49:52
0,0,0,0,0,0 8/1/2018 13:49:52
0,0,0,0,0,0 8/1/2018 13:49:52
0,0,0,0,0,0 8/1/2018 13:49:52
0,0,0,0,0,0 8/1/2018 13:49:52
0,0,0,0,0,0 8/1/2018 13:49:52
0,0,0,0,0,0 8/1/2018 13:49:52
0,0,0,0,0,0 8/1/2018 13:49:52
0,0,0,0,0,0 8/1/2018 13:49:52
0,0,0,0,0,0 8/1/2018 13:49:52
0,0,0,0,0,0 8/1/2018 13:49:52
0,0,0,0,0,0 8/1/2018 13:49:52
0,0,0,0,0,0 8/1/2018 13:49:52
0,0,0,0,0,0 8/1/2018 13:49:52
0,0,0,0,0,0 8/1/2018 13:49:52
0,0,0,0,0,0 8/1/2018 13:49:52
0,0,0,0,0,0 8/1/2018 13:49:52
0,0,0,0,0,0 8/1/2018 13:49:52
0,0,0,0,0,0 8/1/2018 13:49:52
0,0,0,0,0,0 8/1/2018 13:49:52
0,0,0,0,0,0 8/1/2018 13:49:53
0,0,0,0,0,0 8/1/2018 13:49:53
0,0,0,0,0,0 8/1/2018 13:49:53
0,0,0,0,0,0 8/1/2018 13:49:53
0,0,0,0,0,0 8/1/2018 13:49:53
0,0,0,0,0,0 8/1/2018 13:49:53
0,0,0,0,0,0 8/1/2018 13:49:53
0,0,0,0,0,0 8/1/2018 13:49:53
0,0,0,0,0,0 8/1/2018 13:49:53
0,0,0,0,0,0 8/1/2018 13:49:53
0,0,0,0,0,0 8/1/2018 13:49:53
0,0,0,0,0,0 8/1/2018 13:49:53
0,0,0,0,0,0 8/1/2018 13:49:53
0,0,0,0,0,0 8/1/2018 13:49:53
0,0,0,0,0,0 8/1/2018 13:49:53
0,0,0,0,0,0 8/1/2018 13:49:53
0,0,0,0,0,0 8/1/2018 13:49:53
0,0,0,0,0,0 8/1/2018 13:49:53
0,0,0,0,0,0 8/1/2018 13:49:53
0,0,0,0,0,0 8/1/2018 13:49:53
0,0,0,0,0,0 8/1/2018 13:49:53
0,0,0,0,0,0 8/1/2018 13:49:53
0,0,0,0,0,0 8/1/2018 13:49:53
0,0,0,0,0,0 8/1/2018 13:49:54
0,0,0,0,0,0 8/1/2018 13:49:54
0,0,0,0,0,0 8/1/2018 13:49:54
0,0,0,0,0,0 8/1/2018 13:49:54
0,0,0,0,0,0 8/1/2018 13:49:54
0,0,0,0,0,0 8/1/2018 13:49:54
0,0,0,0,0,0 8/1/2018 13:49:54
0,0,0,0,0,0 8/1/2018 13:49:54
0,0,0,0,0,0 8/1/2018 13:49:54
0,0,0,0,0,0 8/1/2018 13:49:54
0,0,0,0,0,0 8/1/2018 13:49:54
0,0,0,0,0,0 8/1/2018 13:49:54
0,0,0,0,0,0 8/1/2018 13:49:54
0,0,0,0,0,0 8/1/2018 13:49:54
0,0,0,0,0,0 8/1/2018 13:49:54
0,0,0,0,0,0 8/1/2018 13:49:54
0,0,0,0,0,0 8/1/2018 13:49:54
0,0,0,0,0,0 8/1/2018 13:49:54
0,0,0,0,0,0 8/1/2018 13:49:54
0,0,0,0,0,0 8/1/2018 13:49:54
0,0,0,0,0,0 8/1/2018 13:49:54
0,0,0,0,0,0 8/1/2018 13:49:54
0,0,0,0,0,0 8/1/2018 13:49:54
0,0,0,0,0,0 8/1/2018 13:49:55
0,0,0,0,0,0 8/1/2018 13:49:55
0,0,0,0,0,0 8/1/2018 13:49:55
0,0,0,0,0,0 8/1/2018 13:49:55
0,0,0,0,0,0 8/1/2018 13:49:55
0,0,0,0,0,0 8/1/2018 13:49:55
0,0,0,0,0,0 8/1/2018 13:49:55
0,0,0,0,0,0 8/1/2018 13:49:55
0,0,0,0,0,0 8/1/2018 13:49:55
0,0,0,0,0,0 8/1/2018 13:49:55
0,0,0,0,0,0 8/1/2018 13:49:55
0,0,0,0,0,0 8/1/2018 13:49:55
0,0,0,0,0,0 8/1/2018 13:49:55
0,0,0,0,0,0 8/1/2018 13:49:55
0,0,0,0,0,0 8/1/2018 13:49:55
0,0,0,0,0,0 8/1/2018 13:49:55
0,0,0,0,0,0 8/1/2018 13:49:55
0,0,0,0,0,0 8/1/2018 13:49:55
0,0,0,0,0,0 8/1/2018 13:49:55
0,0,0,0,0,0 8/1/2018 13:49:55
0,0,0,0,0,0 8/1/2018 13:49:55
0,0,0,0,0,0 8/1/2018 13:49:55
0,0,0,0,0,0 8/1/2018 13:49:56
0,0,0,0,0,0 8/1/2018 13:49:56
0,0,0,0,0,0 8/1/2018 13:49:56
0,0,0,0,0,0 8/1/2018 13:49:56
0,0,0,0,0,0 8/1/2018 13:49:56
0,0,0,0,0,0 8/1/2018 13:49:56
0,0,0,0,0,0 8/1/2018 13:49:56
0,0,0,0,0,0 8/1/2018 13:49:56
0,0,0,0,0,0 8/1/2018 13:49:56
0,0,0,0,0,0 8/1/2018 13:49:56
0,0,0,0,0,0 8/1/2018 13:49:56
0,0,0,0,0,0 8/1/2018 13:49:56
