0,0,0,0,0,0 8/1/2018 13:51:32
0,0,0,0,0,0 8/1/2018 13:51:32
0,0,0,0,0,0 8/1/2018 13:51:32
0,0,0,0,0,0 8/1/2018 13:51:32
0,0,0,0,0,0 8/1/2018 13:51:32
0,0,0,0,0,0 8/1/2018 13:51:32
0,0,0,0,0,0 8/1/2018 13:51:32
0,0,0,0,0,0 8/1/2018 13:51:32
0,0,0,0,0,0 8/1/2018 13:51:32
0,0,0,0,0,0 8/1/2018 13:51:32
0,0,0,0,0,0 8/1/2018 13:51:32
0,0,0,0,0,0 8/1/2018 13:51:32
0,0,0,0,0,0 8/1/2018 13:51:32
0,0,0,0,0,0 8/1/2018 13:51:32
0,0,0,0,0,0 8/1/2018 13:51:33
0,0,0,0,0,0 8/1/2018 13:51:33
0,0,0,0,0,0 8/1/2018 13:51:33
0,0,0,0,0,0 8/1/2018 13:51:33
0,0,0,0,0,0 8/1/2018 13:51:33
0,0,0,0,0,0 8/1/2018 13:51:33
0,0,0,0,0,0 8/1/2018 13:51:33
0,0,0,0,0,0 8/1/2018 13:51:33
0,0,0,0,0,0 8/1/2018 13:51:33
0,0,0,0,0,0 8/1/2018 13:51:33
0,0,0,0,0,0 8/1/2018 13:51:33
0,0,0,0,0,0 8/1/2018 13:51:33
0,0,0,0,0,0 8/1/2018 13:51:33
0,0,0,0,0,0 8/1/2018 13:51:33
0,0,0,0,0,0 8/1/2018 13:51:33
0,0,0,0,0,0 8/1/2018 13:51:33
0,0,0,0,0,0 8/1/2018 13:51:33
0,0,0,0,0,0 8/1/2018 13:51:33
0,0,0,0,0,0 8/1/2018 13:51:33
0,0,0,0,0,0 8/1/2018 13:51:33
0,0,0,0,0,0 8/1/2018 13:51:33
0,0,0,0,0,0 8/1/2018 13:51:33
0,0,0,0,0,0 8/1/2018 13:51:34
0,0,0,0,0,0 8/1/2018 13:51:34
0,0,0,0,0,0 8/1/2018 13:51:34
0,0,0,0,0,0 8/1/2018 13:51:34
0,0,0,0,0,0 8/1/2018 13:51:34
0,0,0,0,0,0 8/1/2018 13:51:34
0,0,0,0,0,0 8/1/2018 13:51:34
0,0,0,0,0,0 8/1/2018 13:51:34
0,0,0,0,0,0 8/1/2018 13:51:34
0,0,0,0,0,0 8/1/2018 13:51:34
0,0,0,0,0,0 8/1/2018 13:51:34
0,0,0,0,0,0 8/1/2018 13:51:34
0,0,0,0,0,0 8/1/2018 13:51:34
0,0,0,0,0,0 8/1/2018 13:51:34
0,0,0,0,0,0 8/1/2018 13:51:34
0,0,0,0,0,0 8/1/2018 13:51:34
0,0,0,0,0,0 8/1/2018 13:51:34
0,0,0,0,0,0 8/1/2018 13:51:34
0,0,0,0,0,0 8/1/2018 13:51:34
0,0,1,0,0,0 8/1/2018 13:51:34
0,0,2,0,0,0 8/1/2018 13:51:34
0,0,3,0,0,0 8/1/2018 13:51:34
0,0,8,0,0,0 8/1/2018 13:51:34
0,0,8,0,0,0 8/1/2018 13:51:35
0,0,1,0,0,0 8/1/2018 13:51:35
0,0,1,0,0,0 8/1/2018 13:51:35
0,0,2,0,0,0 8/1/2018 13:51:35
0,0,1,0,0,0 8/1/2018 13:51:35
0,0,2,0,0,0 8/1/2018 13:51:35
0,0,0,0,0,0 8/1/2018 13:51:35
0,0,0,0,0,0 8/1/2018 13:51:35
0,0,0,0,0,0 8/1/2018 13:51:35
0,0,1,0,0,0 8/1/2018 13:51:35
0,0,0,0,0,0 8/1/2018 13:51:35
0,0,0,0,0,0 8/1/2018 13:51:35
0,0,0,0,0,0 8/1/2018 13:51:35
0,0,0,0,0,0 8/1/2018 13:51:35
0,0,0,0,0,0 8/1/2018 13:51:35
0,0,0,0,0,0 8/1/2018 13:51:35
0,0,0,0,0,0 8/1/2018 13:51:35
0,0,0,0,0,0 8/1/2018 13:51:35
0,0,0,0,0,0 8/1/2018 13:51:35
0,0,0,0,0,0 8/1/2018 13:51:35
0,0,0,0,0,0 8/1/2018 13:51:35
0,0,0,0,0,0 8/1/2018 13:51:35
0,0,0,0,0,0 8/1/2018 13:51:35
0,0,0,0,0,0 8/1/2018 13:51:36
0,0,0,0,0,0 8/1/2018 13:51:36
0,0,0,0,0,0 8/1/2018 13:51:36
0,0,2,0,0,0 8/1/2018 13:51:36
0,0,2,0,0,0 8/1/2018 13:51:36
0,0,0,0,0,0 8/1/2018 13:51:36
0,0,0,0,0,0 8/1/2018 13:51:36
0,0,0,0,0,0 8/1/2018 13:51:36
0,0,0,0,0,0 8/1/2018 13:51:36
0,0,0,0,0,0 8/1/2018 13:51:36
0,0,0,0,0,0 8/1/2018 13:51:36
0,0,0,0,0,0 8/1/2018 13:51:36
0,0,0,0,0,0 8/1/2018 13:51:36
0,0,0,0,0,0 8/1/2018 13:51:36
0,0,0,0,0,0 8/1/2018 13:51:36
0,0,0,0,0,0 8/1/2018 13:51:36
0,0,0,0,0,0 8/1/2018 13:51:36
0,0,0,0,0,0 8/1/2018 13:51:36
0,0,0,9,0,0 8/1/2018 13:51:36
0,0,0,28,0,0 8/1/2018 13:51:36
0,0,0,0,0,0 8/1/2018 13:51:36
0,0,0,0,0,0 8/1/2018 13:51:36
0,0,0,0,0,0 8/1/2018 13:51:36
0,0,0,0,0,0 8/1/2018 13:51:37
0,0,32,0,0,0 8/1/2018 13:51:37
0,0,19,0,0,0 8/1/2018 13:51:37
0,0,0,0,0,0 8/1/2018 13:51:37
0,0,24,0,0,0 8/1/2018 13:51:37
0,0,33,0,0,0 8/1/2018 13:51:37
0,0,42,0,0,0 8/1/2018 13:51:37
0,0,42,0,0,0 8/1/2018 13:51:37
0,0,34,0,0,0 8/1/2018 13:51:37
0,0,28,0,0,0 8/1/2018 13:51:37
0,0,0,0,0,0 8/1/2018 13:51:37
0,0,0,0,0,0 8/1/2018 13:51:37
0,0,0,0,0,0 8/1/2018 13:51:37
0,0,0,0,0,0 8/1/2018 13:51:37
0,1,0,0,0,0 8/1/2018 13:51:37
0,0,0,0,0,0 8/1/2018 13:51:37
0,0,0,0,0,0 8/1/2018 13:51:37
0,0,0,0,0,0 8/1/2018 13:51:37
0,0,0,0,0,0 8/1/2018 13:51:37
0,0,0,0,0,0 8/1/2018 13:51:37
0,0,0,0,0,0 8/1/2018 13:51:37
0,0,0,0,0,0 8/1/2018 13:51:37
0,0,0,0,0,0 8/1/2018 13:51:38
0,0,0,0,0,0 8/1/2018 13:51:38
0,0,0,0,0,0 8/1/2018 13:51:38
0,0,0,0,0,0 8/1/2018 13:51:38
0,0,0,0,0,0 8/1/2018 13:51:38
0,0,2,0,0,0 8/1/2018 13:51:38
0,0,0,0,0,0 8/1/2018 13:51:38
0,0,0,0,0,0 8/1/2018 13:51:38
0,0,0,0,0,0 8/1/2018 13:51:38
0,0,0,0,0,0 8/1/2018 13:51:38
0,0,0,0,0,0 8/1/2018 13:51:38
0,0,34,0,0,0 8/1/2018 13:51:38
0,0,21,0,0,0 8/1/2018 13:51:38
0,0,28,0,0,0 8/1/2018 13:51:38
0,0,20,0,0,0 8/1/2018 13:51:38
0,0,20,0,0,0 8/1/2018 13:51:38
0,0,40,0,0,0 8/1/2018 13:51:38
0,0,41,0,0,0 8/1/2018 13:51:38
0,0,47,0,0,0 8/1/2018 13:51:38
0,0,51,0,0,0 8/1/2018 13:51:38
0,0,52,0,0,0 8/1/2018 13:51:38
0,0,53,0,0,0 8/1/2018 13:51:38
0,0,52,0,0,0 8/1/2018 13:51:38
0,0,41,0,0,0 8/1/2018 13:51:39
0,0,41,0,0,0 8/1/2018 13:51:39
0,0,39,0,0,0 8/1/2018 13:51:39
0,0,35,0,0,0 8/1/2018 13:51:39
0,0,21,0,0,0 8/1/2018 13:51:39
0,0,13,0,0,0 8/1/2018 13:51:39
0,0,14,0,0,0 8/1/2018 13:51:39
0,0,15,0,0,0 8/1/2018 13:51:39
0,0,14,0,0,0 8/1/2018 13:51:39
0,0,13,0,0,0 8/1/2018 13:51:39
0,0,0,0,0,0 8/1/2018 13:51:39
0,0,0,0,0,0 8/1/2018 13:51:39
0,0,0,0,0,0 8/1/2018 13:51:39
0,0,0,0,0,0 8/1/2018 13:51:39
0,0,0,0,0,0 8/1/2018 13:51:39
0,0,0,0,0,0 8/1/2018 13:51:39
0,0,0,0,0,0 8/1/2018 13:51:39
0,0,0,0,0,0 8/1/2018 13:51:39
0,0,0,0,0,0 8/1/2018 13:51:39
0,0,0,0,0,0 8/1/2018 13:51:39
0,0,0,0,0,0 8/1/2018 13:51:39
0,0,0,0,0,0 8/1/2018 13:51:39
0,0,0,0,0,0 8/1/2018 13:51:39
0,0,0,0,0,0 8/1/2018 13:51:40
0,0,0,0,0,0 8/1/2018 13:51:40
0,0,0,0,0,0 8/1/2018 13:51:40
0,0,0,0,0,0 8/1/2018 13:51:40
0,0,0,0,0,0 8/1/2018 13:51:40
0,0,0,0,0,0 8/1/2018 13:51:40
0,0,0,0,0,0 8/1/2018 13:51:40
0,0,0,0,0,0 8/1/2018 13:51:40
0,0,12,0,0,0 8/1/2018 13:51:40
0,0,42,0,0,0 8/1/2018 13:51:40
0,0,34,0,0,0 8/1/2018 13:51:40
0,0,36,0,0,0 8/1/2018 13:51:40
0,0,61,0,0,0 8/1/2018 13:51:40
0,0,121,0,0,0 8/1/2018 13:51:40
0,0,149,0,0,0 8/1/2018 13:51:40
0,0,137,0,0,0 8/1/2018 13:51:40
0,0,49,0,0,0 8/1/2018 13:51:40
0,0,23,0,0,0 8/1/2018 13:51:40
0,0,30,0,1,0 8/1/2018 13:51:40
0,0,21,0,0,0 8/1/2018 13:51:40
0,0,33,0,0,0 8/1/2018 13:51:40
0,0,30,0,0,0 8/1/2018 13:51:40
0,0,67,0,0,0 8/1/2018 13:51:41
0,0,76,0,0,0 8/1/2018 13:51:41
0,0,87,0,0,0 8/1/2018 13:51:41
0,0,140,0,0,0 8/1/2018 13:51:41
0,0,208,0,0,0 8/1/2018 13:51:41
0,0,292,0,0,0 8/1/2018 13:51:41
0,0,513,0,0,0 8/1/2018 13:51:41
0,0,516,0,0,0 8/1/2018 13:51:41
0,0,528,0,0,0 8/1/2018 13:51:41
0,0,531,0,0,0 8/1/2018 13:51:41
0,0,529,0,0,0 8/1/2018 13:51:41
0,0,506,0,0,0 8/1/2018 13:51:41
0,0,487,0,0,0 8/1/2018 13:51:41
0,0,510,0,0,0 8/1/2018 13:51:41
0,0,508,0,0,0 8/1/2018 13:51:41
0,0,517,0,0,0 8/1/2018 13:51:41
0,0,490,0,0,0 8/1/2018 13:51:41
0,0,477,0,0,0 8/1/2018 13:51:41
0,0,502,0,0,0 8/1/2018 13:51:41
0,0,502,0,0,0 8/1/2018 13:51:41
0,0,505,0,0,0 8/1/2018 13:51:41
0,0,537,0,0,0 8/1/2018 13:51:41
0,0,546,0,0,0 8/1/2018 13:51:41
0,0,545,0,0,0 8/1/2018 13:51:42
0,0,510,0,0,0 8/1/2018 13:51:42
0,0,533,0,0,0 8/1/2018 13:51:42
0,0,549,0,0,0 8/1/2018 13:51:42
0,0,527,0,0,0 8/1/2018 13:51:42
0,0,537,0,0,0 8/1/2018 13:51:42
0,0,514,0,0,0 8/1/2018 13:51:42
0,0,537,0,0,0 8/1/2018 13:51:42
0,0,549,0,0,0 8/1/2018 13:51:42
0,0,529,0,0,0 8/1/2018 13:51:42
0,0,535,0,0,0 8/1/2018 13:51:42
0,0,526,0,0,0 8/1/2018 13:51:42
0,0,502,0,0,0 8/1/2018 13:51:42
0,0,504,0,0,0 8/1/2018 13:51:42
0,0,496,0,0,0 8/1/2018 13:51:42
0,0,488,0,0,0 8/1/2018 13:51:42
0,0,477,0,0,0 8/1/2018 13:51:42
0,0,480,0,0,0 8/1/2018 13:51:42
0,0,469,0,0,0 8/1/2018 13:51:42
0,0,466,0,0,0 8/1/2018 13:51:42
0,0,476,0,0,0 8/1/2018 13:51:42
0,0,467,0,0,0 8/1/2018 13:51:42
0,0,443,0,0,0 8/1/2018 13:51:42
0,0,310,0,0,0 8/1/2018 13:51:43
0,0,298,0,0,0 8/1/2018 13:51:43
0,0,284,0,0,0 8/1/2018 13:51:43
0,0,87,0,0,0 8/1/2018 13:51:43
0,0,33,0,0,0 8/1/2018 13:51:43
0,0,0,0,0,0 8/1/2018 13:51:43
0,0,0,0,0,0 8/1/2018 13:51:43
0,0,0,0,0,0 8/1/2018 13:51:43
0,0,0,0,0,0 8/1/2018 13:51:43
0,0,0,0,0,0 8/1/2018 13:51:43
0,0,0,0,0,0 8/1/2018 13:51:43
0,0,0,0,0,0 8/1/2018 13:51:43
0,0,0,0,0,0 8/1/2018 13:51:43
0,0,0,0,0,0 8/1/2018 13:51:43
0,0,0,0,0,0 8/1/2018 13:51:43
0,0,0,0,0,0 8/1/2018 13:51:43
0,0,0,0,0,0 8/1/2018 13:51:43
0,0,0,0,0,0 8/1/2018 13:51:43
0,0,0,0,0,0 8/1/2018 13:51:43
0,0,0,0,0,0 8/1/2018 13:51:43
0,0,0,0,0,0 8/1/2018 13:51:43
