0,0,3,41,0,0 8/3/2018 11:36:59
0,0,5,64,0,0 8/3/2018 11:36:59
0,0,4,90,0,0 8/3/2018 11:36:59
0,0,17,104,0,0 8/3/2018 11:36:59
0,0,11,150,0,0 8/3/2018 11:36:59
0,0,24,218,0,0 8/3/2018 11:36:59
0,0,24,254,0,0 8/3/2018 11:36:59
0,0,29,292,0,0 8/3/2018 11:36:59
0,0,28,298,0,0 8/3/2018 11:36:59
0,0,35,314,0,0 8/3/2018 11:36:59
0,0,36,323,0,0 8/3/2018 11:36:59
0,0,35,328,0,0 8/3/2018 11:36:59
0,1,28,346,0,0 8/3/2018 11:36:59
0,0,11,368,0,0 8/3/2018 11:36:59
0,0,10,392,0,0 8/3/2018 11:37:0
0,0,16,400,0,0 8/3/2018 11:37:0
0,0,19,418,0,0 8/3/2018 11:37:0
0,0,20,421,0,0 8/3/2018 11:37:0
0,0,21,424,0,0 8/3/2018 11:37:0
0,0,41,412,0,0 8/3/2018 11:37:0
0,0,41,409,0,0 8/3/2018 11:37:0
0,0,41,391,0,0 8/3/2018 11:37:0
0,0,15,351,0,0 8/3/2018 11:37:0
0,0,14,263,0,0 8/3/2018 11:37:0
0,0,15,214,0,0 8/3/2018 11:37:0
0,0,20,225,0,0 8/3/2018 11:37:0
0,0,14,218,0,0 8/3/2018 11:37:0
0,0,16,186,0,0 8/3/2018 11:37:0
0,0,17,166,0,0 8/3/2018 11:37:0
0,0,17,67,0,0 8/3/2018 11:37:0
0,0,12,0,0,0 8/3/2018 11:37:0
0,0,4,0,0,0 8/3/2018 11:37:0
0,0,2,0,0,0 8/3/2018 11:37:0
0,0,6,0,0,0 8/3/2018 11:37:0
0,0,2,0,0,0 8/3/2018 11:37:0
0,0,0,0,0,0 8/3/2018 11:37:0
0,0,0,0,0,0 8/3/2018 11:37:0
0,0,0,0,0,0 8/3/2018 11:37:1
0,0,0,0,0,0 8/3/2018 11:37:1
0,0,0,0,0,0 8/3/2018 11:37:1
0,0,0,0,0,0 8/3/2018 11:37:1
0,0,3,0,0,0 8/3/2018 11:37:1
0,0,0,0,0,0 8/3/2018 11:37:1
0,0,0,0,0,0 8/3/2018 11:37:1
0,0,4,0,0,0 8/3/2018 11:37:1
0,0,1,0,0,0 8/3/2018 11:37:1
0,0,0,0,0,0 8/3/2018 11:37:1
0,0,0,0,0,0 8/3/2018 11:37:1
0,0,0,0,0,0 8/3/2018 11:37:1
0,0,0,0,0,0 8/3/2018 11:37:1
0,0,0,0,0,0 8/3/2018 11:37:1
0,0,0,0,0,0 8/3/2018 11:37:1
0,0,0,0,0,0 8/3/2018 11:37:1
0,0,0,0,2,0 8/3/2018 11:37:1
0,0,0,0,0,0 8/3/2018 11:37:1
0,0,0,26,0,0 8/3/2018 11:37:1
0,0,3,49,0,0 8/3/2018 11:37:1
0,0,1,50,0,0 8/3/2018 11:37:1
0,0,0,37,0,0 8/3/2018 11:37:1
0,0,8,25,0,0 8/3/2018 11:37:1
0,0,0,0,0,0 8/3/2018 11:37:2
0,0,0,0,0,0 8/3/2018 11:37:2
0,0,0,0,0,0 8/3/2018 11:37:2
0,0,0,0,0,0 8/3/2018 11:37:2
0,0,0,0,0,0 8/3/2018 11:37:2
0,0,0,0,0,0 8/3/2018 11:37:2
0,0,4,0,0,0 8/3/2018 11:37:2
0,0,2,0,0,0 8/3/2018 11:37:2
0,0,1,0,0,0 8/3/2018 11:37:2
0,0,2,0,0,0 8/3/2018 11:37:2
0,0,6,0,0,0 8/3/2018 11:37:2
0,0,3,0,0,0 8/3/2018 11:37:2
0,0,4,0,0,0 8/3/2018 11:37:2
0,0,10,0,0,0 8/3/2018 11:37:2
0,0,9,0,0,0 8/3/2018 11:37:2
0,0,19,0,0,0 8/3/2018 11:37:2
0,0,19,0,0,0 8/3/2018 11:37:2
0,0,19,0,0,0 8/3/2018 11:37:2
0,0,21,0,0,0 8/3/2018 11:37:2
0,0,25,0,0,0 8/3/2018 11:37:2
0,0,21,0,0,0 8/3/2018 11:37:2
0,0,22,0,0,0 8/3/2018 11:37:2
0,0,18,1,0,0 8/3/2018 11:37:3
0,0,7,0,0,0 8/3/2018 11:37:3
0,0,5,0,0,0 8/3/2018 11:37:3
0,0,9,0,0,0 8/3/2018 11:37:3
0,0,7,0,0,0 8/3/2018 11:37:3
0,0,8,0,0,0 8/3/2018 11:37:3
0,2,5,0,0,0 8/3/2018 11:37:3
0,0,6,0,0,0 8/3/2018 11:37:3
0,0,4,0,0,0 8/3/2018 11:37:3
0,0,2,0,0,0 8/3/2018 11:37:3
0,0,0,0,0,0 8/3/2018 11:37:3
0,0,0,0,0,0 8/3/2018 11:37:3
0,0,0,0,0,0 8/3/2018 11:37:3
0,0,0,0,0,0 8/3/2018 11:37:3
0,0,0,0,0,0 8/3/2018 11:37:3
0,0,0,0,0,0 8/3/2018 11:37:3
0,0,0,0,0,0 8/3/2018 11:37:3
0,0,0,0,0,0 8/3/2018 11:37:3
0,0,0,0,0,0 8/3/2018 11:37:3
0,0,0,0,0,0 8/3/2018 11:37:3
0,0,0,0,0,0 8/3/2018 11:37:3
0,0,0,0,0,0 8/3/2018 11:37:3
0,0,0,0,0,0 8/3/2018 11:37:3
0,0,0,0,0,0 8/3/2018 11:37:4
0,0,0,13,0,0 8/3/2018 11:37:4
0,0,0,23,0,0 8/3/2018 11:37:4
0,0,0,30,0,0 8/3/2018 11:37:4
0,0,0,16,0,0 8/3/2018 11:37:4
0,0,0,0,0,0 8/3/2018 11:37:4
0,0,0,0,0,0 8/3/2018 11:37:4
0,0,0,0,0,0 8/3/2018 11:37:4
0,0,0,0,0,0 8/3/2018 11:37:4
0,0,0,0,0,0 8/3/2018 11:37:4
0,0,0,0,0,0 8/3/2018 11:37:4
0,0,0,0,0,0 8/3/2018 11:37:4
0,0,0,0,0,0 8/3/2018 11:37:4
0,0,0,0,0,0 8/3/2018 11:37:4
0,0,0,0,0,0 8/3/2018 11:37:4
0,0,0,0,0,0 8/3/2018 11:37:4
0,0,0,0,0,0 8/3/2018 11:37:4
0,0,0,0,0,0 8/3/2018 11:37:4
0,0,0,0,0,0 8/3/2018 11:37:4
0,0,0,0,0,0 8/3/2018 11:37:4
0,0,0,0,0,0 8/3/2018 11:37:4
0,0,0,0,0,0 8/3/2018 11:37:4
0,0,0,0,0,0 8/3/2018 11:37:4
0,0,0,0,0,0 8/3/2018 11:37:5
0,0,0,0,0,0 8/3/2018 11:37:5
0,0,0,0,0,0 8/3/2018 11:37:5
0,0,0,41,0,0 8/3/2018 11:37:5
0,0,0,123,0,0 8/3/2018 11:37:5
0,0,0,172,0,0 8/3/2018 11:37:5
0,0,0,112,0,0 8/3/2018 11:37:5
0,0,0,0,0,0 8/3/2018 11:37:5
0,0,0,0,0,0 8/3/2018 11:37:5
0,0,0,0,0,0 8/3/2018 11:37:5
0,0,2,0,0,0 8/3/2018 11:37:5
0,0,1,0,0,0 8/3/2018 11:37:5
0,0,5,0,0,0 8/3/2018 11:37:5
0,0,0,0,0,0 8/3/2018 11:37:5
0,0,0,0,0,0 8/3/2018 11:37:5
0,0,0,0,0,0 8/3/2018 11:37:5
0,0,0,0,0,0 8/3/2018 11:37:5
0,0,0,0,0,0 8/3/2018 11:37:5
0,0,0,0,0,0 8/3/2018 11:37:5
0,0,0,0,0,0 8/3/2018 11:37:5
0,0,0,0,0,0 8/3/2018 11:37:5
0,0,0,0,0,0 8/3/2018 11:37:5
0,0,0,0,0,0 8/3/2018 11:37:5
0,0,0,0,0,0 8/3/2018 11:37:6
0,0,0,0,0,0 8/3/2018 11:37:6
0,0,0,0,0,0 8/3/2018 11:37:6
0,0,0,0,3,0 8/3/2018 11:37:6
0,0,0,0,0,0 8/3/2018 11:37:6
0,0,0,0,0,0 8/3/2018 11:37:6
0,0,0,0,0,0 8/3/2018 11:37:6
0,0,0,0,0,0 8/3/2018 11:37:6
0,0,0,0,0,0 8/3/2018 11:37:6
0,0,0,34,0,0 8/3/2018 11:37:6
0,0,0,38,0,0 8/3/2018 11:37:6
0,0,0,25,1,0 8/3/2018 11:37:6
0,0,0,38,0,0 8/3/2018 11:37:6
0,0,0,43,0,0 8/3/2018 11:37:6
0,0,0,43,0,0 8/3/2018 11:37:6
0,0,0,72,0,0 8/3/2018 11:37:6
0,0,0,23,0,0 8/3/2018 11:37:6
0,0,0,0,0,0 8/3/2018 11:37:6
0,0,0,0,0,0 8/3/2018 11:37:6
0,0,0,0,0,0 8/3/2018 11:37:6
0,0,0,0,0,0 8/3/2018 11:37:6
0,0,4,0,0,0 8/3/2018 11:37:6
0,0,0,0,0,0 8/3/2018 11:37:7
0,0,10,0,0,0 8/3/2018 11:37:7
0,0,8,0,0,0 8/3/2018 11:37:7
0,0,13,0,0,0 8/3/2018 11:37:7
0,0,8,0,0,0 8/3/2018 11:37:7
0,0,29,0,0,0 8/3/2018 11:37:7
0,0,27,0,0,0 8/3/2018 11:37:7
0,0,28,0,0,0 8/3/2018 11:37:7
0,0,9,0,0,0 8/3/2018 11:37:7
0,0,2,0,0,0 8/3/2018 11:37:7
0,0,8,0,0,0 8/3/2018 11:37:7
0,0,4,0,0,0 8/3/2018 11:37:7
0,0,6,0,0,0 8/3/2018 11:37:7
0,0,1,0,0,0 8/3/2018 11:37:7
0,0,0,0,0,0 8/3/2018 11:37:7
0,0,0,0,0,0 8/3/2018 11:37:7
0,0,0,0,0,0 8/3/2018 11:37:7
0,0,0,0,0,0 8/3/2018 11:37:7
0,0,2,0,0,0 8/3/2018 11:37:7
0,0,1,0,0,0 8/3/2018 11:37:7
0,0,2,0,0,0 8/3/2018 11:37:7
0,0,4,0,0,0 8/3/2018 11:37:7
0,0,6,0,0,0 8/3/2018 11:37:7
0,0,4,0,0,0 8/3/2018 11:37:8
0,0,8,0,0,0 8/3/2018 11:37:8
0,0,10,0,0,0 8/3/2018 11:37:8
0,0,9,0,0,0 8/3/2018 11:37:8
0,0,0,0,0,0 8/3/2018 11:37:8
0,0,4,0,0,0 8/3/2018 11:37:8
0,0,7,0,0,0 8/3/2018 11:37:8
0,0,7,0,0,0 8/3/2018 11:37:8
0,0,16,0,0,0 8/3/2018 11:37:8
0,0,7,0,0,0 8/3/2018 11:37:8
0,0,9,0,0,0 8/3/2018 11:37:8
0,0,7,0,0,0 8/3/2018 11:37:8
0,0,11,0,0,0 8/3/2018 11:37:8
0,0,14,0,0,0 8/3/2018 11:37:8
0,0,14,0,0,0 8/3/2018 11:37:8
0,0,9,0,0,0 8/3/2018 11:37:8
0,0,10,0,0,0 8/3/2018 11:37:8
0,0,6,0,0,0 8/3/2018 11:37:8
0,0,9,0,0,0 8/3/2018 11:37:8
0,0,8,10,0,0 8/3/2018 11:37:8
0,0,8,0,0,0 8/3/2018 11:37:8
0,0,8,0,0,0 8/3/2018 11:37:8
0,0,7,0,0,0 8/3/2018 11:37:8
0,0,10,0,0,0 8/3/2018 11:37:9
0,0,15,0,0,0 8/3/2018 11:37:9
0,0,14,0,0,0 8/3/2018 11:37:9
0,0,37,0,0,0 8/3/2018 11:37:9
0,0,31,0,0,0 8/3/2018 11:37:9
0,0,36,0,0,0 8/3/2018 11:37:9
0,0,38,0,0,0 8/3/2018 11:37:9
0,0,38,0,0,0 8/3/2018 11:37:9
0,0,42,0,0,0 8/3/2018 11:37:9
0,0,40,0,0,0 8/3/2018 11:37:9
0,0,43,0,0,0 8/3/2018 11:37:9
0,0,42,0,0,0 8/3/2018 11:37:9
0,0,27,0,0,0 8/3/2018 11:37:9
0,0,26,0,0,0 8/3/2018 11:37:9
0,0,25,0,0,0 8/3/2018 11:37:9
0,0,22,0,0,0 8/3/2018 11:37:9
0,0,0,0,0,0 8/3/2018 11:37:9
0,0,3,0,0,0 8/3/2018 11:37:9
0,0,6,0,0,0 8/3/2018 11:37:9
0,0,6,0,0,0 8/3/2018 11:37:9
0,0,4,0,0,0 8/3/2018 11:37:9
0,0,0,0,0,0 8/3/2018 11:37:9
0,0,0,0,0,0 8/3/2018 11:37:9
0,0,0,0,0,0 8/3/2018 11:37:10
0,0,0,0,0,0 8/3/2018 11:37:10
0,0,0,0,0,0 8/3/2018 11:37:10
0,0,17,0,0,0 8/3/2018 11:37:10
0,0,7,0,0,0 8/3/2018 11:37:10
0,0,0,0,0,0 8/3/2018 11:37:10
0,0,6,0,0,0 8/3/2018 11:37:10
0,0,0,0,0,0 8/3/2018 11:37:10
0,0,0,0,0,0 8/3/2018 11:37:10
0,0,0,0,0,0 8/3/2018 11:37:10
0,0,0,5,0,0 8/3/2018 11:37:10
0,0,0,72,0,0 8/3/2018 11:37:10
0,0,0,99,0,0 8/3/2018 11:37:10
