0,0,0,0,0,0 8/3/2018 11:38:16
0,0,0,0,0,0 8/3/2018 11:38:16
0,0,0,0,0,0 8/3/2018 11:38:16
0,0,0,0,0,0 8/3/2018 11:38:16
0,0,0,0,0,0 8/3/2018 11:38:16
0,0,0,0,0,0 8/3/2018 11:38:16
0,0,0,0,0,0 8/3/2018 11:38:16
0,0,12,0,1,0 8/3/2018 11:38:16
0,0,16,0,0,0 8/3/2018 11:38:16
0,0,2,0,0,0 8/3/2018 11:38:16
0,0,22,0,0,0 8/3/2018 11:38:16
0,0,7,0,0,0 8/3/2018 11:38:16
0,0,20,4,0,0 8/3/2018 11:38:16
0,0,32,52,0,0 8/3/2018 11:38:16
0,0,42,62,0,0 8/3/2018 11:38:16
0,0,42,160,0,0 8/3/2018 11:38:16
0,0,43,223,0,0 8/3/2018 11:38:16
0,0,42,237,0,0 8/3/2018 11:38:17
0,0,40,245,0,0 8/3/2018 11:38:17
0,0,43,253,0,0 8/3/2018 11:38:17
0,0,48,274,0,0 8/3/2018 11:38:17
0,0,56,279,0,0 8/3/2018 11:38:17
0,0,58,287,0,0 8/3/2018 11:38:17
0,0,58,302,0,0 8/3/2018 11:38:17
0,0,55,325,0,0 8/3/2018 11:38:17
0,0,92,320,0,0 8/3/2018 11:38:17
0,0,86,323,0,0 8/3/2018 11:38:17
0,0,86,315,0,0 8/3/2018 11:38:17
0,0,79,292,0,0 8/3/2018 11:38:17
0,0,79,296,0,0 8/3/2018 11:38:17
0,0,83,307,0,0 8/3/2018 11:38:17
0,0,81,319,0,0 8/3/2018 11:38:17
0,0,82,328,0,0 8/3/2018 11:38:17
0,0,82,350,0,0 8/3/2018 11:38:17
0,0,77,357,0,0 8/3/2018 11:38:17
0,0,79,362,0,0 8/3/2018 11:38:17
0,0,80,363,0,0 8/3/2018 11:38:17
0,0,79,378,0,0 8/3/2018 11:38:17
0,0,85,376,0,0 8/3/2018 11:38:17
0,0,92,376,0,0 8/3/2018 11:38:18
0,0,92,372,0,0 8/3/2018 11:38:18
0,0,74,361,0,0 8/3/2018 11:38:18
0,0,69,347,0,0 8/3/2018 11:38:18
0,0,43,254,0,0 8/3/2018 11:38:18
0,0,23,0,0,0 8/3/2018 11:38:18
0,0,0,0,0,0 8/3/2018 11:38:18
0,0,8,0,0,0 8/3/2018 11:38:18
0,0,0,0,0,0 8/3/2018 11:38:18
0,0,2,0,0,0 8/3/2018 11:38:18
0,0,15,0,0,0 8/3/2018 11:38:18
0,0,16,0,0,0 8/3/2018 11:38:18
0,0,15,0,0,0 8/3/2018 11:38:18
0,0,1,0,0,0 8/3/2018 11:38:18
0,0,3,0,0,0 8/3/2018 11:38:18
0,0,9,0,0,0 8/3/2018 11:38:18
0,0,14,0,0,0 8/3/2018 11:38:18
0,0,22,0,0,0 8/3/2018 11:38:18
0,0,0,0,0,0 8/3/2018 11:38:18
0,0,0,0,0,0 8/3/2018 11:38:18
0,0,0,0,0,0 8/3/2018 11:38:18
0,0,0,0,0,0 8/3/2018 11:38:18
0,0,0,0,0,0 8/3/2018 11:38:18
0,0,0,0,0,0 8/3/2018 11:38:19
0,0,0,0,0,0 8/3/2018 11:38:19
0,0,0,0,0,0 8/3/2018 11:38:19
0,0,0,0,0,0 8/3/2018 11:38:19
0,0,3,0,0,0 8/3/2018 11:38:19
0,0,12,0,0,0 8/3/2018 11:38:19
0,0,0,0,0,0 8/3/2018 11:38:19
0,0,0,0,0,0 8/3/2018 11:38:19
0,0,0,0,0,0 8/3/2018 11:38:19
0,0,1,0,0,0 8/3/2018 11:38:19
0,0,3,0,0,0 8/3/2018 11:38:19
0,0,0,0,0,0 8/3/2018 11:38:19
0,0,3,0,0,0 8/3/2018 11:38:19
0,0,5,0,0,0 8/3/2018 11:38:19
0,0,3,0,0,0 8/3/2018 11:38:19
0,0,10,0,0,0 8/3/2018 11:38:19
0,0,15,0,0,0 8/3/2018 11:38:19
0,0,32,0,0,0 8/3/2018 11:38:19
0,0,28,0,0,0 8/3/2018 11:38:19
0,0,24,0,0,0 8/3/2018 11:38:19
0,0,37,0,0,0 8/3/2018 11:38:19
0,0,30,0,0,0 8/3/2018 11:38:19
0,0,24,0,0,0 8/3/2018 11:38:19
0,0,16,0,0,0 8/3/2018 11:38:20
0,0,15,0,0,0 8/3/2018 11:38:20
0,0,24,0,0,0 8/3/2018 11:38:20
0,0,27,0,0,0 8/3/2018 11:38:20
0,0,25,0,0,0 8/3/2018 11:38:20
0,0,38,1,0,0 8/3/2018 11:38:20
0,0,35,21,0,0 8/3/2018 11:38:20
0,0,44,49,0,0 8/3/2018 11:38:20
0,0,45,42,0,0 8/3/2018 11:38:20
0,0,51,22,0,0 8/3/2018 11:38:20
0,0,61,32,0,0 8/3/2018 11:38:20
0,0,65,41,0,0 8/3/2018 11:38:20
0,0,66,72,0,0 8/3/2018 11:38:20
0,0,62,103,0,0 8/3/2018 11:38:20
0,0,63,139,0,0 8/3/2018 11:38:20
0,0,69,199,0,0 8/3/2018 11:38:20
0,0,65,240,0,0 8/3/2018 11:38:20
0,0,91,240,0,0 8/3/2018 11:38:20
0,0,92,258,0,0 8/3/2018 11:38:20
0,0,96,271,0,0 8/3/2018 11:38:20
0,0,103,273,0,0 8/3/2018 11:38:20
0,0,107,279,0,0 8/3/2018 11:38:20
0,0,105,288,0,0 8/3/2018 11:38:21
0,0,102,296,0,0 8/3/2018 11:38:21
0,0,107,287,0,0 8/3/2018 11:38:21
0,0,102,296,0,0 8/3/2018 11:38:21
0,0,101,289,0,0 8/3/2018 11:38:21
0,3,103,287,0,0 8/3/2018 11:38:21
0,0,105,283,0,0 8/3/2018 11:38:21
0,0,101,278,0,0 8/3/2018 11:38:21
0,0,99,269,0,0 8/3/2018 11:38:21
0,0,97,241,0,0 8/3/2018 11:38:21
0,0,98,243,0,0 8/3/2018 11:38:21
0,0,107,244,0,0 8/3/2018 11:38:21
0,0,111,236,0,0 8/3/2018 11:38:21
0,0,110,237,0,0 8/3/2018 11:38:21
0,0,97,204,0,0 8/3/2018 11:38:21
0,0,70,123,0,0 8/3/2018 11:38:21
0,0,54,97,0,0 8/3/2018 11:38:21
0,0,48,76,0,0 8/3/2018 11:38:21
0,0,46,29,0,0 8/3/2018 11:38:21
0,0,42,0,0,0 8/3/2018 11:38:21
0,0,38,0,0,0 8/3/2018 11:38:21
0,0,51,0,0,0 8/3/2018 11:38:21
0,0,62,0,0,0 8/3/2018 11:38:21
0,0,38,0,0,0 8/3/2018 11:38:22
0,0,38,0,0,0 8/3/2018 11:38:22
0,0,48,0,0,0 8/3/2018 11:38:22
0,0,22,0,0,0 8/3/2018 11:38:22
0,0,5,0,0,0 8/3/2018 11:38:22
0,0,2,0,0,0 8/3/2018 11:38:22
0,0,0,0,0,0 8/3/2018 11:38:22
0,0,0,0,0,0 8/3/2018 11:38:22
0,0,0,0,0,0 8/3/2018 11:38:22
0,0,0,0,0,0 8/3/2018 11:38:22
0,0,0,0,0,0 8/3/2018 11:38:22
0,0,0,0,0,0 8/3/2018 11:38:22
0,0,0,0,0,0 8/3/2018 11:38:22
0,0,0,0,0,0 8/3/2018 11:38:22
0,0,2,0,0,0 8/3/2018 11:38:22
0,0,3,0,0,0 8/3/2018 11:38:22
0,0,0,0,0,0 8/3/2018 11:38:22
0,0,0,0,0,0 8/3/2018 11:38:22
0,0,0,0,0,0 8/3/2018 11:38:22
0,0,0,0,0,0 8/3/2018 11:38:22
0,0,0,0,0,0 8/3/2018 11:38:22
0,0,0,0,0,0 8/3/2018 11:38:22
0,0,1,0,0,0 8/3/2018 11:38:22
0,0,2,0,0,0 8/3/2018 11:38:23
0,0,1,0,0,0 8/3/2018 11:38:23
0,0,0,0,0,0 8/3/2018 11:38:23
0,0,0,0,0,0 8/3/2018 11:38:23
0,0,0,0,0,0 8/3/2018 11:38:23
0,0,0,0,0,0 8/3/2018 11:38:23
0,0,0,0,0,0 8/3/2018 11:38:23
0,0,0,0,0,0 8/3/2018 11:38:23
0,0,0,0,0,0 8/3/2018 11:38:23
0,0,0,0,0,0 8/3/2018 11:38:23
0,0,0,0,0,0 8/3/2018 11:38:23
0,0,0,0,0,0 8/3/2018 11:38:23
0,0,0,0,0,0 8/3/2018 11:38:23
0,0,0,0,0,0 8/3/2018 11:38:23
0,0,6,0,0,0 8/3/2018 11:38:23
0,0,7,0,1,0 8/3/2018 11:38:23
0,0,12,0,0,0 8/3/2018 11:38:23
0,0,4,0,0,0 8/3/2018 11:38:23
0,0,10,0,0,0 8/3/2018 11:38:23
0,0,8,0,0,0 8/3/2018 11:38:23
0,0,5,0,0,0 8/3/2018 11:38:23
0,0,3,0,0,0 8/3/2018 11:38:23
0,0,2,10,0,0 8/3/2018 11:38:23
0,0,5,38,0,0 8/3/2018 11:38:24
0,0,10,60,0,0 8/3/2018 11:38:24
0,0,12,72,0,0 8/3/2018 11:38:24
0,0,17,100,0,0 8/3/2018 11:38:24
0,0,24,112,0,0 8/3/2018 11:38:24
0,0,26,128,0,0 8/3/2018 11:38:24
0,0,25,135,0,0 8/3/2018 11:38:24
0,0,27,133,0,0 8/3/2018 11:38:24
0,0,33,147,0,0 8/3/2018 11:38:24
0,0,32,151,0,0 8/3/2018 11:38:24
0,0,22,144,0,0 8/3/2018 11:38:24
0,0,8,131,0,0 8/3/2018 11:38:24
0,0,15,82,0,0 8/3/2018 11:38:24
0,0,11,0,0,0 8/3/2018 11:38:24
0,0,9,0,0,0 8/3/2018 11:38:24
0,0,5,0,0,0 8/3/2018 11:38:24
0,0,0,0,0,0 8/3/2018 11:38:24
0,0,1,0,0,0 8/3/2018 11:38:24
0,0,4,0,0,0 8/3/2018 11:38:24
0,0,3,0,0,0 8/3/2018 11:38:24
0,0,3,0,0,0 8/3/2018 11:38:24
0,0,2,0,0,0 8/3/2018 11:38:24
0,0,0,0,0,0 8/3/2018 11:38:25
0,0,0,0,0,2 8/3/2018 11:38:25
0,0,0,0,0,0 8/3/2018 11:38:25
0,0,0,0,2,0 8/3/2018 11:38:25
0,0,0,0,0,0 8/3/2018 11:38:25
0,0,0,0,0,0 8/3/2018 11:38:25
0,0,1,0,0,0 8/3/2018 11:38:25
0,0,3,10,0,0 8/3/2018 11:38:25
0,0,1,20,0,0 8/3/2018 11:38:25
0,0,6,56,0,0 8/3/2018 11:38:25
0,0,2,75,0,0 8/3/2018 11:38:25
0,0,13,92,0,0 8/3/2018 11:38:25
0,0,11,95,0,0 8/3/2018 11:38:25
0,0,22,122,0,0 8/3/2018 11:38:25
0,0,15,165,0,0 8/3/2018 11:38:25
0,0,14,162,0,0 8/3/2018 11:38:25
0,0,10,177,0,0 8/3/2018 11:38:25
0,0,0,173,0,0 8/3/2018 11:38:25
0,0,13,158,0,0 8/3/2018 11:38:25
0,0,19,111,0,0 8/3/2018 11:38:25
0,0,19,71,0,0 8/3/2018 11:38:25
0,0,13,23,0,0 8/3/2018 11:38:25
0,0,1,0,0,0 8/3/2018 11:38:25
0,0,0,0,0,0 8/3/2018 11:38:26
0,0,0,0,0,0 8/3/2018 11:38:26
0,0,0,0,0,0 8/3/2018 11:38:26
0,0,4,0,0,0 8/3/2018 11:38:26
0,0,3,0,0,0 8/3/2018 11:38:26
0,0,4,58,0,0 8/3/2018 11:38:26
0,0,0,114,0,0 8/3/2018 11:38:26
0,0,0,142,0,0 8/3/2018 11:38:26
0,0,0,162,0,0 8/3/2018 11:38:26
0,0,0,169,0,0 8/3/2018 11:38:26
0,0,6,246,0,0 8/3/2018 11:38:26
0,0,19,325,0,0 8/3/2018 11:38:26
0,0,35,366,0,0 8/3/2018 11:38:26
0,2,36,386,0,0 8/3/2018 11:38:26
0,0,33,357,0,0 8/3/2018 11:38:26
0,0,6,221,0,0 8/3/2018 11:38:26
0,0,5,75,0,0 8/3/2018 11:38:26
0,0,2,12,0,0 8/3/2018 11:38:26
0,0,8,2,0,0 8/3/2018 11:38:26
0,0,27,0,0,0 8/3/2018 11:38:26
0,0,28,0,0,0 8/3/2018 11:38:26
0,0,32,0,0,0 8/3/2018 11:38:26
0,0,25,0,0,0 8/3/2018 11:38:26
0,0,28,0,0,0 8/3/2018 11:38:27
0,0,32,0,0,0 8/3/2018 11:38:27
0,0,34,0,0,0 8/3/2018 11:38:27
0,0,34,0,0,0 8/3/2018 11:38:27
0,0,35,0,0,0 8/3/2018 11:38:27
0,0,36,0,0,0 8/3/2018 11:38:27
0,0,21,0,0,0 8/3/2018 11:38:27
0,0,20,0,0,0 8/3/2018 11:38:27
0,0,19,0,0,0 8/3/2018 11:38:27
0,0,18,0,0,0 8/3/2018 11:38:27
0,0,16,0,0,0 8/3/2018 11:38:27
0,0,18,0,0,0 8/3/2018 11:38:27
0,0,31,0,0,0 8/3/2018 11:38:27
0,0,26,0,0,0 8/3/2018 11:38:27
