0,0,0,0,0,0 8/3/2018 11:39:35
0,0,0,0,0,0 8/3/2018 11:39:35
0,0,0,0,0,0 8/3/2018 11:39:35
0,0,0,0,0,0 8/3/2018 11:39:35
0,0,0,0,0,0 8/3/2018 11:39:35
0,0,0,0,0,0 8/3/2018 11:39:35
0,0,0,0,0,0 8/3/2018 11:39:35
0,0,0,0,0,0 8/3/2018 11:39:35
0,0,0,0,0,0 8/3/2018 11:39:35
0,0,0,0,0,0 8/3/2018 11:39:35
0,0,0,0,0,0 8/3/2018 11:39:35
0,0,0,0,0,0 8/3/2018 11:39:35
0,0,0,0,0,0 8/3/2018 11:39:35
0,0,0,0,0,0 8/3/2018 11:39:35
0,0,0,0,0,0 8/3/2018 11:39:35
0,0,0,0,0,0 8/3/2018 11:39:35
0,0,0,0,0,0 8/3/2018 11:39:35
0,0,0,0,0,0 8/3/2018 11:39:36
0,0,0,0,0,0 8/3/2018 11:39:36
0,0,0,0,0,0 8/3/2018 11:39:36
0,0,0,0,0,0 8/3/2018 11:39:36
0,0,0,0,0,0 8/3/2018 11:39:36
0,0,0,0,0,0 8/3/2018 11:39:36
0,0,0,0,0,0 8/3/2018 11:39:36
0,0,0,0,0,0 8/3/2018 11:39:36
0,0,0,5,0,0 8/3/2018 11:39:36
0,0,0,32,0,0 8/3/2018 11:39:36
0,0,0,60,0,0 8/3/2018 11:39:36
0,0,0,68,0,0 8/3/2018 11:39:36
0,0,0,68,0,0 8/3/2018 11:39:36
0,0,0,86,0,0 8/3/2018 11:39:36
0,0,0,71,0,0 8/3/2018 11:39:36
0,0,0,0,0,0 8/3/2018 11:39:36
0,0,0,0,0,0 8/3/2018 11:39:36
0,0,0,0,0,0 8/3/2018 11:39:36
0,0,0,0,0,0 8/3/2018 11:39:36
0,0,0,0,0,0 8/3/2018 11:39:36
0,0,0,0,0,0 8/3/2018 11:39:36
0,0,0,0,0,0 8/3/2018 11:39:36
0,0,0,0,0,0 8/3/2018 11:39:36
0,0,0,0,0,0 8/3/2018 11:39:37
0,0,0,0,0,0 8/3/2018 11:39:37
0,0,0,0,0,0 8/3/2018 11:39:37
0,0,0,0,0,0 8/3/2018 11:39:37
0,0,0,0,0,0 8/3/2018 11:39:37
0,0,0,0,0,0 8/3/2018 11:39:37
0,0,0,0,0,0 8/3/2018 11:39:37
0,0,0,0,0,0 8/3/2018 11:39:37
0,0,0,0,0,0 8/3/2018 11:39:37
0,0,0,0,0,0 8/3/2018 11:39:37
0,0,0,0,0,0 8/3/2018 11:39:37
0,0,0,0,0,0 8/3/2018 11:39:37
0,0,0,0,0,0 8/3/2018 11:39:37
0,0,0,0,0,0 8/3/2018 11:39:37
0,0,0,0,0,0 8/3/2018 11:39:37
0,0,0,0,0,0 8/3/2018 11:39:37
0,0,0,0,0,0 8/3/2018 11:39:37
0,0,0,0,0,0 8/3/2018 11:39:37
0,0,0,0,0,0 8/3/2018 11:39:37
0,0,0,0,0,0 8/3/2018 11:39:37
0,0,0,0,0,0 8/3/2018 11:39:37
0,0,0,0,0,0 8/3/2018 11:39:37
0,0,0,0,0,0 8/3/2018 11:39:37
0,0,0,0,0,0 8/3/2018 11:39:38
0,0,0,0,0,0 8/3/2018 11:39:38
0,0,0,0,0,0 8/3/2018 11:39:38
0,0,2,0,0,0 8/3/2018 11:39:38
0,0,5,0,0,0 8/3/2018 11:39:38
0,0,3,0,0,0 8/3/2018 11:39:38
0,0,0,0,0,0 8/3/2018 11:39:38
0,0,0,0,0,0 8/3/2018 11:39:38
0,0,0,0,0,0 8/3/2018 11:39:38
0,0,0,0,0,0 8/3/2018 11:39:38
0,0,0,57,0,0 8/3/2018 11:39:38
0,0,0,70,0,0 8/3/2018 11:39:38
0,0,0,130,0,0 8/3/2018 11:39:38
0,0,0,163,0,0 8/3/2018 11:39:38
0,0,0,169,0,0 8/3/2018 11:39:38
0,0,0,135,0,0 8/3/2018 11:39:38
0,0,0,94,0,0 8/3/2018 11:39:38
0,0,0,88,0,0 8/3/2018 11:39:38
0,0,0,84,0,0 8/3/2018 11:39:38
0,0,0,92,0,0 8/3/2018 11:39:38
0,0,0,94,0,0 8/3/2018 11:39:38
0,0,0,64,0,0 8/3/2018 11:39:38
0,0,0,67,0,0 8/3/2018 11:39:39
0,0,0,57,0,0 8/3/2018 11:39:39
0,0,0,76,0,0 8/3/2018 11:39:39
0,0,0,40,0,0 8/3/2018 11:39:39
0,0,0,40,0,0 8/3/2018 11:39:39
0,0,0,0,0,0 8/3/2018 11:39:39
0,0,0,0,0,0 8/3/2018 11:39:39
0,0,0,0,0,0 8/3/2018 11:39:39
0,0,0,0,0,0 8/3/2018 11:39:39
0,0,0,0,0,0 8/3/2018 11:39:39
0,0,0,2,0,0 8/3/2018 11:39:39
0,0,0,0,0,0 8/3/2018 11:39:39
0,0,2,0,0,0 8/3/2018 11:39:39
0,0,10,0,0,0 8/3/2018 11:39:39
0,0,11,0,0,0 8/3/2018 11:39:39
0,0,0,0,0,0 8/3/2018 11:39:39
0,0,0,0,0,0 8/3/2018 11:39:39
0,0,0,0,0,0 8/3/2018 11:39:39
0,0,0,0,0,0 8/3/2018 11:39:39
0,0,10,0,0,0 8/3/2018 11:39:39
0,0,0,0,0,0 8/3/2018 11:39:39
0,0,7,0,0,0 8/3/2018 11:39:39
0,0,13,0,0,0 8/3/2018 11:39:39
0,0,10,0,0,0 8/3/2018 11:39:40
0,0,2,0,0,0 8/3/2018 11:39:40
0,0,0,0,2,0 8/3/2018 11:39:40
0,0,0,0,0,0 8/3/2018 11:39:40
0,0,0,0,0,0 8/3/2018 11:39:40
0,0,0,0,0,0 8/3/2018 11:39:40
0,0,0,0,0,0 8/3/2018 11:39:40
0,0,0,0,0,0 8/3/2018 11:39:40
0,0,0,0,0,0 8/3/2018 11:39:40
0,0,0,0,0,0 8/3/2018 11:39:40
0,0,0,0,0,0 8/3/2018 11:39:40
0,0,0,0,0,0 8/3/2018 11:39:40
0,0,0,0,0,0 8/3/2018 11:39:40
0,0,0,0,0,0 8/3/2018 11:39:40
0,0,0,0,0,0 8/3/2018 11:39:40
0,0,0,0,0,0 8/3/2018 11:39:40
0,0,0,0,0,0 8/3/2018 11:39:40
0,0,0,0,0,0 8/3/2018 11:39:40
0,0,0,0,0,0 8/3/2018 11:39:40
0,0,0,0,0,0 8/3/2018 11:39:40
0,0,0,0,0,0 8/3/2018 11:39:40
0,0,0,0,0,0 8/3/2018 11:39:40
0,0,0,0,0,0 8/3/2018 11:39:40
0,0,0,0,0,0 8/3/2018 11:39:41
0,0,0,0,0,0 8/3/2018 11:39:41
0,0,0,0,0,0 8/3/2018 11:39:41
0,0,0,0,0,0 8/3/2018 11:39:41
0,0,0,0,0,0 8/3/2018 11:39:41
0,0,0,0,0,0 8/3/2018 11:39:41
0,2,0,0,0,0 8/3/2018 11:39:41
0,0,0,0,0,0 8/3/2018 11:39:41
0,0,0,0,0,0 8/3/2018 11:39:41
0,0,0,0,0,0 8/3/2018 11:39:41
0,0,17,0,0,0 8/3/2018 11:39:41
0,0,18,0,0,0 8/3/2018 11:39:41
0,0,18,0,0,0 8/3/2018 11:39:41
0,0,31,0,0,0 8/3/2018 11:39:41
0,0,34,0,0,0 8/3/2018 11:39:41
0,0,25,0,0,0 8/3/2018 11:39:41
0,0,25,0,0,0 8/3/2018 11:39:41
0,0,17,0,0,0 8/3/2018 11:39:41
0,0,34,0,0,0 8/3/2018 11:39:41
0,0,35,0,0,0 8/3/2018 11:39:41
0,0,33,0,0,0 8/3/2018 11:39:41
0,0,32,0,0,0 8/3/2018 11:39:41
0,0,27,0,0,0 8/3/2018 11:39:42
0,0,29,0,0,0 8/3/2018 11:39:42
0,0,29,0,0,0 8/3/2018 11:39:42
0,0,6,0,0,0 8/3/2018 11:39:42
0,0,14,0,0,0 8/3/2018 11:39:42
0,0,19,0,0,0 8/3/2018 11:39:42
0,0,39,0,0,0 8/3/2018 11:39:42
0,0,30,0,0,0 8/3/2018 11:39:42
0,0,19,0,0,0 8/3/2018 11:39:42
0,0,11,0,0,0 8/3/2018 11:39:42
0,0,0,0,0,0 8/3/2018 11:39:42
0,0,0,0,0,0 8/3/2018 11:39:42
0,0,0,0,0,0 8/3/2018 11:39:42
0,0,11,0,0,0 8/3/2018 11:39:42
0,0,18,0,0,0 8/3/2018 11:39:42
0,0,14,0,0,0 8/3/2018 11:39:42
0,0,16,0,0,0 8/3/2018 11:39:42
0,0,16,0,0,0 8/3/2018 11:39:42
0,0,15,0,0,0 8/3/2018 11:39:42
0,0,17,0,0,0 8/3/2018 11:39:42
0,0,0,0,0,0 8/3/2018 11:39:42
0,0,0,0,0,0 8/3/2018 11:39:42
0,0,3,0,0,0 8/3/2018 11:39:42
0,0,18,0,0,0 8/3/2018 11:39:43
0,0,19,0,0,0 8/3/2018 11:39:43
0,0,20,0,0,0 8/3/2018 11:39:43
0,0,18,0,0,0 8/3/2018 11:39:43
0,0,18,0,0,0 8/3/2018 11:39:43
0,0,19,0,0,0 8/3/2018 11:39:43
0,0,21,0,0,0 8/3/2018 11:39:43
0,0,20,0,0,0 8/3/2018 11:39:43
0,0,22,0,0,0 8/3/2018 11:39:43
0,0,23,0,0,0 8/3/2018 11:39:43
0,0,24,0,0,0 8/3/2018 11:39:43
0,0,27,0,0,0 8/3/2018 11:39:43
0,0,31,0,0,0 8/3/2018 11:39:43
0,0,30,0,0,0 8/3/2018 11:39:43
0,0,27,0,0,0 8/3/2018 11:39:43
0,0,24,0,0,0 8/3/2018 11:39:43
0,0,24,0,0,0 8/3/2018 11:39:43
0,0,23,0,0,0 8/3/2018 11:39:43
0,0,20,0,0,0 8/3/2018 11:39:43
0,0,22,35,0,0 8/3/2018 11:39:43
0,0,22,0,0,0 8/3/2018 11:39:43
0,0,19,0,0,0 8/3/2018 11:39:43
0,0,12,0,0,0 8/3/2018 11:39:43
0,0,3,0,0,0 8/3/2018 11:39:44
0,0,19,0,0,0 8/3/2018 11:39:44
0,0,0,0,0,0 8/3/2018 11:39:44
0,0,0,0,0,0 8/3/2018 11:39:44
0,0,0,0,0,0 8/3/2018 11:39:44
0,0,0,9,0,0 8/3/2018 11:39:44
0,0,0,81,0,0 8/3/2018 11:39:44
0,0,0,229,0,0 8/3/2018 11:39:44
0,0,23,264,0,0 8/3/2018 11:39:44
0,0,45,270,0,0 8/3/2018 11:39:44
0,0,51,272,0,0 8/3/2018 11:39:44
0,0,60,272,0,0 8/3/2018 11:39:44
0,0,69,283,0,0 8/3/2018 11:39:44
0,0,69,252,0,0 8/3/2018 11:39:44
0,0,53,219,0,0 8/3/2018 11:39:44
0,0,47,149,0,0 8/3/2018 11:39:44
0,0,32,65,0,0 8/3/2018 11:39:44
0,0,29,8,0,0 8/3/2018 11:39:44
0,0,12,0,0,0 8/3/2018 11:39:44
0,0,19,0,0,0 8/3/2018 11:39:44
0,0,26,0,0,0 8/3/2018 11:39:44
0,0,28,0,0,0 8/3/2018 11:39:44
0,0,36,0,0,0 8/3/2018 11:39:44
0,0,37,0,0,0 8/3/2018 11:39:45
0,0,35,0,0,0 8/3/2018 11:39:45
0,0,48,0,0,0 8/3/2018 11:39:45
0,0,51,0,0,0 8/3/2018 11:39:45
0,0,70,0,0,0 8/3/2018 11:39:45
0,0,28,0,0,0 8/3/2018 11:39:45
0,0,26,0,0,0 8/3/2018 11:39:45
0,0,37,0,0,0 8/3/2018 11:39:45
0,0,43,0,0,0 8/3/2018 11:39:45
0,0,43,0,0,0 8/3/2018 11:39:45
0,0,41,0,0,0 8/3/2018 11:39:45
0,0,45,0,0,0 8/3/2018 11:39:45
0,0,43,0,0,0 8/3/2018 11:39:45
0,0,44,0,0,0 8/3/2018 11:39:45
0,0,43,0,0,0 8/3/2018 11:39:45
0,0,34,0,0,0 8/3/2018 11:39:45
0,0,31,1,0,0 8/3/2018 11:39:45
0,0,29,0,0,0 8/3/2018 11:39:45
0,0,25,0,0,0 8/3/2018 11:39:45
0,1,30,0,0,0 8/3/2018 11:39:45
0,0,35,0,0,0 8/3/2018 11:39:45
0,0,28,0,0,0 8/3/2018 11:39:45
0,0,29,0,0,0 8/3/2018 11:39:46
0,0,30,0,0,0 8/3/2018 11:39:46
0,0,31,0,0,0 8/3/2018 11:39:46
0,0,21,0,0,0 8/3/2018 11:39:46
0,0,33,0,0,0 8/3/2018 11:39:46
0,0,32,0,0,0 8/3/2018 11:39:46
0,0,31,0,0,0 8/3/2018 11:39:46
0,0,31,0,0,0 8/3/2018 11:39:46
0,0,18,0,0,0 8/3/2018 11:39:46
0,0,16,0,0,0 8/3/2018 11:39:46
0,0,16,0,0,0 8/3/2018 11:39:46
0,0,15,0,0,0 8/3/2018 11:39:46
0,0,15,0,0,0 8/3/2018 11:39:46
0,0,15,0,0,0 8/3/2018 11:39:46
