0,0,0,0,0,0 8/3/2018 11:40:47
0,0,0,0,0,0 8/3/2018 11:40:47
0,0,0,0,0,0 8/3/2018 11:40:47
0,0,0,0,0,0 8/3/2018 11:40:47
0,0,0,0,0,0 8/3/2018 11:40:47
0,0,0,0,0,0 8/3/2018 11:40:47
0,0,0,0,0,0 8/3/2018 11:40:47
0,0,0,20,0,0 8/3/2018 11:40:47
0,0,0,40,0,0 8/3/2018 11:40:48
0,0,0,57,0,0 8/3/2018 11:40:48
0,0,8,67,0,0 8/3/2018 11:40:48
0,0,3,46,0,0 8/3/2018 11:40:48
0,0,0,41,0,0 8/3/2018 11:40:48
0,0,0,6,0,0 8/3/2018 11:40:48
0,0,0,0,0,0 8/3/2018 11:40:48
0,0,0,0,0,0 8/3/2018 11:40:48
0,0,0,0,0,0 8/3/2018 11:40:48
0,0,0,0,0,0 8/3/2018 11:40:48
0,0,0,0,0,0 8/3/2018 11:40:48
0,0,0,0,0,0 8/3/2018 11:40:48
0,0,0,0,0,0 8/3/2018 11:40:48
0,0,0,0,0,0 8/3/2018 11:40:48
0,0,20,0,0,0 8/3/2018 11:40:48
0,0,22,0,0,0 8/3/2018 11:40:48
0,0,26,0,0,0 8/3/2018 11:40:48
0,0,18,0,0,0 8/3/2018 11:40:48
0,0,0,0,0,0 8/3/2018 11:40:48
0,0,0,0,0,0 8/3/2018 11:40:48
0,0,0,0,0,0 8/3/2018 11:40:48
0,0,0,0,0,0 8/3/2018 11:40:48
0,0,0,0,0,0 8/3/2018 11:40:48
0,0,0,0,0,0 8/3/2018 11:40:49
0,0,0,0,0,0 8/3/2018 11:40:49
0,0,0,0,0,0 8/3/2018 11:40:49
0,0,0,0,0,0 8/3/2018 11:40:49
0,0,4,0,0,0 8/3/2018 11:40:49
0,0,6,0,0,0 8/3/2018 11:40:49
0,0,3,0,0,0 8/3/2018 11:40:49
0,0,9,0,0,0 8/3/2018 11:40:49
0,0,10,0,0,0 8/3/2018 11:40:49
0,0,11,0,0,0 8/3/2018 11:40:49
0,0,15,0,0,0 8/3/2018 11:40:49
0,0,16,0,0,0 8/3/2018 11:40:49
0,0,15,5,0,0 8/3/2018 11:40:49
0,0,14,25,0,0 8/3/2018 11:40:49
0,0,20,42,0,0 8/3/2018 11:40:49
0,0,14,64,0,0 8/3/2018 11:40:49
0,0,27,75,0,0 8/3/2018 11:40:49
0,0,44,66,0,0 8/3/2018 11:40:49
0,0,44,63,0,0 8/3/2018 11:40:49
0,0,35,57,0,0 8/3/2018 11:40:49
0,0,36,27,0,0 8/3/2018 11:40:49
0,0,35,0,0,0 8/3/2018 11:40:49
0,0,36,4,0,0 8/3/2018 11:40:49
0,0,41,13,0,0 8/3/2018 11:40:50
0,0,49,53,0,0 8/3/2018 11:40:50
0,0,49,52,0,0 8/3/2018 11:40:50
0,0,52,87,0,0 8/3/2018 11:40:50
0,0,54,104,0,0 8/3/2018 11:40:50
0,0,89,97,0,0 8/3/2018 11:40:50
0,0,89,103,0,0 8/3/2018 11:40:50
0,0,88,210,0,0 8/3/2018 11:40:50
0,0,87,250,0,0 8/3/2018 11:40:50
0,0,87,249,0,0 8/3/2018 11:40:50
0,0,92,254,0,0 8/3/2018 11:40:50
0,0,90,268,0,0 8/3/2018 11:40:50
0,0,88,293,0,0 8/3/2018 11:40:50
0,0,87,296,0,0 8/3/2018 11:40:50
0,0,89,335,0,0 8/3/2018 11:40:50
0,0,95,378,0,0 8/3/2018 11:40:50
0,0,94,373,0,0 8/3/2018 11:40:50
0,0,96,370,0,0 8/3/2018 11:40:50
0,0,94,378,0,0 8/3/2018 11:40:50
0,0,94,378,0,0 8/3/2018 11:40:50
0,0,95,389,0,0 8/3/2018 11:40:50
0,0,92,400,0,0 8/3/2018 11:40:50
0,0,89,406,0,0 8/3/2018 11:40:51
0,0,95,395,0,0 8/3/2018 11:40:51
0,0,93,390,0,0 8/3/2018 11:40:51
0,0,92,367,0,0 8/3/2018 11:40:51
0,0,86,283,0,0 8/3/2018 11:40:51
0,0,82,156,0,0 8/3/2018 11:40:51
0,0,55,61,0,0 8/3/2018 11:40:51
0,0,50,0,0,0 8/3/2018 11:40:51
0,0,41,0,0,0 8/3/2018 11:40:51
0,0,41,0,0,0 8/3/2018 11:40:51
0,0,36,0,0,0 8/3/2018 11:40:51
0,0,25,0,0,0 8/3/2018 11:40:51
0,0,25,0,0,0 8/3/2018 11:40:51
0,0,27,0,0,0 8/3/2018 11:40:51
0,0,22,0,0,0 8/3/2018 11:40:51
0,0,24,0,0,0 8/3/2018 11:40:51
0,0,16,0,0,0 8/3/2018 11:40:51
0,0,17,0,0,0 8/3/2018 11:40:51
0,0,18,0,0,0 8/3/2018 11:40:51
0,0,16,0,0,0 8/3/2018 11:40:51
0,0,18,0,0,0 8/3/2018 11:40:51
0,0,20,0,0,0 8/3/2018 11:40:51
0,0,29,0,0,0 8/3/2018 11:40:51
0,0,43,0,0,0 8/3/2018 11:40:52
0,0,41,0,0,0 8/3/2018 11:40:52
0,0,30,0,0,0 8/3/2018 11:40:52
0,0,31,0,0,0 8/3/2018 11:40:52
0,0,23,0,0,0 8/3/2018 11:40:52
0,0,23,0,0,0 8/3/2018 11:40:52
0,0,14,0,0,0 8/3/2018 11:40:52
0,0,17,0,0,0 8/3/2018 11:40:52
0,0,23,0,0,0 8/3/2018 11:40:52
0,0,25,0,0,0 8/3/2018 11:40:52
0,0,22,0,0,0 8/3/2018 11:40:52
0,0,26,0,0,0 8/3/2018 11:40:52
0,0,23,0,0,0 8/3/2018 11:40:52
0,0,34,59,0,0 8/3/2018 11:40:52
0,0,40,107,0,0 8/3/2018 11:40:52
0,0,32,112,0,0 8/3/2018 11:40:52
0,0,19,108,0,0 8/3/2018 11:40:52
0,0,27,105,0,0 8/3/2018 11:40:52
0,0,26,124,0,0 8/3/2018 11:40:52
0,0,23,148,0,0 8/3/2018 11:40:52
0,0,15,177,0,0 8/3/2018 11:40:52
0,0,24,247,0,0 8/3/2018 11:40:52
0,0,26,330,0,0 8/3/2018 11:40:52
0,0,44,412,0,0 8/3/2018 11:40:53
0,0,43,451,0,0 8/3/2018 11:40:53
0,0,40,467,0,0 8/3/2018 11:40:53
0,0,48,471,0,0 8/3/2018 11:40:53
0,0,47,471,0,0 8/3/2018 11:40:53
0,0,48,468,0,0 8/3/2018 11:40:53
0,0,45,462,0,0 8/3/2018 11:40:53
0,0,47,467,0,0 8/3/2018 11:40:53
0,0,46,450,0,0 8/3/2018 11:40:53
0,0,45,449,0,0 8/3/2018 11:40:53
0,0,39,440,0,0 8/3/2018 11:40:53
0,0,43,437,0,0 8/3/2018 11:40:53
0,0,37,437,0,0 8/3/2018 11:40:53
0,0,42,438,0,0 8/3/2018 11:40:53
0,0,35,451,0,0 8/3/2018 11:40:53
0,0,33,450,1,0 8/3/2018 11:40:53
0,0,38,453,0,0 8/3/2018 11:40:53
0,0,46,450,0,0 8/3/2018 11:40:53
0,0,47,452,0,0 8/3/2018 11:40:53
0,0,49,457,0,0 8/3/2018 11:40:53
0,0,56,465,0,0 8/3/2018 11:40:53
0,0,61,462,0,0 8/3/2018 11:40:53
0,0,58,465,0,0 8/3/2018 11:40:54
0,0,61,465,0,0 8/3/2018 11:40:54
0,0,65,460,0,0 8/3/2018 11:40:54
0,0,60,476,0,0 8/3/2018 11:40:54
0,0,64,479,0,0 8/3/2018 11:40:54
0,0,64,477,0,0 8/3/2018 11:40:54
0,0,57,465,0,0 8/3/2018 11:40:54
0,0,55,464,0,0 8/3/2018 11:40:54
0,0,61,464,0,0 8/3/2018 11:40:54
0,0,58,458,0,0 8/3/2018 11:40:54
0,0,63,458,0,0 8/3/2018 11:40:54
0,0,62,452,0,0 8/3/2018 11:40:54
0,0,58,435,0,0 8/3/2018 11:40:54
0,0,41,427,0,0 8/3/2018 11:40:54
0,0,43,401,0,0 8/3/2018 11:40:54
0,0,34,379,0,0 8/3/2018 11:40:54
0,0,37,371,0,0 8/3/2018 11:40:54
0,0,36,357,0,0 8/3/2018 11:40:54
0,0,29,305,0,0 8/3/2018 11:40:54
0,0,28,254,0,0 8/3/2018 11:40:54
0,0,26,126,0,0 8/3/2018 11:40:54
0,0,28,90,0,0 8/3/2018 11:40:54
0,0,37,41,0,0 8/3/2018 11:40:54
0,0,39,0,0,0 8/3/2018 11:40:55
0,0,19,0,0,0 8/3/2018 11:40:55
0,0,20,0,0,0 8/3/2018 11:40:55
0,0,21,0,0,0 8/3/2018 11:40:55
0,0,22,0,0,0 8/3/2018 11:40:55
0,0,18,0,0,0 8/3/2018 11:40:55
0,0,19,0,0,0 8/3/2018 11:40:55
0,0,18,0,0,0 8/3/2018 11:40:55
0,0,15,0,0,0 8/3/2018 11:40:55
0,0,15,0,0,0 8/3/2018 11:40:55
0,0,14,0,0,0 8/3/2018 11:40:55
0,0,17,0,0,0 8/3/2018 11:40:55
0,0,19,0,0,0 8/3/2018 11:40:55
0,0,14,0,0,0 8/3/2018 11:40:55
0,0,20,0,0,0 8/3/2018 11:40:55
0,0,21,0,0,0 8/3/2018 11:40:55
0,0,27,0,0,0 8/3/2018 11:40:55
0,0,24,0,0,0 8/3/2018 11:40:55
0,0,29,0,0,0 8/3/2018 11:40:55
0,0,36,0,0,0 8/3/2018 11:40:55
0,0,43,0,0,0 8/3/2018 11:40:55
0,0,54,0,0,0 8/3/2018 11:40:55
0,0,56,0,0,0 8/3/2018 11:40:55
0,0,55,0,0,0 8/3/2018 11:40:56
0,0,51,0,0,0 8/3/2018 11:40:56
0,0,42,21,0,0 8/3/2018 11:40:56
0,0,69,38,0,0 8/3/2018 11:40:56
0,0,67,37,0,0 8/3/2018 11:40:56
0,0,65,23,0,0 8/3/2018 11:40:56
0,0,62,52,0,0 8/3/2018 11:40:56
0,0,53,73,0,0 8/3/2018 11:40:56
0,0,52,99,0,0 8/3/2018 11:40:56
0,0,58,145,0,0 8/3/2018 11:40:56
0,0,58,174,0,0 8/3/2018 11:40:56
0,0,63,189,0,0 8/3/2018 11:40:56
0,0,53,182,0,0 8/3/2018 11:40:56
0,0,74,188,0,0 8/3/2018 11:40:56
0,0,54,198,0,0 8/3/2018 11:40:56
0,0,56,212,0,0 8/3/2018 11:40:56
0,0,52,219,0,0 8/3/2018 11:40:56
0,0,59,202,0,0 8/3/2018 11:40:56
0,0,56,264,0,0 8/3/2018 11:40:56
0,0,50,319,0,0 8/3/2018 11:40:56
0,0,73,342,0,0 8/3/2018 11:40:56
0,0,68,348,0,0 8/3/2018 11:40:56
0,0,73,362,0,0 8/3/2018 11:40:56
0,0,77,358,0,0 8/3/2018 11:40:57
0,0,103,362,0,0 8/3/2018 11:40:57
0,0,99,362,0,0 8/3/2018 11:40:57
0,0,96,350,0,0 8/3/2018 11:40:57
0,0,83,361,0,0 8/3/2018 11:40:57
0,0,73,343,0,0 8/3/2018 11:40:57
0,0,72,348,0,0 8/3/2018 11:40:57
0,0,78,335,0,0 8/3/2018 11:40:57
0,0,83,312,0,0 8/3/2018 11:40:57
0,0,79,295,0,0 8/3/2018 11:40:57
0,0,82,281,0,0 8/3/2018 11:40:57
0,0,85,269,0,0 8/3/2018 11:40:57
0,0,62,252,0,0 8/3/2018 11:40:57
0,0,61,242,0,0 8/3/2018 11:40:57
0,0,63,247,0,0 8/3/2018 11:40:57
0,0,71,267,0,0 8/3/2018 11:40:57
0,0,59,288,0,0 8/3/2018 11:40:57
0,0,55,275,0,0 8/3/2018 11:40:57
0,0,57,263,0,1 8/3/2018 11:40:57
0,0,57,270,0,0 8/3/2018 11:40:57
0,0,51,271,0,0 8/3/2018 11:40:57
0,0,52,275,0,0 8/3/2018 11:40:57
0,0,44,281,0,0 8/3/2018 11:40:58
0,0,51,288,0,0 8/3/2018 11:40:58
0,0,52,304,0,0 8/3/2018 11:40:58
0,0,56,319,0,2 8/3/2018 11:40:58
0,0,56,319,0,0 8/3/2018 11:40:58
