0,0,0,46,0,0 8/3/2018 11:42:17
0,0,0,20,0,0 8/3/2018 11:42:17
0,0,0,47,0,0 8/3/2018 11:42:18
0,0,0,74,0,0 8/3/2018 11:42:18
0,0,0,96,0,0 8/3/2018 11:42:18
0,0,0,159,0,0 8/3/2018 11:42:18
0,0,0,215,0,0 8/3/2018 11:42:18
0,0,0,339,0,0 8/3/2018 11:42:18
0,0,0,395,0,0 8/3/2018 11:42:18
0,0,0,452,0,0 8/3/2018 11:42:18
0,0,0,476,0,0 8/3/2018 11:42:18
0,0,0,444,0,0 8/3/2018 11:42:18
0,0,7,406,0,0 8/3/2018 11:42:18
0,0,10,347,0,0 8/3/2018 11:42:18
0,0,2,271,0,0 8/3/2018 11:42:18
0,0,0,240,0,0 8/3/2018 11:42:18
0,0,0,141,0,0 8/3/2018 11:42:18
0,0,0,47,0,0 8/3/2018 11:42:18
0,0,0,0,0,0 8/3/2018 11:42:18
0,0,0,0,0,0 8/3/2018 11:42:18
0,0,0,0,0,0 8/3/2018 11:42:18
0,0,0,0,0,0 8/3/2018 11:42:18
0,0,0,0,0,0 8/3/2018 11:42:18
0,0,0,0,0,0 8/3/2018 11:42:18
0,0,0,0,0,0 8/3/2018 11:42:19
0,0,35,0,0,0 8/3/2018 11:42:19
0,0,37,194,0,0 8/3/2018 11:42:19
0,0,40,383,0,0 8/3/2018 11:42:19
0,0,38,369,0,0 8/3/2018 11:42:19
0,0,26,339,0,0 8/3/2018 11:42:19
0,0,0,276,0,0 8/3/2018 11:42:19
0,0,24,157,0,0 8/3/2018 11:42:19
0,0,13,10,0,0 8/3/2018 11:42:19
0,0,10,31,0,0 8/3/2018 11:42:19
0,0,5,104,0,0 8/3/2018 11:42:19
0,0,0,55,0,0 8/3/2018 11:42:19
0,0,5,96,0,0 8/3/2018 11:42:19
0,0,13,179,0,0 8/3/2018 11:42:19
0,0,22,224,0,0 8/3/2018 11:42:19
0,0,40,286,0,0 8/3/2018 11:42:19
0,0,43,378,0,0 8/3/2018 11:42:19
0,0,74,383,0,0 8/3/2018 11:42:19
0,0,81,396,0,0 8/3/2018 11:42:19
0,0,46,421,0,0 8/3/2018 11:42:19
0,0,41,449,0,0 8/3/2018 11:42:19
0,0,41,460,0,0 8/3/2018 11:42:19
0,0,25,462,0,0 8/3/2018 11:42:19
0,0,6,461,0,0 8/3/2018 11:42:20
0,0,2,443,0,0 8/3/2018 11:42:20
0,0,2,416,0,0 8/3/2018 11:42:20
0,0,20,370,0,0 8/3/2018 11:42:20
0,0,28,273,0,0 8/3/2018 11:42:20
0,0,30,215,0,0 8/3/2018 11:42:20
0,0,25,107,0,0 8/3/2018 11:42:20
0,0,26,0,0,0 8/3/2018 11:42:20
0,0,30,0,0,0 8/3/2018 11:42:20
0,0,37,0,0,0 8/3/2018 11:42:20
0,0,37,0,0,0 8/3/2018 11:42:20
0,0,39,0,0,0 8/3/2018 11:42:20
0,0,40,58,0,0 8/3/2018 11:42:20
0,0,36,50,0,0 8/3/2018 11:42:20
0,0,35,117,0,0 8/3/2018 11:42:20
0,0,34,112,0,0 8/3/2018 11:42:20
0,0,32,166,0,0 8/3/2018 11:42:20
0,0,31,177,0,0 8/3/2018 11:42:20
0,0,35,267,0,0 8/3/2018 11:42:20
0,0,38,310,0,0 8/3/2018 11:42:20
0,0,36,374,0,0 8/3/2018 11:42:20
0,0,34,449,0,0 8/3/2018 11:42:20
0,0,42,468,0,0 8/3/2018 11:42:20
0,0,80,480,0,0 8/3/2018 11:42:21
0,0,128,491,0,0 8/3/2018 11:42:21
0,0,110,493,0,0 8/3/2018 11:42:21
0,0,159,471,0,0 8/3/2018 11:42:21
0,0,178,445,0,0 8/3/2018 11:42:21
0,0,189,446,0,0 8/3/2018 11:42:21
0,0,215,416,0,0 8/3/2018 11:42:21
0,0,146,308,0,0 8/3/2018 11:42:21
0,0,117,204,0,0 8/3/2018 11:42:21
0,0,94,29,0,0 8/3/2018 11:42:21
0,0,62,0,0,0 8/3/2018 11:42:21
0,0,56,0,0,0 8/3/2018 11:42:21
0,0,48,0,0,0 8/3/2018 11:42:21
0,0,23,0,0,0 8/3/2018 11:42:21
0,0,12,0,0,0 8/3/2018 11:42:21
0,0,5,0,0,0 8/3/2018 11:42:21
0,0,17,0,0,0 8/3/2018 11:42:21
0,0,23,0,0,0 8/3/2018 11:42:21
0,0,1,0,0,0 8/3/2018 11:42:21
0,0,18,0,0,0 8/3/2018 11:42:21
0,0,15,156,0,0 8/3/2018 11:42:21
0,0,14,387,0,0 8/3/2018 11:42:21
0,0,19,503,0,0 8/3/2018 11:42:22
0,0,36,532,0,0 8/3/2018 11:42:22
0,0,45,530,0,0 8/3/2018 11:42:22
0,0,44,423,0,0 8/3/2018 11:42:22
0,0,52,352,0,0 8/3/2018 11:42:22
0,0,84,321,0,0 8/3/2018 11:42:22
0,0,113,331,0,0 8/3/2018 11:42:22
0,0,139,341,0,0 8/3/2018 11:42:22
0,0,204,333,0,0 8/3/2018 11:42:22
0,0,231,350,0,0 8/3/2018 11:42:22
0,0,230,289,0,0 8/3/2018 11:42:22
0,0,129,284,0,0 8/3/2018 11:42:22
0,0,56,260,0,0 8/3/2018 11:42:22
0,0,22,156,0,0 8/3/2018 11:42:22
0,0,23,153,0,0 8/3/2018 11:42:22
0,0,28,31,0,0 8/3/2018 11:42:22
0,0,21,0,0,0 8/3/2018 11:42:22
0,0,24,0,0,0 8/3/2018 11:42:22
0,0,22,0,0,0 8/3/2018 11:42:22
0,0,16,0,0,0 8/3/2018 11:42:22
0,0,20,0,0,0 8/3/2018 11:42:22
0,0,20,0,0,0 8/3/2018 11:42:22
0,0,23,0,0,0 8/3/2018 11:42:22
0,0,44,0,0,0 8/3/2018 11:42:23
0,0,46,0,0,0 8/3/2018 11:42:23
0,0,44,298,0,0 8/3/2018 11:42:23
0,0,45,470,0,0 8/3/2018 11:42:23
0,0,42,565,0,0 8/3/2018 11:42:23
0,0,39,591,0,0 8/3/2018 11:42:23
0,0,34,554,0,0 8/3/2018 11:42:23
0,0,47,483,0,0 8/3/2018 11:42:23
0,0,78,395,0,0 8/3/2018 11:42:23
0,0,120,391,0,0 8/3/2018 11:42:23
0,0,116,389,0,0 8/3/2018 11:42:23
0,0,177,388,0,0 8/3/2018 11:42:23
0,0,209,323,0,0 8/3/2018 11:42:23
0,0,235,283,0,0 8/3/2018 11:42:23
0,0,131,262,0,0 8/3/2018 11:42:23
0,0,96,264,0,0 8/3/2018 11:42:23
0,0,17,232,0,0 8/3/2018 11:42:23
0,0,12,246,0,0 8/3/2018 11:42:23
0,0,0,252,0,0 8/3/2018 11:42:23
0,0,0,253,0,0 8/3/2018 11:42:23
0,0,2,119,0,0 8/3/2018 11:42:23
0,0,0,46,0,0 8/3/2018 11:42:23
0,0,0,0,0,0 8/3/2018 11:42:23
0,0,0,0,0,0 8/3/2018 11:42:24
0,0,11,0,0,0 8/3/2018 11:42:24
0,0,20,0,1,0 8/3/2018 11:42:24
0,0,0,0,0,0 8/3/2018 11:42:24
0,0,0,0,0,0 8/3/2018 11:42:24
0,0,0,0,0,0 8/3/2018 11:42:24
0,0,11,0,0,0 8/3/2018 11:42:24
0,0,0,92,0,0 8/3/2018 11:42:24
0,0,0,169,0,0 8/3/2018 11:42:24
0,0,33,139,0,0 8/3/2018 11:42:24
0,0,37,356,0,0 8/3/2018 11:42:24
0,0,44,495,0,0 8/3/2018 11:42:24
0,0,42,579,0,0 8/3/2018 11:42:24
0,0,46,603,0,0 8/3/2018 11:42:24
0,0,48,616,0,0 8/3/2018 11:42:24
0,0,49,626,0,0 8/3/2018 11:42:24
0,0,50,591,0,0 8/3/2018 11:42:24
0,0,34,527,0,0 8/3/2018 11:42:24
0,0,35,472,0,0 8/3/2018 11:42:24
0,0,45,440,0,0 8/3/2018 11:42:24
0,0,44,368,0,0 8/3/2018 11:42:24
0,0,37,208,0,0 8/3/2018 11:42:24
0,0,24,104,0,0 8/3/2018 11:42:24
0,0,32,95,0,0 8/3/2018 11:42:25
0,0,35,131,0,0 8/3/2018 11:42:25
0,0,28,107,0,0 8/3/2018 11:42:25
0,0,28,0,0,0 8/3/2018 11:42:25
0,0,33,0,0,0 8/3/2018 11:42:25
0,0,25,0,0,0 8/3/2018 11:42:25
0,0,21,0,0,0 8/3/2018 11:42:25
0,0,8,0,0,0 8/3/2018 11:42:25
0,0,11,0,0,0 8/3/2018 11:42:25
0,0,22,0,0,0 8/3/2018 11:42:25
0,0,2,315,0,0 8/3/2018 11:42:25
0,0,5,420,0,0 8/3/2018 11:42:25
0,0,0,494,0,0 8/3/2018 11:42:25
0,0,0,526,0,0 8/3/2018 11:42:25
0,0,0,560,0,0 8/3/2018 11:42:25
0,0,22,587,0,0 8/3/2018 11:42:25
0,0,51,612,0,0 8/3/2018 11:42:25
0,0,89,622,0,0 8/3/2018 11:42:25
0,0,66,620,0,0 8/3/2018 11:42:25
0,0,0,623,0,0 8/3/2018 11:42:25
0,0,22,598,0,0 8/3/2018 11:42:25
0,0,11,539,0,0 8/3/2018 11:42:25
0,0,0,388,0,0 8/3/2018 11:42:26
0,0,0,219,0,0 8/3/2018 11:42:26
0,0,0,30,0,0 8/3/2018 11:42:26
0,0,0,0,0,0 8/3/2018 11:42:26
0,0,0,0,0,0 8/3/2018 11:42:26
0,0,0,0,0,0 8/3/2018 11:42:26
0,0,0,0,0,0 8/3/2018 11:42:26
0,0,0,0,0,0 8/3/2018 11:42:26
0,0,0,0,0,0 8/3/2018 11:42:26
0,0,0,0,0,0 8/3/2018 11:42:26
0,0,0,0,0,0 8/3/2018 11:42:26
0,0,0,0,0,0 8/3/2018 11:42:26
0,0,0,0,0,0 8/3/2018 11:42:26
0,0,0,0,0,0 8/3/2018 11:42:26
0,0,0,149,0,0 8/3/2018 11:42:26
0,0,0,416,0,0 8/3/2018 11:42:26
0,0,0,525,0,0 8/3/2018 11:42:26
0,0,24,567,0,0 8/3/2018 11:42:26
0,0,47,589,0,0 8/3/2018 11:42:26
0,0,115,586,0,0 8/3/2018 11:42:26
0,0,120,592,0,0 8/3/2018 11:42:26
0,0,83,600,0,0 8/3/2018 11:42:26
0,0,48,607,0,0 8/3/2018 11:42:26
0,0,20,582,0,0 8/3/2018 11:42:27
0,0,0,485,1,0 8/3/2018 11:42:27
0,0,0,391,0,0 8/3/2018 11:42:27
0,0,0,331,0,0 8/3/2018 11:42:27
0,0,0,219,0,0 8/3/2018 11:42:27
0,0,0,233,0,0 8/3/2018 11:42:27
0,0,0,250,0,0 8/3/2018 11:42:27
0,0,0,293,0,0 8/3/2018 11:42:27
0,0,0,333,0,2 8/3/2018 11:42:27
0,0,0,226,0,0 8/3/2018 11:42:27
0,0,0,347,0,0 8/3/2018 11:42:27
0,0,0,422,0,0 8/3/2018 11:42:27
0,0,0,459,0,0 8/3/2018 11:42:27
0,0,0,476,0,0 8/3/2018 11:42:27
0,0,0,375,0,0 8/3/2018 11:42:27
0,0,0,347,0,0 8/3/2018 11:42:27
0,0,0,311,0,0 8/3/2018 11:42:27
0,0,18,216,0,0 8/3/2018 11:42:27
0,0,20,46,0,0 8/3/2018 11:42:27
0,0,20,0,0,0 8/3/2018 11:42:27
0,0,18,0,0,0 8/3/2018 11:42:27
0,0,1,63,0,0 8/3/2018 11:42:27
0,0,0,59,0,0 8/3/2018 11:42:27
0,0,0,56,0,0 8/3/2018 11:42:28
0,0,0,226,0,0 8/3/2018 11:42:28
0,0,0,342,0,0 8/3/2018 11:42:28
0,0,28,342,0,0 8/3/2018 11:42:28
0,0,20,309,0,0 8/3/2018 11:42:28
0,0,20,206,0,0 8/3/2018 11:42:28
0,0,19,201,0,0 8/3/2018 11:42:28
0,0,16,347,0,0 8/3/2018 11:42:28
0,0,7,389,0,0 8/3/2018 11:42:28
0,0,1,423,0,0 8/3/2018 11:42:28
0,0,5,470,0,0 8/3/2018 11:42:28
0,0,10,499,0,0 8/3/2018 11:42:28
0,0,3,508,0,0 8/3/2018 11:42:28
0,0,11,520,0,0 8/3/2018 11:42:28
0,0,11,507,0,0 8/3/2018 11:42:28
0,0,2,489,0,0 8/3/2018 11:42:28
0,0,1,350,0,0 8/3/2018 11:42:28
0,0,0,282,0,0 8/3/2018 11:42:28
