0,0,0,0,0,0 8/3/2018 11:43:23
0,0,0,0,0,0 8/3/2018 11:43:23
0,0,0,0,0,0 8/3/2018 11:43:23
0,0,0,0,0,0 8/3/2018 11:43:23
0,0,0,0,0,0 8/3/2018 11:43:23
0,0,0,0,0,0 8/3/2018 11:43:23
0,0,0,0,0,0 8/3/2018 11:43:23
0,0,0,0,0,0 8/3/2018 11:43:23
0,0,0,0,0,0 8/3/2018 11:43:23
0,0,0,0,0,0 8/3/2018 11:43:23
0,0,0,0,0,0 8/3/2018 11:43:23
0,0,0,0,0,0 8/3/2018 11:43:23
0,0,0,0,0,0 8/3/2018 11:43:23
0,0,0,0,0,0 8/3/2018 11:43:23
0,0,0,0,0,0 8/3/2018 11:43:24
0,0,0,0,0,0 8/3/2018 11:43:24
0,0,0,0,0,0 8/3/2018 11:43:24
0,0,0,0,0,0 8/3/2018 11:43:24
0,0,0,0,0,0 8/3/2018 11:43:24
0,0,0,0,0,0 8/3/2018 11:43:24
0,0,0,0,0,0 8/3/2018 11:43:24
0,0,0,0,0,0 8/3/2018 11:43:24
0,0,0,0,0,0 8/3/2018 11:43:24
0,0,0,0,0,0 8/3/2018 11:43:24
0,0,0,0,0,0 8/3/2018 11:43:24
0,0,0,0,0,0 8/3/2018 11:43:24
0,0,0,0,0,0 8/3/2018 11:43:24
0,0,0,0,0,0 8/3/2018 11:43:24
0,0,0,0,0,0 8/3/2018 11:43:24
0,0,0,0,0,0 8/3/2018 11:43:24
0,0,0,0,0,0 8/3/2018 11:43:24
0,0,0,0,0,0 8/3/2018 11:43:24
0,0,0,0,0,0 8/3/2018 11:43:24
0,0,0,0,0,0 8/3/2018 11:43:24
0,0,0,0,0,0 8/3/2018 11:43:24
0,0,0,0,0,0 8/3/2018 11:43:24
0,0,0,0,0,0 8/3/2018 11:43:24
0,0,0,63,0,0 8/3/2018 11:43:25
0,0,0,30,0,0 8/3/2018 11:43:25
0,0,4,38,0,0 8/3/2018 11:43:25
0,0,2,2,0,0 8/3/2018 11:43:25
0,0,1,0,0,0 8/3/2018 11:43:25
0,0,0,0,0,0 8/3/2018 11:43:25
0,0,0,0,0,0 8/3/2018 11:43:25
0,0,0,0,0,0 8/3/2018 11:43:25
0,0,0,0,0,0 8/3/2018 11:43:25
0,0,0,0,0,0 8/3/2018 11:43:25
0,0,0,19,0,0 8/3/2018 11:43:25
0,0,0,0,0,0 8/3/2018 11:43:25
0,0,0,0,0,0 8/3/2018 11:43:25
0,0,0,0,0,0 8/3/2018 11:43:25
0,0,0,0,0,0 8/3/2018 11:43:25
0,0,0,0,0,0 8/3/2018 11:43:25
0,0,0,0,0,0 8/3/2018 11:43:25
0,0,0,0,0,0 8/3/2018 11:43:25
0,0,0,0,0,0 8/3/2018 11:43:25
0,0,0,0,0,0 8/3/2018 11:43:25
0,0,0,0,0,0 8/3/2018 11:43:25
0,0,0,9,0,0 8/3/2018 11:43:25
0,0,0,0,0,0 8/3/2018 11:43:25
0,0,0,0,0,0 8/3/2018 11:43:26
0,0,0,0,0,0 8/3/2018 11:43:26
0,0,0,0,0,0 8/3/2018 11:43:26
0,0,0,0,0,0 8/3/2018 11:43:26
0,0,0,0,0,0 8/3/2018 11:43:26
0,0,0,0,0,0 8/3/2018 11:43:26
0,0,4,0,0,0 8/3/2018 11:43:26
0,0,0,0,0,0 8/3/2018 11:43:26
0,0,0,0,0,0 8/3/2018 11:43:26
0,0,14,0,0,0 8/3/2018 11:43:26
0,0,0,0,0,0 8/3/2018 11:43:26
0,0,0,0,0,0 8/3/2018 11:43:26
0,0,0,0,0,0 8/3/2018 11:43:26
0,0,0,0,0,0 8/3/2018 11:43:26
0,0,0,0,0,0 8/3/2018 11:43:26
0,0,0,0,0,0 8/3/2018 11:43:26
0,0,0,0,0,0 8/3/2018 11:43:26
0,0,0,0,0,0 8/3/2018 11:43:26
0,0,0,0,0,0 8/3/2018 11:43:26
0,0,0,0,0,0 8/3/2018 11:43:26
0,0,0,0,0,0 8/3/2018 11:43:26
0,0,0,0,0,0 8/3/2018 11:43:26
0,0,0,0,0,0 8/3/2018 11:43:26
0,0,0,0,0,0 8/3/2018 11:43:27
0,0,0,0,0,0 8/3/2018 11:43:27
0,0,0,0,0,0 8/3/2018 11:43:27
0,0,0,0,0,0 8/3/2018 11:43:27
0,0,0,0,0,0 8/3/2018 11:43:27
0,0,0,0,0,0 8/3/2018 11:43:27
0,0,0,0,0,0 8/3/2018 11:43:27
0,0,0,0,0,0 8/3/2018 11:43:27
0,0,0,0,0,0 8/3/2018 11:43:27
0,0,0,0,0,0 8/3/2018 11:43:27
0,0,0,0,0,0 8/3/2018 11:43:27
0,0,0,0,0,0 8/3/2018 11:43:27
0,0,0,0,0,0 8/3/2018 11:43:27
0,0,0,0,0,0 8/3/2018 11:43:27
0,0,0,0,0,0 8/3/2018 11:43:27
0,0,0,0,0,0 8/3/2018 11:43:27
0,0,0,0,0,0 8/3/2018 11:43:27
0,0,0,0,0,0 8/3/2018 11:43:27
0,0,0,0,0,0 8/3/2018 11:43:27
0,0,0,0,0,0 8/3/2018 11:43:27
0,0,2,0,0,0 8/3/2018 11:43:27
0,0,3,0,0,0 8/3/2018 11:43:27
0,0,2,0,0,0 8/3/2018 11:43:28
0,0,0,0,0,0 8/3/2018 11:43:28
0,0,0,0,0,0 8/3/2018 11:43:28
0,0,0,0,0,0 8/3/2018 11:43:28
0,0,0,0,0,0 8/3/2018 11:43:28
0,0,0,0,0,0 8/3/2018 11:43:28
0,0,0,0,0,0 8/3/2018 11:43:28
0,0,0,0,0,0 8/3/2018 11:43:28
0,0,0,0,0,0 8/3/2018 11:43:28
0,0,0,0,0,0 8/3/2018 11:43:28
0,0,0,0,0,0 8/3/2018 11:43:28
0,0,0,0,0,0 8/3/2018 11:43:28
0,0,0,0,0,0 8/3/2018 11:43:28
0,0,0,0,0,0 8/3/2018 11:43:28
0,2,0,0,0,0 8/3/2018 11:43:28
0,0,0,0,0,0 8/3/2018 11:43:28
0,0,0,0,0,0 8/3/2018 11:43:28
0,0,0,0,0,0 8/3/2018 11:43:28
0,0,168,0,0,0 8/3/2018 11:43:28
0,0,342,0,0,0 8/3/2018 11:43:28
0,0,369,0,0,0 8/3/2018 11:43:28
0,0,373,0,0,0 8/3/2018 11:43:28
0,0,359,0,0,0 8/3/2018 11:43:28
0,0,334,0,0,0 8/3/2018 11:43:29
0,0,230,0,0,0 8/3/2018 11:43:29
0,0,0,0,0,0 8/3/2018 11:43:29
0,0,0,0,0,0 8/3/2018 11:43:29
0,0,0,0,0,0 8/3/2018 11:43:29
0,0,2,0,0,0 8/3/2018 11:43:29
0,0,11,0,0,0 8/3/2018 11:43:29
0,0,16,0,0,0 8/3/2018 11:43:29
0,0,2,0,0,0 8/3/2018 11:43:29
0,0,13,0,0,0 8/3/2018 11:43:29
0,0,4,0,0,0 8/3/2018 11:43:29
0,0,0,0,0,0 8/3/2018 11:43:29
0,0,0,0,0,0 8/3/2018 11:43:29
0,0,0,0,0,0 8/3/2018 11:43:29
0,0,0,0,0,0 8/3/2018 11:43:29
0,0,0,0,0,0 8/3/2018 11:43:29
0,0,0,0,0,0 8/3/2018 11:43:29
0,0,0,0,0,0 8/3/2018 11:43:29
0,0,0,0,0,0 8/3/2018 11:43:29
0,0,0,0,0,0 8/3/2018 11:43:29
0,0,0,0,0,0 8/3/2018 11:43:29
0,0,0,0,0,0 8/3/2018 11:43:29
0,0,0,0,0,0 8/3/2018 11:43:29
0,0,0,0,0,0 8/3/2018 11:43:30
0,0,0,0,0,0 8/3/2018 11:43:30
0,0,10,0,0,0 8/3/2018 11:43:30
0,0,0,0,0,0 8/3/2018 11:43:30
0,0,0,0,0,0 8/3/2018 11:43:30
0,0,0,0,0,0 8/3/2018 11:43:30
0,0,0,0,0,0 8/3/2018 11:43:30
0,0,0,0,0,0 8/3/2018 11:43:30
0,0,0,0,0,0 8/3/2018 11:43:30
0,0,0,0,0,0 8/3/2018 11:43:30
0,0,0,0,0,0 8/3/2018 11:43:30
0,0,0,0,0,0 8/3/2018 11:43:30
0,0,0,0,0,0 8/3/2018 11:43:30
0,0,0,0,0,0 8/3/2018 11:43:30
0,0,0,0,0,0 8/3/2018 11:43:30
0,0,0,0,0,0 8/3/2018 11:43:30
0,0,0,0,0,0 8/3/2018 11:43:30
0,0,0,0,0,0 8/3/2018 11:43:30
0,0,0,0,0,0 8/3/2018 11:43:30
0,0,0,0,0,0 8/3/2018 11:43:30
0,0,0,0,0,0 8/3/2018 11:43:30
0,0,0,0,0,0 8/3/2018 11:43:30
0,0,0,0,0,0 8/3/2018 11:43:31
0,0,0,0,0,0 8/3/2018 11:43:31
0,0,0,0,0,0 8/3/2018 11:43:31
0,0,0,0,0,0 8/3/2018 11:43:31
0,0,0,97,0,0 8/3/2018 11:43:31
0,0,0,0,0,0 8/3/2018 11:43:31
0,0,0,0,0,0 8/3/2018 11:43:31
0,0,0,0,0,0 8/3/2018 11:43:31
0,0,0,0,0,0 8/3/2018 11:43:31
0,0,0,0,0,0 8/3/2018 11:43:31
0,0,0,0,0,0 8/3/2018 11:43:31
0,0,0,0,0,0 8/3/2018 11:43:31
0,0,0,0,0,0 8/3/2018 11:43:31
0,0,0,0,0,0 8/3/2018 11:43:31
0,0,0,0,0,0 8/3/2018 11:43:31
0,0,0,0,0,0 8/3/2018 11:43:31
0,0,0,0,0,0 8/3/2018 11:43:31
0,0,0,0,0,0 8/3/2018 11:43:31
0,0,0,0,0,0 8/3/2018 11:43:31
0,0,0,0,0,0 8/3/2018 11:43:31
0,0,0,0,0,0 8/3/2018 11:43:31
0,0,0,0,0,0 8/3/2018 11:43:31
0,0,0,0,0,0 8/3/2018 11:43:31
0,0,0,0,0,0 8/3/2018 11:43:32
0,0,0,0,0,0 8/3/2018 11:43:32
0,0,0,0,0,0 8/3/2018 11:43:32
0,0,0,0,0,0 8/3/2018 11:43:32
0,0,0,0,0,0 8/3/2018 11:43:32
0,0,0,0,0,0 8/3/2018 11:43:32
0,0,0,0,0,0 8/3/2018 11:43:32
0,0,0,0,0,0 8/3/2018 11:43:32
0,0,0,0,0,0 8/3/2018 11:43:32
0,0,0,0,0,0 8/3/2018 11:43:32
0,0,0,0,0,0 8/3/2018 11:43:32
0,0,0,0,0,0 8/3/2018 11:43:32
0,0,0,0,0,0 8/3/2018 11:43:32
0,0,0,0,0,0 8/3/2018 11:43:32
0,0,0,0,0,0 8/3/2018 11:43:32
0,0,0,0,0,0 8/3/2018 11:43:32
0,0,0,0,0,0 8/3/2018 11:43:32
0,0,0,0,0,0 8/3/2018 11:43:32
0,0,0,0,0,0 8/3/2018 11:43:32
0,0,0,0,0,0 8/3/2018 11:43:32
0,0,0,0,0,0 8/3/2018 11:43:32
0,0,0,0,0,0 8/3/2018 11:43:32
0,0,0,0,0,0 8/3/2018 11:43:32
0,0,0,0,0,0 8/3/2018 11:43:33
0,0,0,0,0,0 8/3/2018 11:43:33
0,0,0,0,0,0 8/3/2018 11:43:33
0,0,0,0,0,0 8/3/2018 11:43:33
0,0,0,0,0,0 8/3/2018 11:43:33
0,0,0,0,0,0 8/3/2018 11:43:33
0,0,55,0,0,0 8/3/2018 11:43:33
0,0,40,0,0,0 8/3/2018 11:43:33
0,0,38,0,0,0 8/3/2018 11:43:33
0,0,45,0,0,0 8/3/2018 11:43:33
0,0,24,0,0,0 8/3/2018 11:43:33
0,0,2,0,0,0 8/3/2018 11:43:33
0,0,0,0,0,0 8/3/2018 11:43:33
0,0,0,0,0,0 8/3/2018 11:43:33
0,0,0,0,0,0 8/3/2018 11:43:33
0,0,1,0,0,0 8/3/2018 11:43:33
0,0,13,0,0,0 8/3/2018 11:43:33
0,0,13,0,0,0 8/3/2018 11:43:33
0,0,22,0,0,0 8/3/2018 11:43:33
0,0,8,0,0,0 8/3/2018 11:43:33
0,0,8,0,0,0 8/3/2018 11:43:33
0,0,13,1,0,0 8/3/2018 11:43:33
0,0,10,0,0,0 8/3/2018 11:43:33
0,0,8,0,0,0 8/3/2018 11:43:34
0,0,0,0,0,0 8/3/2018 11:43:34
0,0,0,0,0,0 8/3/2018 11:43:34
0,0,0,0,0,0 8/3/2018 11:43:34
