0,0,26,157,0,0 8/3/2018 11:44:36
0,0,31,95,0,0 8/3/2018 11:44:36
0,0,21,0,0,0 8/3/2018 11:44:36
0,0,0,7,0,0 8/3/2018 11:44:36
0,0,0,5,0,0 8/3/2018 11:44:36
0,0,0,0,0,0 8/3/2018 11:44:36
0,0,0,0,0,0 8/3/2018 11:44:36
0,0,2,0,0,0 8/3/2018 11:44:36
0,0,0,0,0,0 8/3/2018 11:44:36
0,0,5,0,0,0 8/3/2018 11:44:36
0,0,5,0,0,0 8/3/2018 11:44:36
0,0,0,0,0,0 8/3/2018 11:44:36
0,0,0,0,0,0 8/3/2018 11:44:36
0,0,4,33,0,0 8/3/2018 11:44:36
0,0,3,195,0,0 8/3/2018 11:44:36
0,0,8,236,0,0 8/3/2018 11:44:37
0,0,6,262,0,0 8/3/2018 11:44:37
0,0,0,200,0,0 8/3/2018 11:44:37
0,0,0,183,0,0 8/3/2018 11:44:37
0,0,51,182,0,0 8/3/2018 11:44:37
0,0,51,168,0,0 8/3/2018 11:44:37
0,0,53,143,0,0 8/3/2018 11:44:37
0,0,44,123,0,0 8/3/2018 11:44:37
0,0,41,126,0,0 8/3/2018 11:44:37
0,0,0,92,0,0 8/3/2018 11:44:37
0,0,0,95,0,0 8/3/2018 11:44:37
0,0,0,118,0,0 8/3/2018 11:44:37
0,0,0,140,0,0 8/3/2018 11:44:37
0,0,0,186,0,0 8/3/2018 11:44:37
0,0,0,259,0,0 8/3/2018 11:44:37
0,0,0,267,0,0 8/3/2018 11:44:37
0,0,0,182,0,0 8/3/2018 11:44:37
0,0,0,111,0,0 8/3/2018 11:44:37
0,0,0,60,0,0 8/3/2018 11:44:37
0,0,0,0,0,0 8/3/2018 11:44:37
0,0,0,0,0,0 8/3/2018 11:44:37
0,0,0,0,0,0 8/3/2018 11:44:37
0,0,0,0,0,0 8/3/2018 11:44:37
0,0,0,0,0,0 8/3/2018 11:44:38
0,0,0,0,0,0 8/3/2018 11:44:38
0,0,0,14,0,0 8/3/2018 11:44:38
0,0,0,97,0,0 8/3/2018 11:44:38
0,0,48,163,0,0 8/3/2018 11:44:38
0,0,43,201,0,0 8/3/2018 11:44:38
0,0,50,307,0,0 8/3/2018 11:44:38
0,0,56,321,0,0 8/3/2018 11:44:38
0,0,1,272,0,0 8/3/2018 11:44:38
0,0,0,149,0,0 8/3/2018 11:44:38
0,0,5,63,0,0 8/3/2018 11:44:38
0,0,0,27,0,0 8/3/2018 11:44:38
0,0,0,58,0,0 8/3/2018 11:44:38
0,0,0,162,0,0 8/3/2018 11:44:38
0,0,0,149,0,0 8/3/2018 11:44:38
0,0,0,90,0,0 8/3/2018 11:44:38
0,0,0,83,0,0 8/3/2018 11:44:38
0,0,0,97,0,0 8/3/2018 11:44:38
0,0,0,75,0,0 8/3/2018 11:44:38
0,0,0,34,0,0 8/3/2018 11:44:38
0,0,0,12,0,0 8/3/2018 11:44:38
0,0,0,0,0,0 8/3/2018 11:44:38
0,0,0,0,0,0 8/3/2018 11:44:39
0,0,0,0,0,0 8/3/2018 11:44:39
0,0,0,0,0,0 8/3/2018 11:44:39
0,0,0,0,0,0 8/3/2018 11:44:39
0,0,0,0,0,0 8/3/2018 11:44:39
0,0,0,0,0,0 8/3/2018 11:44:39
0,0,0,0,0,0 8/3/2018 11:44:39
0,0,0,0,0,0 8/3/2018 11:44:39
0,0,0,0,0,0 8/3/2018 11:44:39
0,0,0,0,0,0 8/3/2018 11:44:39
0,0,1,0,0,0 8/3/2018 11:44:39
0,0,0,0,0,0 8/3/2018 11:44:39
0,0,0,0,0,0 8/3/2018 11:44:39
0,0,0,34,0,0 8/3/2018 11:44:39
0,0,0,92,0,0 8/3/2018 11:44:39
0,0,0,0,0,0 8/3/2018 11:44:39
0,0,0,0,0,0 8/3/2018 11:44:39
0,0,0,0,0,0 8/3/2018 11:44:39
0,0,0,0,0,0 8/3/2018 11:44:39
0,0,0,0,0,0 8/3/2018 11:44:39
0,0,0,0,0,0 8/3/2018 11:44:39
0,0,0,0,0,0 8/3/2018 11:44:39
0,0,0,0,0,0 8/3/2018 11:44:39
0,0,0,0,0,0 8/3/2018 11:44:40
0,0,0,0,0,0 8/3/2018 11:44:40
0,0,0,0,0,0 8/3/2018 11:44:40
0,0,0,57,0,0 8/3/2018 11:44:40
0,0,0,428,0,0 8/3/2018 11:44:40
0,0,0,549,0,0 8/3/2018 11:44:40
0,0,0,525,0,0 8/3/2018 11:44:40
0,0,0,374,0,0 8/3/2018 11:44:40
0,0,0,0,0,0 8/3/2018 11:44:40
0,0,0,0,0,0 8/3/2018 11:44:40
0,0,0,0,0,0 8/3/2018 11:44:40
0,0,0,0,0,0 8/3/2018 11:44:40
0,0,0,0,0,0 8/3/2018 11:44:40
0,0,0,0,0,0 8/3/2018 11:44:40
0,0,0,0,0,0 8/3/2018 11:44:40
0,0,0,0,0,0 8/3/2018 11:44:40
0,0,0,0,0,0 8/3/2018 11:44:40
0,0,0,0,0,0 8/3/2018 11:44:40
0,0,0,0,0,0 8/3/2018 11:44:40
0,0,0,0,0,0 8/3/2018 11:44:40
0,0,0,0,0,0 8/3/2018 11:44:40
0,0,0,0,0,0 8/3/2018 11:44:40
0,0,0,0,0,0 8/3/2018 11:44:40
0,0,0,0,0,0 8/3/2018 11:44:41
0,0,0,0,0,0 8/3/2018 11:44:41
0,0,0,0,0,0 8/3/2018 11:44:41
0,0,0,0,0,0 8/3/2018 11:44:41
0,0,0,0,0,0 8/3/2018 11:44:41
0,0,0,0,0,0 8/3/2018 11:44:41
0,0,0,0,0,0 8/3/2018 11:44:41
0,0,0,0,0,0 8/3/2018 11:44:41
0,0,0,0,0,0 8/3/2018 11:44:41
0,0,0,0,0,0 8/3/2018 11:44:41
0,0,0,0,0,0 8/3/2018 11:44:41
0,0,0,0,0,0 8/3/2018 11:44:41
0,0,0,0,0,0 8/3/2018 11:44:41
0,0,0,0,0,0 8/3/2018 11:44:41
0,0,0,0,0,0 8/3/2018 11:44:41
0,0,0,0,0,0 8/3/2018 11:44:41
0,0,0,0,0,0 8/3/2018 11:44:41
0,0,0,0,0,0 8/3/2018 11:44:41
0,0,0,0,0,0 8/3/2018 11:44:41
0,0,0,0,0,0 8/3/2018 11:44:41
0,0,0,0,0,0 8/3/2018 11:44:41
0,0,0,0,0,0 8/3/2018 11:44:41
0,0,0,0,0,0 8/3/2018 11:44:41
0,0,0,0,0,0 8/3/2018 11:44:42
0,0,0,0,0,0 8/3/2018 11:44:42
0,0,0,0,0,0 8/3/2018 11:44:42
0,0,0,0,0,0 8/3/2018 11:44:42
0,0,0,0,0,0 8/3/2018 11:44:42
0,0,0,0,0,0 8/3/2018 11:44:42
0,0,0,0,0,0 8/3/2018 11:44:42
0,0,0,0,0,0 8/3/2018 11:44:42
0,0,0,0,0,0 8/3/2018 11:44:42
0,0,0,0,0,0 8/3/2018 11:44:42
0,0,0,0,0,2 8/3/2018 11:44:42
0,0,0,0,0,0 8/3/2018 11:44:42
0,0,0,0,0,0 8/3/2018 11:44:42
0,0,0,0,0,0 8/3/2018 11:44:42
0,0,0,0,0,0 8/3/2018 11:44:42
0,0,0,0,0,0 8/3/2018 11:44:42
0,0,0,0,0,0 8/3/2018 11:44:42
0,0,0,0,0,0 8/3/2018 11:44:42
0,0,0,0,0,0 8/3/2018 11:44:42
0,0,0,42,0,0 8/3/2018 11:44:42
0,0,0,94,0,0 8/3/2018 11:44:42
0,0,0,69,0,0 8/3/2018 11:44:42
0,0,0,41,0,0 8/3/2018 11:44:43
0,0,0,54,0,0 8/3/2018 11:44:43
0,0,0,87,0,0 8/3/2018 11:44:43
0,0,0,121,0,0 8/3/2018 11:44:43
0,0,1,187,0,0 8/3/2018 11:44:43
0,0,2,163,0,0 8/3/2018 11:44:43
0,0,0,84,0,0 8/3/2018 11:44:43
0,0,4,0,0,0 8/3/2018 11:44:43
0,0,11,0,0,0 8/3/2018 11:44:43
0,0,17,64,0,0 8/3/2018 11:44:43
0,0,15,114,0,0 8/3/2018 11:44:43
0,0,16,111,0,0 8/3/2018 11:44:43
0,0,2,67,0,0 8/3/2018 11:44:43
0,0,0,16,0,0 8/3/2018 11:44:43
0,0,0,0,0,0 8/3/2018 11:44:43
0,0,0,0,0,0 8/3/2018 11:44:43
0,0,0,0,0,0 8/3/2018 11:44:43
0,0,0,0,0,0 8/3/2018 11:44:43
0,0,0,0,0,0 8/3/2018 11:44:43
0,0,0,0,0,0 8/3/2018 11:44:43
0,0,0,0,0,0 8/3/2018 11:44:43
0,0,0,0,0,0 8/3/2018 11:44:43
0,0,0,0,0,0 8/3/2018 11:44:43
0,0,0,0,0,0 8/3/2018 11:44:44
0,0,0,0,0,0 8/3/2018 11:44:44
0,0,0,0,0,0 8/3/2018 11:44:44
0,0,0,0,0,0 8/3/2018 11:44:44
0,0,0,0,0,0 8/3/2018 11:44:44
0,0,0,0,0,0 8/3/2018 11:44:44
0,0,0,0,0,0 8/3/2018 11:44:44
0,0,0,0,0,0 8/3/2018 11:44:44
0,0,0,0,0,0 8/3/2018 11:44:44
0,0,0,0,0,0 8/3/2018 11:44:44
0,0,0,0,0,0 8/3/2018 11:44:44
0,0,0,0,0,0 8/3/2018 11:44:44
0,0,0,0,0,0 8/3/2018 11:44:44
0,0,0,0,0,0 8/3/2018 11:44:44
0,0,0,0,0,0 8/3/2018 11:44:44
0,0,3,0,0,0 8/3/2018 11:44:44
0,0,0,0,0,0 8/3/2018 11:44:44
0,0,0,0,0,0 8/3/2018 11:44:44
0,0,0,0,0,0 8/3/2018 11:44:44
0,0,6,0,0,0 8/3/2018 11:44:44
0,0,6,0,0,0 8/3/2018 11:44:44
0,0,4,0,0,0 8/3/2018 11:44:44
0,0,2,0,0,0 8/3/2018 11:44:44
0,0,4,0,0,0 8/3/2018 11:44:45
0,0,4,0,0,0 8/3/2018 11:44:45
0,0,0,0,0,0 8/3/2018 11:44:45
0,0,0,0,0,0 8/3/2018 11:44:45
0,0,0,0,0,0 8/3/2018 11:44:45
0,0,0,0,0,0 8/3/2018 11:44:45
0,0,0,0,0,0 8/3/2018 11:44:45
0,0,0,0,0,0 8/3/2018 11:44:45
0,0,0,0,0,0 8/3/2018 11:44:45
0,0,0,0,0,0 8/3/2018 11:44:45
0,0,0,0,0,0 8/3/2018 11:44:45
0,0,0,0,0,0 8/3/2018 11:44:45
0,0,0,0,0,0 8/3/2018 11:44:45
0,0,0,0,0,0 8/3/2018 11:44:45
0,0,0,0,0,0 8/3/2018 11:44:45
0,0,0,0,0,0 8/3/2018 11:44:45
0,0,0,0,0,0 8/3/2018 11:44:45
0,0,0,0,0,0 8/3/2018 11:44:45
0,0,0,0,0,0 8/3/2018 11:44:45
0,0,0,0,0,0 8/3/2018 11:44:45
0,0,0,0,0,0 8/3/2018 11:44:45
0,0,0,0,0,0 8/3/2018 11:44:45
0,0,0,0,0,0 8/3/2018 11:44:46
0,0,0,0,0,0 8/3/2018 11:44:46
0,0,0,0,0,0 8/3/2018 11:44:46
0,0,0,0,0,0 8/3/2018 11:44:46
0,0,3,0,0,0 8/3/2018 11:44:46
0,0,2,0,0,0 8/3/2018 11:44:46
0,0,1,0,0,0 8/3/2018 11:44:46
0,0,3,0,0,0 8/3/2018 11:44:46
0,0,12,0,0,0 8/3/2018 11:44:46
0,0,15,0,0,0 8/3/2018 11:44:46
0,0,3,0,0,0 8/3/2018 11:44:46
0,0,2,18,0,0 8/3/2018 11:44:46
0,0,0,56,0,0 8/3/2018 11:44:46
0,0,0,77,0,0 8/3/2018 11:44:46
0,0,0,95,0,0 8/3/2018 11:44:46
0,0,0,58,0,0 8/3/2018 11:44:46
0,0,0,14,0,0 8/3/2018 11:44:46
0,0,0,0,0,0 8/3/2018 11:44:46
0,0,0,0,0,0 8/3/2018 11:44:46
0,0,0,0,0,0 8/3/2018 11:44:46
0,0,0,0,0,0 8/3/2018 11:44:46
0,0,0,91,0,0 8/3/2018 11:44:46
0,0,0,126,0,0 8/3/2018 11:44:46
0,0,0,126,0,0 8/3/2018 11:44:47
0,0,0,103,0,0 8/3/2018 11:44:47
0,0,0,47,0,0 8/3/2018 11:44:47
