0,0,0,0,0,0 8/3/2018 11:45:49
0,0,0,0,0,0 8/3/2018 11:45:49
0,0,0,0,0,0 8/3/2018 11:45:49
0,0,0,0,0,0 8/3/2018 11:45:49
0,0,0,0,0,0 8/3/2018 11:45:49
0,0,0,0,0,0 8/3/2018 11:45:49
0,0,0,0,0,0 8/3/2018 11:45:49
0,0,0,0,0,0 8/3/2018 11:45:49
0,0,0,0,0,0 8/3/2018 11:45:49
0,0,0,0,0,0 8/3/2018 11:45:49
0,0,0,0,0,0 8/3/2018 11:45:50
0,0,0,0,0,0 8/3/2018 11:45:50
0,0,0,0,0,0 8/3/2018 11:45:50
0,0,0,0,0,0 8/3/2018 11:45:50
0,0,0,0,0,0 8/3/2018 11:45:50
0,0,0,0,0,0 8/3/2018 11:45:50
0,0,0,0,0,0 8/3/2018 11:45:50
0,0,1,0,0,0 8/3/2018 11:45:50
0,0,0,0,0,0 8/3/2018 11:45:50
0,0,11,0,0,0 8/3/2018 11:45:50
0,0,0,0,0,0 8/3/2018 11:45:50
0,0,0,0,0,0 8/3/2018 11:45:50
0,0,0,0,0,0 8/3/2018 11:45:50
0,0,0,0,0,0 8/3/2018 11:45:50
0,0,0,0,0,0 8/3/2018 11:45:50
0,0,0,14,0,0 8/3/2018 11:45:50
0,0,0,44,0,0 8/3/2018 11:45:50
0,0,1,88,0,0 8/3/2018 11:45:50
0,0,22,182,0,0 8/3/2018 11:45:50
0,0,45,219,0,0 8/3/2018 11:45:50
0,0,76,258,0,0 8/3/2018 11:45:50
0,0,131,327,0,0 8/3/2018 11:45:50
0,0,141,371,0,0 8/3/2018 11:45:50
0,0,139,395,0,0 8/3/2018 11:45:51
0,0,135,401,0,0 8/3/2018 11:45:51
0,0,168,410,0,0 8/3/2018 11:45:51
0,0,181,411,0,0 8/3/2018 11:45:51
0,0,177,427,0,0 8/3/2018 11:45:51
0,0,144,387,0,0 8/3/2018 11:45:51
0,0,106,369,0,0 8/3/2018 11:45:51
0,0,103,327,0,0 8/3/2018 11:45:51
0,0,53,345,0,0 8/3/2018 11:45:51
0,0,38,344,0,0 8/3/2018 11:45:51
0,0,62,303,0,0 8/3/2018 11:45:51
0,0,56,317,0,0 8/3/2018 11:45:51
0,0,70,304,0,0 8/3/2018 11:45:51
0,0,76,313,0,0 8/3/2018 11:45:51
0,0,40,321,0,0 8/3/2018 11:45:51
0,0,31,184,0,0 8/3/2018 11:45:51
0,0,9,0,0,0 8/3/2018 11:45:51
0,0,0,0,0,0 8/3/2018 11:45:51
0,0,0,0,0,0 8/3/2018 11:45:51
0,0,0,0,0,0 8/3/2018 11:45:51
0,0,0,0,0,0 8/3/2018 11:45:51
0,0,0,0,0,0 8/3/2018 11:45:51
0,0,0,0,0,0 8/3/2018 11:45:51
0,0,0,0,0,0 8/3/2018 11:45:52
0,0,0,129,0,0 8/3/2018 11:45:52
0,0,20,238,0,0 8/3/2018 11:45:52
0,0,75,181,0,0 8/3/2018 11:45:52
0,0,89,160,0,0 8/3/2018 11:45:52
0,0,84,120,0,0 8/3/2018 11:45:52
0,0,86,56,0,0 8/3/2018 11:45:52
0,0,94,0,0,0 8/3/2018 11:45:52
0,0,102,0,0,0 8/3/2018 11:45:52
0,0,124,83,0,0 8/3/2018 11:45:52
0,0,151,193,0,0 8/3/2018 11:45:52
0,0,154,222,0,0 8/3/2018 11:45:52
0,0,162,303,0,0 8/3/2018 11:45:52
0,1,145,327,0,0 8/3/2018 11:45:52
0,0,216,359,0,0 8/3/2018 11:45:52
0,0,264,387,0,0 8/3/2018 11:45:52
0,0,279,398,0,0 8/3/2018 11:45:52
0,0,247,441,0,0 8/3/2018 11:45:52
0,0,224,444,0,0 8/3/2018 11:45:52
0,0,196,415,0,0 8/3/2018 11:45:52
0,0,181,370,0,0 8/3/2018 11:45:52
0,0,171,291,0,0 8/3/2018 11:45:52
0,0,166,225,0,0 8/3/2018 11:45:53
0,0,157,139,0,0 8/3/2018 11:45:53
0,0,147,55,0,0 8/3/2018 11:45:53
0,0,147,62,0,0 8/3/2018 11:45:53
0,0,142,62,0,0 8/3/2018 11:45:53
0,0,137,105,0,0 8/3/2018 11:45:53
0,0,102,214,0,0 8/3/2018 11:45:53
0,0,133,297,0,0 8/3/2018 11:45:53
0,0,141,306,0,0 8/3/2018 11:45:53
0,0,128,343,0,0 8/3/2018 11:45:53
0,0,131,335,0,0 8/3/2018 11:45:53
0,0,133,306,0,0 8/3/2018 11:45:53
0,0,138,300,0,0 8/3/2018 11:45:53
0,0,101,231,0,0 8/3/2018 11:45:53
0,0,33,197,0,0 8/3/2018 11:45:53
0,0,25,72,0,0 8/3/2018 11:45:53
0,0,0,0,0,0 8/3/2018 11:45:53
0,0,0,0,0,0 8/3/2018 11:45:53
0,0,3,0,0,0 8/3/2018 11:45:53
0,0,3,0,0,0 8/3/2018 11:45:53
0,0,3,0,0,0 8/3/2018 11:45:53
0,0,4,0,0,0 8/3/2018 11:45:53
0,0,3,0,0,0 8/3/2018 11:45:53
0,0,4,0,0,0 8/3/2018 11:45:54
0,0,5,0,0,0 8/3/2018 11:45:54
0,0,6,0,0,0 8/3/2018 11:45:54
0,0,5,0,0,0 8/3/2018 11:45:54
0,0,8,55,0,0 8/3/2018 11:45:54
0,0,31,127,0,0 8/3/2018 11:45:54
0,0,69,172,0,0 8/3/2018 11:45:54
0,0,84,101,0,0 8/3/2018 11:45:54
0,0,97,33,0,0 8/3/2018 11:45:54
0,0,42,0,0,0 8/3/2018 11:45:54
0,0,39,0,0,0 8/3/2018 11:45:54
0,0,27,0,0,0 8/3/2018 11:45:54
0,0,22,0,0,0 8/3/2018 11:45:54
0,0,23,44,0,0 8/3/2018 11:45:54
0,0,28,92,0,0 8/3/2018 11:45:54
0,0,28,92,0,0 8/3/2018 11:45:54
0,0,36,94,0,0 8/3/2018 11:45:54
0,0,41,110,0,0 8/3/2018 11:45:54
0,0,54,169,0,0 8/3/2018 11:45:54
0,0,54,189,0,0 8/3/2018 11:45:54
0,0,53,212,0,0 8/3/2018 11:45:54
0,0,55,250,0,0 8/3/2018 11:45:54
0,0,76,304,0,0 8/3/2018 11:45:54
0,0,85,349,0,0 8/3/2018 11:45:55
0,0,84,321,0,0 8/3/2018 11:45:55
0,0,80,314,0,0 8/3/2018 11:45:55
0,0,85,273,0,0 8/3/2018 11:45:55
0,0,79,277,0,0 8/3/2018 11:45:55
0,0,84,300,0,0 8/3/2018 11:45:55
0,0,90,297,0,0 8/3/2018 11:45:55
0,0,82,282,0,0 8/3/2018 11:45:55
0,0,60,269,0,0 8/3/2018 11:45:55
0,0,62,282,0,0 8/3/2018 11:45:55
0,0,53,285,0,0 8/3/2018 11:45:55
0,0,40,263,0,0 8/3/2018 11:45:55
0,0,24,214,0,0 8/3/2018 11:45:55
0,0,32,130,0,0 8/3/2018 11:45:55
0,0,30,111,0,0 8/3/2018 11:45:55
0,0,12,0,0,0 8/3/2018 11:45:55
0,0,25,0,0,0 8/3/2018 11:45:55
0,0,42,0,0,0 8/3/2018 11:45:55
0,0,26,0,0,0 8/3/2018 11:45:55
0,0,24,0,0,0 8/3/2018 11:45:55
0,0,0,62,0,0 8/3/2018 11:45:55
0,0,0,88,0,0 8/3/2018 11:45:55
0,0,0,97,0,0 8/3/2018 11:45:56
0,0,0,65,0,0 8/3/2018 11:45:56
0,0,0,90,0,0 8/3/2018 11:45:56
0,0,0,280,0,0 8/3/2018 11:45:56
0,0,0,440,0,0 8/3/2018 11:45:56
0,0,0,423,0,0 8/3/2018 11:45:56
0,0,0,406,0,0 8/3/2018 11:45:56
0,0,10,372,0,0 8/3/2018 11:45:56
0,0,32,327,0,0 8/3/2018 11:45:56
0,0,20,254,0,0 8/3/2018 11:45:56
0,0,34,124,0,0 8/3/2018 11:45:56
0,0,26,83,0,0 8/3/2018 11:45:56
0,0,25,0,0,0 8/3/2018 11:45:56
0,0,22,14,0,0 8/3/2018 11:45:56
0,0,23,69,0,0 8/3/2018 11:45:56
0,0,22,104,0,0 8/3/2018 11:45:56
0,0,24,139,0,0 8/3/2018 11:45:56
0,0,25,130,0,0 8/3/2018 11:45:56
0,0,31,135,0,0 8/3/2018 11:45:56
0,0,26,154,0,0 8/3/2018 11:45:56
0,0,32,162,0,0 8/3/2018 11:45:56
0,0,37,171,0,0 8/3/2018 11:45:56
0,0,78,248,0,0 8/3/2018 11:45:56
0,0,91,264,0,0 8/3/2018 11:45:57
0,0,93,269,0,0 8/3/2018 11:45:57
0,0,96,286,0,0 8/3/2018 11:45:57
0,0,96,313,0,0 8/3/2018 11:45:57
0,0,96,341,0,0 8/3/2018 11:45:57
0,0,93,342,0,0 8/3/2018 11:45:57
0,0,95,333,0,0 8/3/2018 11:45:57
0,0,89,309,0,0 8/3/2018 11:45:57
0,0,57,312,0,0 8/3/2018 11:45:57
0,0,45,292,0,0 8/3/2018 11:45:57
0,0,53,269,0,0 8/3/2018 11:45:57
0,0,39,239,0,0 8/3/2018 11:45:57
0,0,32,168,0,0 8/3/2018 11:45:57
0,0,46,92,0,0 8/3/2018 11:45:57
0,0,31,0,0,0 8/3/2018 11:45:57
0,0,29,0,0,0 8/3/2018 11:45:57
0,0,22,0,0,0 8/3/2018 11:45:57
0,0,4,0,0,0 8/3/2018 11:45:57
0,0,5,0,0,0 8/3/2018 11:45:57
0,0,4,0,0,0 8/3/2018 11:45:57
0,0,0,0,0,0 8/3/2018 11:45:57
0,0,0,0,0,0 8/3/2018 11:45:57
0,0,0,0,0,0 8/3/2018 11:45:57
0,0,0,0,0,0 8/3/2018 11:45:58
0,0,0,0,0,0 8/3/2018 11:45:58
0,0,2,88,0,0 8/3/2018 11:45:58
0,0,18,178,0,0 8/3/2018 11:45:58
0,0,36,203,0,0 8/3/2018 11:45:58
0,0,67,193,0,0 8/3/2018 11:45:58
0,0,66,145,0,0 8/3/2018 11:45:58
0,0,66,103,0,0 8/3/2018 11:45:58
0,0,22,9,0,0 8/3/2018 11:45:58
0,0,12,17,0,0 8/3/2018 11:45:58
0,0,11,11,0,0 8/3/2018 11:45:58
0,0,27,93,0,0 8/3/2018 11:45:58
0,0,33,132,0,0 8/3/2018 11:45:58
0,0,33,198,0,3 8/3/2018 11:45:58
0,0,34,280,0,0 8/3/2018 11:45:58
0,0,37,320,0,0 8/3/2018 11:45:58
0,0,60,358,0,0 8/3/2018 11:45:58
0,0,69,376,0,0 8/3/2018 11:45:58
0,0,85,356,0,0 8/3/2018 11:45:58
0,0,95,333,0,0 8/3/2018 11:45:58
0,0,110,302,0,0 8/3/2018 11:45:58
0,0,121,274,0,0 8/3/2018 11:45:58
0,0,128,263,0,0 8/3/2018 11:45:58
0,0,134,280,1,0 8/3/2018 11:45:59
0,0,124,276,0,0 8/3/2018 11:45:59
0,0,124,289,0,0 8/3/2018 11:45:59
0,0,129,247,0,0 8/3/2018 11:45:59
0,0,128,249,0,0 8/3/2018 11:45:59
0,0,141,280,0,0 8/3/2018 11:45:59
0,0,146,305,0,0 8/3/2018 11:45:59
0,0,107,336,0,0 8/3/2018 11:45:59
0,0,111,380,0,0 8/3/2018 11:45:59
0,0,113,404,0,0 8/3/2018 11:45:59
0,0,103,409,1,0 8/3/2018 11:45:59
0,0,104,376,0,0 8/3/2018 11:45:59
0,0,96,361,0,0 8/3/2018 11:45:59
0,0,98,342,0,0 8/3/2018 11:45:59
0,0,92,343,0,0 8/3/2018 11:45:59
0,0,103,412,0,0 8/3/2018 11:45:59
0,0,110,432,0,0 8/3/2018 11:45:59
0,0,105,431,0,0 8/3/2018 11:45:59
0,0,109,435,0,0 8/3/2018 11:45:59
0,0,90,410,0,0 8/3/2018 11:45:59
0,0,62,303,0,0 8/3/2018 11:45:59
0,0,30,205,0,0 8/3/2018 11:45:59
0,0,14,101,0,0 8/3/2018 11:46:0
0,0,8,0,0,0 8/3/2018 11:46:0
0,0,0,0,0,0 8/3/2018 11:46:0
0,0,0,0,0,0 8/3/2018 11:46:0
0,0,0,0,0,0 8/3/2018 11:46:0
0,0,2,55,0,0 8/3/2018 11:46:0
0,0,1,88,0,0 8/3/2018 11:46:0
