0,0,0,0,0,0 8/3/2018 11:47:11
0,0,0,0,0,0 8/3/2018 11:47:11
0,0,0,25,0,0 8/3/2018 11:47:11
0,0,0,41,0,0 8/3/2018 11:47:11
0,0,0,56,0,0 8/3/2018 11:47:11
0,0,0,82,0,0 8/3/2018 11:47:12
0,0,0,92,0,0 8/3/2018 11:47:12
0,0,0,63,0,0 8/3/2018 11:47:12
0,0,0,66,0,0 8/3/2018 11:47:12
0,0,0,51,0,0 8/3/2018 11:47:12
0,0,0,53,0,0 8/3/2018 11:47:12
0,0,0,24,0,0 8/3/2018 11:47:12
0,0,0,16,0,0 8/3/2018 11:47:12
0,0,0,29,0,0 8/3/2018 11:47:12
0,0,0,7,0,0 8/3/2018 11:47:12
0,0,0,0,0,0 8/3/2018 11:47:12
0,0,0,0,0,0 8/3/2018 11:47:12
0,0,0,0,0,0 8/3/2018 11:47:12
0,0,0,0,0,0 8/3/2018 11:47:12
0,0,0,0,0,0 8/3/2018 11:47:12
0,0,0,0,0,0 8/3/2018 11:47:12
0,0,0,0,0,0 8/3/2018 11:47:12
0,0,0,0,0,0 8/3/2018 11:47:12
0,0,0,0,0,0 8/3/2018 11:47:12
0,0,0,0,0,0 8/3/2018 11:47:12
0,0,0,0,0,0 8/3/2018 11:47:12
0,0,0,0,0,0 8/3/2018 11:47:12
0,0,0,0,0,0 8/3/2018 11:47:12
0,0,0,0,0,0 8/3/2018 11:47:13
0,0,0,0,0,0 8/3/2018 11:47:13
0,0,0,0,0,0 8/3/2018 11:47:13
0,0,0,0,0,0 8/3/2018 11:47:13
0,0,0,0,0,0 8/3/2018 11:47:13
0,0,0,0,0,0 8/3/2018 11:47:13
0,0,0,0,0,0 8/3/2018 11:47:13
0,0,0,0,0,0 8/3/2018 11:47:13
0,0,0,0,0,0 8/3/2018 11:47:13
0,0,0,0,0,0 8/3/2018 11:47:13
0,0,0,0,0,0 8/3/2018 11:47:13
0,0,0,0,0,0 8/3/2018 11:47:13
0,0,0,0,1,0 8/3/2018 11:47:13
0,0,2,0,0,0 8/3/2018 11:47:13
0,0,2,0,0,0 8/3/2018 11:47:13
0,0,14,0,0,0 8/3/2018 11:47:13
0,0,3,0,0,0 8/3/2018 11:47:13
0,0,2,0,0,0 8/3/2018 11:47:13
0,0,2,0,0,0 8/3/2018 11:47:13
0,0,1,0,0,0 8/3/2018 11:47:13
0,0,1,0,0,0 8/3/2018 11:47:13
0,0,2,0,0,0 8/3/2018 11:47:13
0,0,1,0,0,0 8/3/2018 11:47:13
0,0,1,0,0,0 8/3/2018 11:47:14
0,0,0,0,0,0 8/3/2018 11:47:14
0,0,0,0,0,0 8/3/2018 11:47:14
0,0,0,0,0,0 8/3/2018 11:47:14
0,0,0,0,0,0 8/3/2018 11:47:14
0,0,0,0,0,0 8/3/2018 11:47:14
0,0,0,0,0,0 8/3/2018 11:47:14
0,0,0,0,0,0 8/3/2018 11:47:14
0,0,0,0,0,0 8/3/2018 11:47:14
0,0,0,0,0,0 8/3/2018 11:47:14
0,0,0,0,0,0 8/3/2018 11:47:14
0,0,0,0,0,0 8/3/2018 11:47:14
0,0,0,0,0,0 8/3/2018 11:47:14
0,0,0,0,0,0 8/3/2018 11:47:14
0,0,0,0,0,0 8/3/2018 11:47:14
0,0,0,0,0,0 8/3/2018 11:47:14
0,0,0,0,0,0 8/3/2018 11:47:14
0,0,0,0,0,0 8/3/2018 11:47:14
0,0,0,0,0,0 8/3/2018 11:47:14
0,0,0,0,0,0 8/3/2018 11:47:14
0,0,0,0,0,0 8/3/2018 11:47:14
0,0,0,0,0,0 8/3/2018 11:47:14
0,0,0,0,0,0 8/3/2018 11:47:15
0,0,0,0,0,0 8/3/2018 11:47:15
0,0,0,0,0,0 8/3/2018 11:47:15
0,0,0,0,0,0 8/3/2018 11:47:15
0,0,0,0,0,0 8/3/2018 11:47:15
0,0,0,0,0,0 8/3/2018 11:47:15
0,0,0,0,0,0 8/3/2018 11:47:15
0,0,0,0,0,0 8/3/2018 11:47:15
0,0,0,0,0,0 8/3/2018 11:47:15
0,0,0,0,0,0 8/3/2018 11:47:15
0,0,0,0,0,0 8/3/2018 11:47:15
0,0,0,0,0,0 8/3/2018 11:47:15
0,0,0,0,0,0 8/3/2018 11:47:15
0,0,0,0,0,0 8/3/2018 11:47:15
0,0,0,0,0,0 8/3/2018 11:47:15
0,0,0,0,0,0 8/3/2018 11:47:15
0,0,0,0,0,0 8/3/2018 11:47:15
0,0,0,0,0,0 8/3/2018 11:47:15
0,0,0,0,0,0 8/3/2018 11:47:15
0,0,0,0,0,0 8/3/2018 11:47:15
0,0,0,0,0,0 8/3/2018 11:47:15
0,0,0,0,0,0 8/3/2018 11:47:15
0,0,0,0,0,0 8/3/2018 11:47:15
0,0,0,0,0,0 8/3/2018 11:47:16
0,0,0,0,0,0 8/3/2018 11:47:16
0,0,0,0,0,0 8/3/2018 11:47:16
0,0,0,0,0,0 8/3/2018 11:47:16
0,0,0,0,0,0 8/3/2018 11:47:16
0,0,0,0,0,0 8/3/2018 11:47:16
0,0,0,0,0,0 8/3/2018 11:47:16
0,0,0,0,0,0 8/3/2018 11:47:16
0,0,0,0,0,0 8/3/2018 11:47:16
0,0,0,0,0,0 8/3/2018 11:47:16
0,0,0,0,0,0 8/3/2018 11:47:16
0,0,0,0,0,0 8/3/2018 11:47:16
0,0,0,0,0,0 8/3/2018 11:47:16
0,0,0,0,0,0 8/3/2018 11:47:16
0,0,0,0,0,0 8/3/2018 11:47:16
0,0,0,0,0,0 8/3/2018 11:47:16
0,0,0,0,0,0 8/3/2018 11:47:16
0,0,0,0,0,0 8/3/2018 11:47:16
0,0,0,0,0,0 8/3/2018 11:47:16
0,0,0,0,0,0 8/3/2018 11:47:16
0,0,0,0,0,0 8/3/2018 11:47:16
0,0,0,0,0,0 8/3/2018 11:47:16
0,0,0,22,0,0 8/3/2018 11:47:16
0,0,0,21,0,0 8/3/2018 11:47:17
0,0,0,0,0,1 8/3/2018 11:47:17
0,0,0,0,0,0 8/3/2018 11:47:17
0,0,0,0,0,0 8/3/2018 11:47:17
0,0,0,0,0,0 8/3/2018 11:47:17
0,0,0,0,0,0 8/3/2018 11:47:17
0,0,0,0,0,0 8/3/2018 11:47:17
0,0,0,0,0,0 8/3/2018 11:47:17
0,0,0,0,0,0 8/3/2018 11:47:17
0,0,0,0,0,0 8/3/2018 11:47:17
0,0,0,0,0,0 8/3/2018 11:47:17
0,0,0,0,0,0 8/3/2018 11:47:17
0,0,0,0,0,0 8/3/2018 11:47:17
0,0,0,0,0,0 8/3/2018 11:47:17
0,0,0,0,0,0 8/3/2018 11:47:17
0,0,0,0,0,0 8/3/2018 11:47:17
0,0,0,0,0,0 8/3/2018 11:47:17
0,0,0,0,0,0 8/3/2018 11:47:17
0,0,0,0,0,0 8/3/2018 11:47:17
0,0,0,0,0,0 8/3/2018 11:47:17
0,0,0,0,0,0 8/3/2018 11:47:17
0,0,0,0,0,0 8/3/2018 11:47:17
0,0,0,0,0,0 8/3/2018 11:47:18
0,0,0,0,0,0 8/3/2018 11:47:18
0,0,0,0,0,0 8/3/2018 11:47:18
0,0,0,0,0,0 8/3/2018 11:47:18
0,0,0,0,0,0 8/3/2018 11:47:18
0,0,0,0,0,0 8/3/2018 11:47:18
0,0,0,0,0,0 8/3/2018 11:47:18
0,0,0,0,0,0 8/3/2018 11:47:18
0,0,0,0,0,0 8/3/2018 11:47:18
0,0,0,0,0,0 8/3/2018 11:47:18
0,0,0,0,0,0 8/3/2018 11:47:18
0,0,0,0,0,0 8/3/2018 11:47:18
0,0,0,0,0,0 8/3/2018 11:47:18
0,0,0,0,0,0 8/3/2018 11:47:18
0,0,0,0,0,0 8/3/2018 11:47:18
0,0,0,0,0,0 8/3/2018 11:47:18
0,0,0,0,0,0 8/3/2018 11:47:18
0,0,0,0,0,0 8/3/2018 11:47:18
0,0,0,0,0,0 8/3/2018 11:47:18
0,0,0,0,0,0 8/3/2018 11:47:18
0,0,0,0,0,0 8/3/2018 11:47:18
0,0,0,0,0,0 8/3/2018 11:47:18
0,0,0,0,0,0 8/3/2018 11:47:18
0,0,0,0,0,0 8/3/2018 11:47:19
0,0,0,0,0,0 8/3/2018 11:47:19
0,0,0,0,0,0 8/3/2018 11:47:19
0,0,0,0,0,0 8/3/2018 11:47:19
0,0,0,0,0,0 8/3/2018 11:47:19
0,0,0,0,0,0 8/3/2018 11:47:19
0,0,0,0,0,0 8/3/2018 11:47:19
0,0,0,0,0,0 8/3/2018 11:47:19
0,0,0,0,0,0 8/3/2018 11:47:19
0,0,0,0,0,0 8/3/2018 11:47:19
0,0,0,0,0,0 8/3/2018 11:47:19
0,0,0,0,0,0 8/3/2018 11:47:19
0,0,0,0,0,0 8/3/2018 11:47:19
0,0,0,0,0,0 8/3/2018 11:47:19
0,0,0,0,0,0 8/3/2018 11:47:19
0,0,0,0,0,0 8/3/2018 11:47:19
0,0,0,0,0,0 8/3/2018 11:47:19
0,0,0,0,0,0 8/3/2018 11:47:19
0,0,0,0,0,0 8/3/2018 11:47:19
0,0,0,0,0,0 8/3/2018 11:47:19
0,0,0,0,0,0 8/3/2018 11:47:19
0,0,0,0,0,0 8/3/2018 11:47:19
0,0,0,0,0,0 8/3/2018 11:47:19
0,0,0,0,0,0 8/3/2018 11:47:20
0,0,0,0,0,0 8/3/2018 11:47:20
0,0,0,0,0,0 8/3/2018 11:47:20
0,0,0,0,0,0 8/3/2018 11:47:20
0,0,0,0,0,0 8/3/2018 11:47:20
0,0,0,0,0,0 8/3/2018 11:47:20
0,0,0,0,0,0 8/3/2018 11:47:20
0,0,0,0,0,0 8/3/2018 11:47:20
0,0,0,0,0,0 8/3/2018 11:47:20
0,0,0,0,0,0 8/3/2018 11:47:20
0,0,0,0,0,0 8/3/2018 11:47:20
0,0,0,0,0,0 8/3/2018 11:47:20
0,0,0,0,0,0 8/3/2018 11:47:20
0,0,0,0,0,0 8/3/2018 11:47:20
0,0,0,0,0,0 8/3/2018 11:47:20
0,0,0,0,0,0 8/3/2018 11:47:20
0,0,0,0,0,0 8/3/2018 11:47:20
0,0,0,0,0,0 8/3/2018 11:47:20
0,0,0,0,0,0 8/3/2018 11:47:20
0,0,0,0,0,0 8/3/2018 11:47:20
0,0,0,0,0,0 8/3/2018 11:47:20
0,0,0,0,0,0 8/3/2018 11:47:20
0,0,0,0,0,0 8/3/2018 11:47:20
0,0,0,0,0,0 8/3/2018 11:47:21
0,0,0,0,0,0 8/3/2018 11:47:21
0,0,0,0,0,0 8/3/2018 11:47:21
0,0,0,0,0,0 8/3/2018 11:47:21
0,0,0,0,0,0 8/3/2018 11:47:21
0,0,0,0,0,0 8/3/2018 11:47:21
0,0,0,0,0,0 8/3/2018 11:47:21
0,0,0,0,0,0 8/3/2018 11:47:21
0,0,0,0,0,0 8/3/2018 11:47:21
0,0,0,0,0,0 8/3/2018 11:47:21
0,0,0,0,0,0 8/3/2018 11:47:21
0,0,0,0,0,0 8/3/2018 11:47:21
0,0,0,0,0,0 8/3/2018 11:47:21
0,0,0,0,0,0 8/3/2018 11:47:21
0,0,0,0,0,0 8/3/2018 11:47:21
0,0,0,0,0,0 8/3/2018 11:47:21
0,0,0,0,0,0 8/3/2018 11:47:21
0,0,0,0,0,0 8/3/2018 11:47:21
0,0,0,0,0,0 8/3/2018 11:47:21
0,0,0,0,0,0 8/3/2018 11:47:21
0,0,0,0,0,0 8/3/2018 11:47:21
0,0,0,0,0,0 8/3/2018 11:47:21
0,0,0,0,0,0 8/3/2018 11:47:22
0,0,0,0,0,0 8/3/2018 11:47:22
0,0,0,0,0,0 8/3/2018 11:47:22
0,0,0,0,0,0 8/3/2018 11:47:22
0,0,0,0,0,0 8/3/2018 11:47:22
0,0,0,0,0,0 8/3/2018 11:47:22
0,0,0,0,0,0 8/3/2018 11:47:22
0,0,0,0,0,0 8/3/2018 11:47:22
0,0,0,0,0,0 8/3/2018 11:47:22
0,0,0,0,0,0 8/3/2018 11:47:22
0,0,0,0,0,0 8/3/2018 11:47:22
0,0,0,0,0,0 8/3/2018 11:47:22
0,0,0,0,0,0 8/3/2018 11:47:22
0,0,0,0,0,0 8/3/2018 11:47:22
0,0,0,0,0,0 8/3/2018 11:47:22
0,0,0,0,0,0 8/3/2018 11:47:22
0,0,0,0,0,0 8/3/2018 11:47:22
0,0,0,0,0,0 8/3/2018 11:47:22
0,0,0,0,0,0 8/3/2018 11:47:22
0,0,0,0,0,0 8/3/2018 11:47:22
0,0,0,0,0,0 8/3/2018 11:47:22
0,0,0,0,0,0 8/3/2018 11:47:22
0,0,0,0,0,0 8/3/2018 11:47:22
0,0,0,0,0,0 8/3/2018 11:47:23
0,0,0,0,0,0 8/3/2018 11:47:23
0,0,0,0,0,0 8/3/2018 11:47:23
0,0,0,0,0,0 8/3/2018 11:47:23
0,0,0,0,0,0 8/3/2018 11:47:23
0,0,0,0,0,0 8/3/2018 11:47:23
0,0,0,0,0,0 8/3/2018 11:47:23
0,0,0,0,0,0 8/3/2018 11:47:23
0,0,0,0,0,0 8/3/2018 11:47:23
0,0,0,0,0,0 8/3/2018 11:47:23
0,0,0,0,0,0 8/3/2018 11:47:23
