0,84,0,0,0,0 7/27/2018 15:37:52
0,80,0,0,0,0 7/27/2018 15:37:52
0,93,0,0,0,0 7/27/2018 15:37:52
0,88,0,0,0,0 7/27/2018 15:37:52
0,80,0,0,0,0 7/27/2018 15:37:52
0,76,0,0,0,0 7/27/2018 15:37:52
0,80,0,0,0,0 7/27/2018 15:37:52
0,86,0,0,0,0 7/27/2018 15:37:52
0,93,1,0,0,0 7/27/2018 15:37:52
0,110,25,0,0,0 7/27/2018 15:37:52
0,139,65,0,0,0 7/27/2018 15:37:52
0,186,362,0,0,0 7/27/2018 15:37:52
0,707,577,0,0,0 7/27/2018 15:37:53
0,782,586,0,0,0 7/27/2018 15:37:53
0,800,694,263,0,0 7/27/2018 15:37:53
0,811,712,445,0,0 7/27/2018 15:37:53
0,819,716,525,0,0 7/27/2018 15:37:53
0,835,706,629,0,0 7/27/2018 15:37:53
0,836,655,632,0,0 7/27/2018 15:37:53
0,820,162,555,0,0 7/27/2018 15:37:53
0,771,0,387,0,0 7/27/2018 15:37:53
0,691,0,273,0,0 7/27/2018 15:37:53
0,594,0,0,0,0 7/27/2018 15:37:53
0,438,0,0,0,0 7/27/2018 15:37:53
0,122,0,0,0,0 7/27/2018 15:37:53
0,93,0,0,0,0 7/27/2018 15:37:53
0,54,0,0,0,0 7/27/2018 15:37:53
0,73,0,0,0,0 7/27/2018 15:37:53
0,118,0,0,0,0 7/27/2018 15:37:53
0,348,0,0,0,0 7/27/2018 15:37:53
0,589,28,0,0,0 7/27/2018 15:37:53
0,663,113,536,0,0 7/27/2018 15:37:53
0,773,175,773,0,0 7/27/2018 15:37:53
0,808,457,767,0,0 7/27/2018 15:37:53
0,831,665,762,0,0 7/27/2018 15:37:53
0,837,705,783,0,0 7/27/2018 15:37:54
0,825,718,761,0,0 7/27/2018 15:37:54
0,781,539,628,0,0 7/27/2018 15:37:54
0,700,0,225,0,0 7/27/2018 15:37:54
0,554,0,0,0,0 7/27/2018 15:37:54
0,3,0,0,0,0 7/27/2018 15:37:54
0,21,0,0,0,0 7/27/2018 15:37:54
0,0,0,0,0,0 7/27/2018 15:37:54
0,0,0,0,0,0 7/27/2018 15:37:54
0,0,0,0,0,0 7/27/2018 15:37:54
0,64,0,0,0,0 7/27/2018 15:37:54
0,19,18,0,0,0 7/27/2018 15:37:54
0,0,52,0,0,0 7/27/2018 15:37:54
0,10,92,34,0,0 7/27/2018 15:37:54
0,73,187,100,0,0 7/27/2018 15:37:54
0,150,226,232,0,0 7/27/2018 15:37:54
0,0,243,93,0,0 7/27/2018 15:37:54
0,227,0,373,0,0 7/27/2018 15:37:54
0,266,0,490,0,0 7/27/2018 15:37:54
0,342,0,617,0,0 7/27/2018 15:37:54
0,302,0,637,0,0 7/27/2018 15:37:54
0,150,0,546,0,0 7/27/2018 15:37:54
0,0,0,191,0,0 7/27/2018 15:37:55
0,0,0,72,0,0 7/27/2018 15:37:55
0,0,0,138,0,0 7/27/2018 15:37:55
0,0,0,179,0,0 7/27/2018 15:37:55
0,0,0,0,0,0 7/27/2018 15:37:55
0,10,0,0,0,0 7/27/2018 15:37:55
0,167,0,0,0,0 7/27/2018 15:37:55
0,196,0,0,0,0 7/27/2018 15:37:55
0,155,2,99,0,0 7/27/2018 15:37:55
0,168,132,193,0,0 7/27/2018 15:37:55
0,219,303,265,0,0 7/27/2018 15:37:55
0,52,355,483,0,0 7/27/2018 15:37:55
0,6,362,531,0,0 7/27/2018 15:37:55
0,0,304,518,0,0 7/27/2018 15:37:55
0,0,223,362,0,0 7/27/2018 15:37:55
0,0,16,0,0,0 7/27/2018 15:37:55
0,0,0,0,0,0 7/27/2018 15:37:55
0,0,0,0,0,0 7/27/2018 15:37:55
0,0,0,0,0,0 7/27/2018 15:37:55
0,0,0,0,0,0 7/27/2018 15:37:55
0,43,0,0,0,0 7/27/2018 15:37:55
0,46,0,0,0,0 7/27/2018 15:37:55
0,9,0,0,0,0 7/27/2018 15:37:55
0,78,0,0,0,0 7/27/2018 15:37:56
0,84,0,0,0,0 7/27/2018 15:37:56
0,62,0,0,0,0 7/27/2018 15:37:56
0,97,79,0,0,0 7/27/2018 15:37:56
0,169,227,0,0,0 7/27/2018 15:37:56
0,132,351,192,0,0 7/27/2018 15:37:56
0,44,368,394,0,0 7/27/2018 15:37:56
0,98,174,324,0,0 7/27/2018 15:37:56
0,172,0,208,0,0 7/27/2018 15:37:56
0,326,0,86,0,0 7/27/2018 15:37:56
0,365,0,0,0,0 7/27/2018 15:37:56
0,388,60,0,0,0 7/27/2018 15:37:56
0,476,95,0,0,0 7/27/2018 15:37:56
0,547,105,0,0,0 7/27/2018 15:37:56
0,614,133,0,0,0 7/27/2018 15:37:56
0,648,223,0,0,0 7/27/2018 15:37:56
0,604,171,42,0,0 7/27/2018 15:37:56
0,554,12,0,0,0 7/27/2018 15:37:56
0,498,17,0,0,0 7/27/2018 15:37:56
0,354,47,0,0,0 7/27/2018 15:37:56
0,153,55,0,0,0 7/27/2018 15:37:56
0,5,57,0,0,0 7/27/2018 15:37:56
0,0,74,0,2,0 7/27/2018 15:37:56
0,14,134,129,0,0 7/27/2018 15:37:57
0,115,314,363,0,0 7/27/2018 15:37:57
0,155,585,127,0,0 7/27/2018 15:37:57
0,136,643,272,0,0 7/27/2018 15:37:57
0,176,529,301,0,0 7/27/2018 15:37:57
0,181,0,140,0,0 7/27/2018 15:37:57
0,166,42,0,0,0 7/27/2018 15:37:57
0,103,98,106,0,0 7/27/2018 15:37:57
0,92,116,56,0,0 7/27/2018 15:37:57
0,73,118,93,0,0 7/27/2018 15:37:57
0,0,137,114,0,0 7/27/2018 15:37:57
0,0,106,112,0,0 7/27/2018 15:37:57
0,0,128,137,0,0 7/27/2018 15:37:57
0,0,195,194,0,0 7/27/2018 15:37:57
0,0,235,164,0,0 7/27/2018 15:37:57
0,0,285,118,0,0 7/27/2018 15:37:57
0,0,245,28,0,0 7/27/2018 15:37:57
0,0,24,0,0,0 7/27/2018 15:37:57
0,0,0,0,0,0 7/27/2018 15:37:57
0,0,17,0,0,0 7/27/2018 15:37:57
0,0,63,4,0,0 7/27/2018 15:37:57
0,4,157,317,0,0 7/27/2018 15:37:57
0,207,0,530,0,0 7/27/2018 15:37:58
0,241,0,658,0,0 7/27/2018 15:37:58
0,256,92,694,0,0 7/27/2018 15:37:58
0,228,0,672,0,0 7/27/2018 15:37:58
0,0,0,493,0,0 7/27/2018 15:37:58
0,0,0,0,0,0 7/27/2018 15:37:58
0,0,0,0,0,0 7/27/2018 15:37:58
0,0,0,0,0,0 7/27/2018 15:37:58
0,0,20,0,0,0 7/27/2018 15:37:58
0,30,40,0,0,0 7/27/2018 15:37:58
0,79,49,0,0,0 7/27/2018 15:37:58
0,156,123,88,0,0 7/27/2018 15:37:58
0,234,192,169,0,0 7/27/2018 15:37:58
0,297,236,219,0,0 7/27/2018 15:37:58
0,383,256,270,0,0 7/27/2018 15:37:58
0,417,137,141,0,0 7/27/2018 15:37:58
0,453,88,5,0,0 7/27/2018 15:37:58
0,497,60,0,0,0 7/27/2018 15:37:58
0,512,52,0,0,0 7/27/2018 15:37:58
0,456,20,0,0,0 7/27/2018 15:37:58
0,325,27,0,0,0 7/27/2018 15:37:58
0,58,28,0,0,0 7/27/2018 15:37:58
0,0,64,0,0,0 7/27/2018 15:37:58
0,0,143,141,0,0 7/27/2018 15:37:59
0,14,222,199,0,0 7/27/2018 15:37:59
0,0,293,141,0,0 7/27/2018 15:37:59
0,0,183,97,0,0 7/27/2018 15:37:59
0,525,33,0,0,0 7/27/2018 15:37:59
0,79,13,0,0,0 7/27/2018 15:37:59
0,410,30,0,0,0 7/27/2018 15:37:59
0,665,34,0,0,0 7/27/2018 15:37:59
0,691,75,0,0,0 7/27/2018 15:37:59
0,674,146,0,0,0 7/27/2018 15:37:59
0,684,223,0,0,0 7/27/2018 15:37:59
0,711,294,0,0,0 7/27/2018 15:37:59
0,735,286,0,0,0 7/27/2018 15:37:59
0,746,274,0,0,0 7/27/2018 15:37:59
0,740,280,0,0,0 7/27/2018 15:37:59
0,711,263,0,0,0 7/27/2018 15:37:59
0,553,187,0,0,0 7/27/2018 15:37:59
0,272,0,0,0,0 7/27/2018 15:37:59
0,0,0,0,0,0 7/27/2018 15:37:59
0,0,0,0,0,0 7/27/2018 15:37:59
0,0,6,0,0,0 7/27/2018 15:37:59
0,67,28,0,0,0 7/27/2018 15:37:59
0,282,55,0,0,0 7/27/2018 15:37:59
0,396,220,160,0,0 7/27/2018 15:38:0
0,465,234,375,0,0 7/27/2018 15:38:0
0,485,174,395,0,0 7/27/2018 15:38:0
0,298,92,170,0,0 7/27/2018 15:38:0
0,1,123,49,0,0 7/27/2018 15:38:0
0,0,127,29,0,0 7/27/2018 15:38:0
0,0,136,14,0,0 7/27/2018 15:38:0
0,0,160,0,0,0 7/27/2018 15:38:0
0,0,182,0,0,0 7/27/2018 15:38:0
0,0,204,0,0,0 7/27/2018 15:38:0
0,0,80,0,0,0 7/27/2018 15:38:0
0,0,0,0,0,0 7/27/2018 15:38:0
0,0,0,0,0,0 7/27/2018 15:38:0
0,0,68,0,0,0 7/27/2018 15:38:0
0,0,226,0,0,0 7/27/2018 15:38:0
0,0,234,136,0,0 7/27/2018 15:38:0
0,0,253,345,0,0 7/27/2018 15:38:0
0,0,133,271,0,0 7/27/2018 15:38:0
0,14,0,0,0,0 7/27/2018 15:38:0
0,0,0,0,0,0 7/27/2018 15:38:0
0,0,0,0,0,0 7/27/2018 15:38:0
0,0,0,0,0,0 7/27/2018 15:38:0
0,0,5,0,0,0 7/27/2018 15:38:1
0,0,79,0,0,0 7/27/2018 15:38:1
0,0,125,0,0,0 7/27/2018 15:38:1
0,0,211,0,0,0 7/27/2018 15:38:1
0,19,327,0,0,0 7/27/2018 15:38:1
0,145,429,0,0,0 7/27/2018 15:38:1
0,145,405,0,0,0 7/27/2018 15:38:1
0,0,286,0,0,0 7/27/2018 15:38:1
0,0,55,0,0,0 7/27/2018 15:38:1
0,0,0,0,0,0 7/27/2018 15:38:1
0,0,0,0,0,0 7/27/2018 15:38:1
0,0,0,0,0,0 7/27/2018 15:38:1
0,0,0,0,0,0 7/27/2018 15:38:1
0,496,0,0,0,0 7/27/2018 15:38:1
0,647,22,0,0,0 7/27/2018 15:38:1
0,625,95,0,0,0 7/27/2018 15:38:1
0,708,149,0,0,0 7/27/2018 15:38:1
0,748,200,0,0,0 7/27/2018 15:38:1
0,771,203,0,0,0 7/27/2018 15:38:1
0,762,228,0,0,0 7/27/2018 15:38:1
0,732,216,0,0,0 7/27/2018 15:38:1
0,177,124,0,0,0 7/27/2018 15:38:1
0,323,46,0,0,0 7/27/2018 15:38:1
0,228,17,0,0,0 7/27/2018 15:38:2
0,361,25,0,0,0 7/27/2018 15:38:2
0,534,62,229,0,0 7/27/2018 15:38:2
0,566,85,601,0,0 7/27/2018 15:38:2
0,613,99,651,0,0 7/27/2018 15:38:2
0,609,165,794,0,0 7/27/2018 15:38:2
0,602,192,824,0,0 7/27/2018 15:38:2
0,563,186,841,0,0 7/27/2018 15:38:2
0,496,109,821,0,0 7/27/2018 15:38:2
0,362,63,691,0,0 7/27/2018 15:38:2
0,255,0,311,0,0 7/27/2018 15:38:2
0,100,0,350,0,0 7/27/2018 15:38:2
0,91,0,0,0,0 7/27/2018 15:38:2
0,81,0,0,0,0 7/27/2018 15:38:2
0,95,9,0,0,0 7/27/2018 15:38:2
0,79,25,7,0,0 7/27/2018 15:38:2
0,80,77,386,0,0 7/27/2018 15:38:2
0,113,134,780,0,0 7/27/2018 15:38:2
0,133,185,859,0,0 7/27/2018 15:38:2
0,139,262,881,0,0 7/27/2018 15:38:2
0,135,265,895,0,0 7/27/2018 15:38:2
0,125,264,896,0,0 7/27/2018 15:38:2
0,103,238,892,0,0 7/27/2018 15:38:2
0,100,265,892,0,0 7/27/2018 15:38:3
0,52,280,898,0,0 7/27/2018 15:38:3
0,54,261,903,1,0 7/27/2018 15:38:3
0,38,247,902,0,0 7/27/2018 15:38:3
0,45,159,905,0,0 7/27/2018 15:38:3
0,0,100,888,0,0 7/27/2018 15:38:3
0,122,43,832,0,0 7/27/2018 15:38:3
0,174,33,595,0,0 7/27/2018 15:38:3
0,113,10,0,0,0 7/27/2018 15:38:3
0,93,0,0,0,0 7/27/2018 15:38:3
0,225,21,0,0,0 7/27/2018 15:38:3
0,309,78,13,0,0 7/27/2018 15:38:3
0,521,178,155,0,0 7/27/2018 15:38:3
0,582,68,365,0,0 7/27/2018 15:38:3
0,598,0,453,0,0 7/27/2018 15:38:3
0,591,0,525,0,0 7/27/2018 15:38:3
0,551,0,555,0,0 7/27/2018 15:38:3
0,477,0,448,0,0 7/27/2018 15:38:3
0,243,0,457,0,0 7/27/2018 15:38:3
0,155,83,403,0,0 7/27/2018 15:38:3
0,144,151,662,0,0 7/27/2018 15:38:3
0,74,156,726,0,0 7/27/2018 15:38:3
0,40,176,772,0,0 7/27/2018 15:38:4
0,85,207,801,0,0 7/27/2018 15:38:4
0,67,218,797,0,0 7/27/2018 15:38:4
0,67,197,811,0,0 7/27/2018 15:38:4
0,84,140,801,0,0 7/27/2018 15:38:4
0,110,64,792,0,0 7/27/2018 15:38:4
0,115,0,688,0,0 7/27/2018 15:38:4
0,137,0,526,0,0 7/27/2018 15:38:4
0,134,1,343,0,0 7/27/2018 15:38:4
0,61,0,150,0,0 7/27/2018 15:38:4
0,0,0,0,0,0 7/27/2018 15:38:4
0,0,0,0,0,0 7/27/2018 15:38:4
0,0,0,0,0,0 7/27/2018 15:38:4
0,0,0,0,0,0 7/27/2018 15:38:4
0,0,0,0,0,0 7/27/2018 15:38:4
0,1,7,12,0,0 7/27/2018 15:38:4
0,69,123,98,0,0 7/27/2018 15:38:4
0,58,0,39,0,0 7/27/2018 15:38:4
0,143,0,335,0,0 7/27/2018 15:38:4
0,196,0,710,0,0 7/27/2018 15:38:4
0,118,0,797,0,0 7/27/2018 15:38:4
0,65,0,782,0,0 7/27/2018 15:38:4
0,38,0,612,0,0 7/27/2018 15:38:4
0,24,18,332,0,0 7/27/2018 15:38:5
0,18,0,0,0,0 7/27/2018 15:38:5
0,0,0,0,0,0 7/27/2018 15:38:5
0,0,0,0,0,0 7/27/2018 15:38:5
0,0,0,0,0,0 7/27/2018 15:38:5
0,41,0,0,0,0 7/27/2018 15:38:5
0,67,5,0,0,0 7/27/2018 15:38:5
0,87,2,0,0,0 7/27/2018 15:38:5
0,76,4,0,0,0 7/27/2018 15:38:5
0,78,5,0,0,0 7/27/2018 15:38:5
0,73,5,0,0,0 7/27/2018 15:38:5
0,67,5,0,0,0 7/27/2018 15:38:5
0,65,0,0,0,0 7/27/2018 15:38:5
0,79,0,0,0,0 7/27/2018 15:38:5
0,79,0,0,0,0 7/27/2018 15:38:5
0,81,0,0,0,0 7/27/2018 15:38:5
0,86,0,0,0,0 7/27/2018 15:38:5
0,103,0,0,0,0 7/27/2018 15:38:5
0,134,0,0,0,0 7/27/2018 15:38:5
0,117,3,27,0,0 7/27/2018 15:38:5
0,130,25,230,0,0 7/27/2018 15:38:5
0,155,150,534,0,0 7/27/2018 15:38:5
0,654,73,502,0,0 7/27/2018 15:38:5
0,718,0,404,0,0 7/27/2018 15:38:6
0,758,0,590,0,0 7/27/2018 15:38:6
0,779,0,824,0,0 7/27/2018 15:38:6
0,787,0,894,0,0 7/27/2018 15:38:6
0,774,0,909,0,0 7/27/2018 15:38:6
0,669,0,892,0,0 7/27/2018 15:38:6
0,407,0,751,0,0 7/27/2018 15:38:6
0,105,0,52,0,0 7/27/2018 15:38:6
0,0,0,0,0,0 7/27/2018 15:38:6
0,0,0,0,0,0 7/27/2018 15:38:6
0,0,0,0,0,0 7/27/2018 15:38:6
0,0,0,0,0,0 7/27/2018 15:38:6
0,14,0,0,0,0 7/27/2018 15:38:6
0,56,0,0,0,0 7/27/2018 15:38:6
0,66,36,0,0,0 7/27/2018 15:38:6
0,56,48,0,0,0 7/27/2018 15:38:6
0,57,52,0,0,0 7/27/2018 15:38:6
0,48,86,274,0,0 7/27/2018 15:38:6
0,73,90,721,0,0 7/27/2018 15:38:6
0,362,150,786,0,0 7/27/2018 15:38:6
0,486,200,731,0,0 7/27/2018 15:38:6
0,432,266,664,0,0 7/27/2018 15:38:6
0,358,238,686,0,0 7/27/2018 15:38:7
0,71,192,669,0,0 7/27/2018 15:38:7
0,64,185,729,0,0 7/27/2018 15:38:7
0,61,169,769,0,0 7/27/2018 15:38:7
0,66,183,792,0,0 7/27/2018 15:38:7
0,75,196,789,0,0 7/27/2018 15:38:7
0,75,185,713,0,0 7/27/2018 15:38:7
0,348,205,679,0,0 7/27/2018 15:38:7
0,449,194,721,0,0 7/27/2018 15:38:7
0,401,203,721,0,0 7/27/2018 15:38:7
0,338,226,458,0,0 7/27/2018 15:38:7
0,349,223,0,0,0 7/27/2018 15:38:7
0,287,223,0,0,0 7/27/2018 15:38:7
0,302,235,0,0,0 7/27/2018 15:38:7
0,319,213,151,0,0 7/27/2018 15:38:7
0,363,184,0,0,0 7/27/2018 15:38:7
0,456,227,2,0,0 7/27/2018 15:38:7
0,515,273,9,0,0 7/27/2018 15:38:7
0,624,375,40,0,0 7/27/2018 15:38:7
0,658,548,200,0,0 7/27/2018 15:38:7
0,679,593,300,0,0 7/27/2018 15:38:7
0,653,559,363,0,0 7/27/2018 15:38:7
0,570,389,380,0,0 7/27/2018 15:38:7
0,514,96,435,0,0 7/27/2018 15:38:8
0,318,56,503,0,0 7/27/2018 15:38:8
0,119,103,599,0,0 7/27/2018 15:38:8
0,119,138,654,0,0 7/27/2018 15:38:8
0,128,217,645,0,0 7/27/2018 15:38:8
0,141,261,548,0,0 7/27/2018 15:38:8
0,136,204,471,0,0 7/27/2018 15:38:8
0,127,204,422,0,0 7/27/2018 15:38:8
0,120,105,523,0,0 7/27/2018 15:38:8
0,83,22,167,0,0 7/27/2018 15:38:8
0,62,20,0,0,0 7/27/2018 15:38:8
0,70,31,0,0,0 7/27/2018 15:38:8
0,7,80,0,0,0 7/27/2018 15:38:8
0,29,112,0,0,0 7/27/2018 15:38:8
0,0,124,0,0,0 7/27/2018 15:38:8
0,0,34,0,0,0 7/27/2018 15:38:8
0,0,0,0,0,0 7/27/2018 15:38:8
0,0,0,0,0,0 7/27/2018 15:38:8
0,0,0,0,0,0 7/27/2018 15:38:8
0,0,0,0,0,0 7/27/2018 15:38:8
0,0,3,0,0,0 7/27/2018 15:38:8
0,188,54,0,0,0 7/27/2018 15:38:8
0,154,112,0,0,0 7/27/2018 15:38:8
0,169,215,0,0,0 7/27/2018 15:38:9
0,52,282,0,0,0 7/27/2018 15:38:9
0,0,289,0,0,0 7/27/2018 15:38:9
0,0,239,0,0,0 7/27/2018 15:38:9
0,0,206,0,0,0 7/27/2018 15:38:9
0,0,190,0,0,0 7/27/2018 15:38:9
0,0,106,0,0,0 7/27/2018 15:38:9
0,0,84,0,0,0 7/27/2018 15:38:9
0,135,0,0,0,0 7/27/2018 15:38:9
0,0,43,0,0,0 7/27/2018 15:38:9
0,33,91,0,0,0 7/27/2018 15:38:9
0,95,245,0,0,0 7/27/2018 15:38:9
0,198,404,0,0,0 7/27/2018 15:38:9
0,402,489,0,0,0 7/27/2018 15:38:9
0,487,647,0,0,0 7/27/2018 15:38:9
0,587,721,0,0,0 7/27/2018 15:38:9
0,617,792,0,0,0 7/27/2018 15:38:9
0,637,853,0,0,0 7/27/2018 15:38:9
0,754,890,0,0,0 7/27/2018 15:38:9
0,786,894,0,0,0 7/27/2018 15:38:9
0,759,793,0,0,0 7/27/2018 15:38:9
0,645,512,0,0,0 7/27/2018 15:38:9
0,203,332,0,0,0 7/27/2018 15:38:9
0,0,165,0,0,0 7/27/2018 15:38:10
0,0,120,0,0,0 7/27/2018 15:38:10
0,0,120,0,0,0 7/27/2018 15:38:10
0,0,136,0,0,0 7/27/2018 15:38:10
0,0,130,0,0,0 7/27/2018 15:38:10
0,0,71,0,0,0 7/27/2018 15:38:10
0,0,0,0,0,0 7/27/2018 15:38:10
0,0,0,0,0,0 7/27/2018 15:38:10
0,0,0,0,0,0 7/27/2018 15:38:10
0,152,0,0,0,0 7/27/2018 15:38:10
0,410,0,0,0,0 7/27/2018 15:38:10
0,536,46,519,0,0 7/27/2018 15:38:10
0,492,96,723,0,0 7/27/2018 15:38:10
0,389,141,788,0,0 7/27/2018 15:38:10
0,385,142,791,0,0 7/27/2018 15:38:10
0,0,241,789,0,0 7/27/2018 15:38:10
0,0,282,744,0,0 7/27/2018 15:38:10
0,0,267,654,0,0 7/27/2018 15:38:10
0,493,221,437,0,0 7/27/2018 15:38:10
0,463,122,56,0,0 7/27/2018 15:38:10
0,276,54,0,0,0 7/27/2018 15:38:10
0,143,0,0,0,0 7/27/2018 15:38:10
0,24,2,0,0,0 7/27/2018 15:38:11
0,222,4,0,0,0 7/27/2018 15:38:11
0,436,0,0,0,0 7/27/2018 15:38:11
0,429,0,0,0,0 7/27/2018 15:38:11
0,357,56,0,0,0 7/27/2018 15:38:11
0,343,225,0,0,0 7/27/2018 15:38:11
0,355,483,0,0,0 7/27/2018 15:38:11
0,372,600,0,0,0 7/27/2018 15:38:11
0,423,603,0,0,0 7/27/2018 15:38:11
0,461,560,0,0,0 7/27/2018 15:38:11
0,461,533,0,0,0 7/27/2018 15:38:11
0,420,499,0,0,0 7/27/2018 15:38:11
0,247,399,0,0,0 7/27/2018 15:38:11
0,151,0,0,0,0 7/27/2018 15:38:11
0,0,0,0,0,0 7/27/2018 15:38:11
0,39,0,71,0,0 7/27/2018 15:38:11
0,1,0,284,0,0 7/27/2018 15:38:11
0,43,0,408,0,0 7/27/2018 15:38:11
0,0,0,361,0,0 7/27/2018 15:38:11
0,28,41,0,0,0 7/27/2018 15:38:11
0,49,402,0,0,0 7/27/2018 15:38:11
0,123,558,24,0,0 7/27/2018 15:38:11
0,378,486,102,0,0 7/27/2018 15:38:11
0,401,411,169,0,0 7/27/2018 15:38:12
0,222,319,248,0,0 7/27/2018 15:38:12
0,0,256,38,0,0 7/27/2018 15:38:12
0,0,57,0,0,0 7/27/2018 15:38:12
0,0,47,0,0,0 7/27/2018 15:38:12
0,0,67,16,0,0 7/27/2018 15:38:12
0,82,91,0,0,0 7/27/2018 15:38:12
0,81,86,0,0,0 7/27/2018 15:38:12
0,67,69,0,0,0 7/27/2018 15:38:12
0,69,73,0,0,0 7/27/2018 15:38:12
0,115,88,40,0,0 7/27/2018 15:38:12
0,139,91,58,0,0 7/27/2018 15:38:12
0,107,92,62,0,0 7/27/2018 15:38:12
0,71,81,42,0,0 7/27/2018 15:38:12
0,0,70,0,0,0 7/27/2018 15:38:12
0,46,70,55,0,0 7/27/2018 15:38:12
0,57,103,358,0,0 7/27/2018 15:38:12
0,80,218,473,0,0 7/27/2018 15:38:12
0,84,288,549,0,0 7/27/2018 15:38:12
0,84,321,637,0,0 7/27/2018 15:38:12
0,101,340,652,0,0 7/27/2018 15:38:12
0,90,359,685,0,0 7/27/2018 15:38:12
0,93,343,700,0,0 7/27/2018 15:38:12
0,102,360,713,0,0 7/27/2018 15:38:13
0,108,350,730,0,0 7/27/2018 15:38:13
0,108,355,725,0,0 7/27/2018 15:38:13
0,117,233,648,0,0 7/27/2018 15:38:13
0,119,136,199,0,0 7/27/2018 15:38:13
0,72,92,0,0,0 7/27/2018 15:38:13
0,54,0,0,0,0 7/27/2018 15:38:13
0,106,0,0,0,0 7/27/2018 15:38:13
0,176,15,0,0,0 7/27/2018 15:38:13
0,187,50,0,0,0 7/27/2018 15:38:13
0,613,44,7,0,0 7/27/2018 15:38:13
0,613,70,4,0,0 7/27/2018 15:38:13
0,619,74,11,1,0 7/27/2018 15:38:13
0,590,43,2,0,0 7/27/2018 15:38:13
0,522,41,15,0,0 7/27/2018 15:38:13
0,534,26,0,0,0 7/27/2018 15:38:13
0,430,5,0,0,0 7/27/2018 15:38:13
0,367,32,0,0,0 7/27/2018 15:38:13
0,289,65,0,0,0 7/27/2018 15:38:13
0,270,44,137,0,0 7/27/2018 15:38:13
0,262,70,384,0,0 7/27/2018 15:38:13
0,263,74,596,0,0 7/27/2018 15:38:13
0,270,74,675,0,0 7/27/2018 15:38:14
0,280,90,689,0,0 7/27/2018 15:38:14
0,270,41,743,0,0 7/27/2018 15:38:14
0,258,61,612,0,0 7/27/2018 15:38:14
0,197,78,590,0,0 7/27/2018 15:38:14
0,126,64,186,0,0 7/27/2018 15:38:14
0,28,72,0,0,0 7/27/2018 15:38:14
0,33,58,0,0,0 7/27/2018 15:38:14
0,59,0,0,0,0 7/27/2018 15:38:14
0,72,0,0,0,0 7/27/2018 15:38:14
0,31,0,0,0,0 7/27/2018 15:38:14
0,0,0,0,0,0 7/27/2018 15:38:14
0,0,0,0,0,0 7/27/2018 15:38:14
0,0,0,0,0,0 7/27/2018 15:38:14
0,0,0,0,0,0 7/27/2018 15:38:14
0,0,8,0,0,0 7/27/2018 15:38:14
0,0,65,0,0,0 7/27/2018 15:38:14
0,0,110,0,0,0 7/27/2018 15:38:14
0,0,152,31,0,0 7/27/2018 15:38:14
0,0,153,109,0,0 7/27/2018 15:38:14
0,0,167,158,0,0 7/27/2018 15:38:14
0,20,177,346,0,0 7/27/2018 15:38:14
0,0,186,498,0,0 7/27/2018 15:38:14
0,60,193,629,0,0 7/27/2018 15:38:15
0,116,242,606,0,0 7/27/2018 15:38:15
0,150,193,539,0,0 7/27/2018 15:38:15
0,160,217,543,0,0 7/27/2018 15:38:15
0,172,254,585,0,0 7/27/2018 15:38:15
0,173,243,530,0,0 7/27/2018 15:38:15
0,171,208,419,0,0 7/27/2018 15:38:15
0,144,150,245,0,0 7/27/2018 15:38:15
0,69,92,162,0,0 7/27/2018 15:38:15
0,0,0,0,0,0 7/27/2018 15:38:15
0,0,0,0,0,0 7/27/2018 15:38:15
0,0,6,0,0,0 7/27/2018 15:38:15
0,0,8,0,0,0 7/27/2018 15:38:15
0,0,45,0,0,0 7/27/2018 15:38:15
0,0,43,37,0,0 7/27/2018 15:38:15
0,0,57,42,0,0 7/27/2018 15:38:15
0,48,58,136,0,0 7/27/2018 15:38:15
0,60,77,280,0,0 7/27/2018 15:38:15
0,88,102,440,0,0 7/27/2018 15:38:15
0,93,161,632,0,0 7/27/2018 15:38:15
0,99,193,673,0,0 7/27/2018 15:38:15
0,114,247,667,0,0 7/27/2018 15:38:15
0,111,280,650,0,0 7/27/2018 15:38:15
0,113,388,620,0,0 7/27/2018 15:38:16
0,111,466,618,0,0 7/27/2018 15:38:16
0,95,511,593,0,0 7/27/2018 15:38:16
0,92,508,605,0,0 7/27/2018 15:38:16
0,89,333,575,0,0 7/27/2018 15:38:16
0,82,197,451,0,0 7/27/2018 15:38:16
0,60,176,160,0,0 7/27/2018 15:38:16
0,24,139,0,0,0 7/27/2018 15:38:16
0,0,53,0,0,0 7/27/2018 15:38:16
0,0,0,0,0,0 7/27/2018 15:38:16
0,0,14,0,0,0 7/27/2018 15:38:16
0,0,17,0,1,0 7/27/2018 15:38:16
0,0,21,0,0,0 7/27/2018 15:38:16
0,0,50,0,0,0 7/27/2018 15:38:16
0,0,17,0,0,0 7/27/2018 15:38:16
0,102,4,0,0,0 7/27/2018 15:38:16
0,135,28,0,0,0 7/27/2018 15:38:16
0,159,60,0,0,0 7/27/2018 15:38:16
0,165,104,10,0,0 7/27/2018 15:38:16
0,131,117,74,0,0 7/27/2018 15:38:16
0,705,115,175,0,0 7/27/2018 15:38:16
0,736,83,217,0,0 7/27/2018 15:38:16
0,743,81,281,0,0 7/27/2018 15:38:17
0,739,44,260,0,0 7/27/2018 15:38:17
0,696,0,193,0,0 7/27/2018 15:38:17
0,603,0,42,0,0 7/27/2018 15:38:17
0,515,13,0,0,0 7/27/2018 15:38:17
0,281,12,0,0,0 7/27/2018 15:38:17
0,93,27,0,0,0 7/27/2018 15:38:17
0,72,25,0,1,0 7/27/2018 15:38:17
0,0,37,0,0,0 7/27/2018 15:38:17
0,0,68,0,0,0 7/27/2018 15:38:17
0,0,77,0,0,0 7/27/2018 15:38:17
0,0,83,0,0,0 7/27/2018 15:38:17
0,22,87,0,0,0 7/27/2018 15:38:17
0,138,81,0,0,0 7/27/2018 15:38:17
0,351,98,0,0,0 7/27/2018 15:38:17
0,444,101,0,0,0 7/27/2018 15:38:17
0,450,139,0,0,0 7/27/2018 15:38:17
0,360,147,0,0,0 7/27/2018 15:38:17
0,130,139,0,0,0 7/27/2018 15:38:17
0,0,95,0,0,0 7/27/2018 15:38:17
0,0,46,0,0,0 7/27/2018 15:38:17
0,0,44,0,0,0 7/27/2018 15:38:17
0,0,42,0,0,0 7/27/2018 15:38:17
0,200,47,0,0,0 7/27/2018 15:38:18
0,372,47,0,0,0 7/27/2018 15:38:18
0,473,81,0,0,0 7/27/2018 15:38:18
0,564,31,56,0,0 7/27/2018 15:38:18
0,636,102,147,0,0 7/27/2018 15:38:18
0,683,288,224,0,0 7/27/2018 15:38:18
0,683,517,370,0,0 7/27/2018 15:38:18
0,644,577,414,0,0 7/27/2018 15:38:18
0,630,544,322,0,0 7/27/2018 15:38:18
0,502,176,276,0,0 7/27/2018 15:38:18
0,129,0,79,0,0 7/27/2018 15:38:18
0,0,28,0,0,0 7/27/2018 15:38:18
0,0,36,0,0,0 7/27/2018 15:38:18
0,0,28,0,0,0 7/27/2018 15:38:18
0,0,28,0,0,0 7/27/2018 15:38:18
0,0,38,0,0,0 7/27/2018 15:38:18
0,0,37,0,0,0 7/27/2018 15:38:18
0,0,37,0,0,0 7/27/2018 15:38:18
0,0,33,0,0,0 7/27/2018 15:38:18
0,25,36,0,0,0 7/27/2018 15:38:18
0,0,20,451,0,0 7/27/2018 15:38:18
0,0,19,390,0,0 7/27/2018 15:38:18
0,2,45,447,0,0 7/27/2018 15:38:18
0,25,132,488,0,0 7/27/2018 15:38:19
0,8,142,468,0,0 7/27/2018 15:38:19
0,0,145,505,0,0 7/27/2018 15:38:19
0,0,180,577,0,0 7/27/2018 15:38:19
0,0,109,612,0,0 7/27/2018 15:38:19
0,0,55,619,0,0 7/27/2018 15:38:19
0,0,0,572,0,0 7/27/2018 15:38:19
0,0,53,321,0,0 7/27/2018 15:38:19
0,0,76,0,0,0 7/27/2018 15:38:19
0,0,17,0,0,0 7/27/2018 15:38:19
0,0,23,0,0,0 7/27/2018 15:38:19
0,0,10,0,0,0 7/27/2018 15:38:19
0,0,15,0,0,0 7/27/2018 15:38:19
0,0,10,0,0,0 7/27/2018 15:38:19
0,0,4,0,0,0 7/27/2018 15:38:19
0,0,8,0,0,0 7/27/2018 15:38:19
0,0,28,0,0,0 7/27/2018 15:38:19
0,0,30,0,0,0 7/27/2018 15:38:19
0,0,36,0,0,0 7/27/2018 15:38:19
0,0,34,0,0,0 7/27/2018 15:38:19
0,0,30,0,0,0 7/27/2018 15:38:19
0,0,20,0,0,0 7/27/2018 15:38:19
0,0,0,0,0,0 7/27/2018 15:38:20
0,0,0,0,0,0 7/27/2018 15:38:20
0,0,0,0,0,0 7/27/2018 15:38:20
0,0,0,0,0,0 7/27/2018 15:38:20
0,0,0,0,0,0 7/27/2018 15:38:20
0,0,0,0,0,0 7/27/2018 15:38:20
