0,0,0,0,0,0 8/3/2018 15:44:17
0,0,0,0,0,0 8/3/2018 15:44:17
0,0,0,0,0,0 8/3/2018 15:44:17
0,0,0,0,0,0 8/3/2018 15:44:17
0,0,0,0,0,0 8/3/2018 15:44:17
0,0,0,0,0,0 8/3/2018 15:44:17
0,0,0,0,0,0 8/3/2018 15:44:17
0,0,0,0,0,0 8/3/2018 15:44:17
0,0,0,0,0,0 8/3/2018 15:44:17
0,0,0,0,0,0 8/3/2018 15:44:17
0,0,0,0,0,0 8/3/2018 15:44:17
0,0,0,0,0,0 8/3/2018 15:44:17
0,0,0,0,0,0 8/3/2018 15:44:17
0,0,0,0,0,0 8/3/2018 15:44:17
0,0,0,0,0,0 8/3/2018 15:44:17
0,0,0,0,0,0 8/3/2018 15:44:17
0,0,0,0,0,0 8/3/2018 15:44:17
0,0,0,0,0,0 8/3/2018 15:44:17
0,0,0,0,0,0 8/3/2018 15:44:17
0,0,0,0,0,0 8/3/2018 15:44:17
0,0,0,0,0,0 8/3/2018 15:44:17
0,0,0,0,0,0 8/3/2018 15:44:18
0,0,0,0,0,0 8/3/2018 15:44:18
0,0,0,0,0,0 8/3/2018 15:44:18
0,0,0,0,0,0 8/3/2018 15:44:18
0,0,0,0,0,0 8/3/2018 15:44:18
0,0,0,0,0,0 8/3/2018 15:44:18
0,0,0,0,0,0 8/3/2018 15:44:18
0,0,0,0,0,0 8/3/2018 15:44:18
0,0,0,0,0,0 8/3/2018 15:44:18
0,0,0,0,0,0 8/3/2018 15:44:18
0,0,0,0,0,1 8/3/2018 15:44:18
0,0,0,0,0,0 8/3/2018 15:44:18
0,0,0,0,0,0 8/3/2018 15:44:18
0,0,0,0,0,0 8/3/2018 15:44:18
0,0,0,0,0,0 8/3/2018 15:44:18
0,0,0,0,0,0 8/3/2018 15:44:18
0,0,0,0,0,0 8/3/2018 15:44:18
0,0,0,0,0,0 8/3/2018 15:44:18
0,0,0,0,0,0 8/3/2018 15:44:18
0,0,0,0,0,0 8/3/2018 15:44:18
0,0,0,0,0,0 8/3/2018 15:44:18
0,0,0,0,0,0 8/3/2018 15:44:18
0,0,0,0,0,0 8/3/2018 15:44:18
0,0,0,0,0,0 8/3/2018 15:44:19
0,0,0,0,0,0 8/3/2018 15:44:19
0,0,0,0,0,0 8/3/2018 15:44:19
0,0,0,0,0,0 8/3/2018 15:44:19
0,0,0,0,0,0 8/3/2018 15:44:19
0,0,0,0,0,0 8/3/2018 15:44:19
0,0,0,0,0,0 8/3/2018 15:44:19
0,0,0,0,0,0 8/3/2018 15:44:19
0,0,0,0,0,0 8/3/2018 15:44:19
0,0,0,0,0,0 8/3/2018 15:44:19
0,0,0,0,0,0 8/3/2018 15:44:19
0,0,0,0,0,0 8/3/2018 15:44:19
0,0,0,0,0,0 8/3/2018 15:44:19
0,0,0,0,0,0 8/3/2018 15:44:19
0,0,0,0,0,0 8/3/2018 15:44:19
0,0,0,0,0,0 8/3/2018 15:44:19
0,0,0,0,0,0 8/3/2018 15:44:19
0,0,0,0,0,0 8/3/2018 15:44:19
0,0,1,0,0,0 8/3/2018 15:44:19
0,0,0,0,0,0 8/3/2018 15:44:19
0,0,2,0,0,0 8/3/2018 15:44:19
0,0,5,0,0,0 8/3/2018 15:44:19
0,0,8,0,0,0 8/3/2018 15:44:19
0,0,7,0,0,0 8/3/2018 15:44:20
0,0,12,0,0,0 8/3/2018 15:44:20
0,0,12,0,0,0 8/3/2018 15:44:20
0,0,11,0,0,0 8/3/2018 15:44:20
0,0,15,0,0,0 8/3/2018 15:44:20
0,0,16,0,0,0 8/3/2018 15:44:20
0,0,14,0,0,0 8/3/2018 15:44:20
0,0,13,0,0,0 8/3/2018 15:44:20
0,0,12,0,0,0 8/3/2018 15:44:20
0,0,11,0,0,0 8/3/2018 15:44:20
0,0,3,0,0,0 8/3/2018 15:44:20
0,0,0,0,0,0 8/3/2018 15:44:20
0,0,0,0,0,0 8/3/2018 15:44:20
0,0,0,0,0,0 8/3/2018 15:44:20
0,0,0,0,0,0 8/3/2018 15:44:20
0,0,0,0,0,0 8/3/2018 15:44:20
0,0,0,0,0,0 8/3/2018 15:44:20
0,0,0,0,0,0 8/3/2018 15:44:20
0,0,0,9,0,0 8/3/2018 15:44:20
0,0,0,44,0,0 8/3/2018 15:44:20
0,0,13,70,0,0 8/3/2018 15:44:20
0,0,19,133,0,0 8/3/2018 15:44:20
0,0,21,158,0,0 8/3/2018 15:44:21
0,0,19,196,0,0 8/3/2018 15:44:21
0,0,29,219,0,0 8/3/2018 15:44:21
0,0,23,249,0,0 8/3/2018 15:44:21
0,0,26,252,0,0 8/3/2018 15:44:21
0,0,62,268,0,0 8/3/2018 15:44:21
0,0,74,279,0,0 8/3/2018 15:44:21
0,0,97,296,0,0 8/3/2018 15:44:21
0,0,92,308,0,0 8/3/2018 15:44:21
0,0,101,292,0,0 8/3/2018 15:44:21
0,0,81,223,0,0 8/3/2018 15:44:21
0,0,62,220,0,0 8/3/2018 15:44:21
0,0,71,225,0,0 8/3/2018 15:44:21
0,0,56,246,0,0 8/3/2018 15:44:21
0,0,11,212,0,0 8/3/2018 15:44:21
0,0,0,210,0,0 8/3/2018 15:44:21
0,0,0,252,0,0 8/3/2018 15:44:21
0,0,0,217,0,0 8/3/2018 15:44:21
0,0,0,202,0,0 8/3/2018 15:44:21
0,0,0,199,0,0 8/3/2018 15:44:21
0,0,2,209,0,0 8/3/2018 15:44:21
0,0,6,172,0,0 8/3/2018 15:44:21
0,0,16,181,0,0 8/3/2018 15:44:21
0,0,4,171,0,0 8/3/2018 15:44:22
0,0,4,168,0,0 8/3/2018 15:44:22
0,0,7,197,0,0 8/3/2018 15:44:22
0,0,6,147,0,0 8/3/2018 15:44:22
0,0,8,184,0,0 8/3/2018 15:44:22
0,0,11,209,0,0 8/3/2018 15:44:22
0,0,10,181,0,0 8/3/2018 15:44:22
0,0,10,121,0,0 8/3/2018 15:44:22
0,0,10,80,0,0 8/3/2018 15:44:22
0,0,11,53,0,0 8/3/2018 15:44:22
0,0,11,49,0,0 8/3/2018 15:44:22
0,0,7,51,0,0 8/3/2018 15:44:22
0,0,0,35,0,0 8/3/2018 15:44:22
0,0,0,23,0,0 8/3/2018 15:44:22
0,0,0,23,0,0 8/3/2018 15:44:22
0,0,0,25,0,0 8/3/2018 15:44:22
0,0,0,9,0,0 8/3/2018 15:44:22
0,0,0,3,0,0 8/3/2018 15:44:22
0,0,0,31,0,0 8/3/2018 15:44:22
0,0,0,51,0,0 8/3/2018 15:44:22
0,0,0,45,0,0 8/3/2018 15:44:22
0,0,0,44,0,0 8/3/2018 15:44:22
0,0,0,45,0,0 8/3/2018 15:44:22
0,0,0,52,0,0 8/3/2018 15:44:23
0,0,0,59,0,0 8/3/2018 15:44:23
0,0,0,53,0,0 8/3/2018 15:44:23
0,0,0,81,0,0 8/3/2018 15:44:23
0,0,0,73,0,0 8/3/2018 15:44:23
0,0,0,75,0,0 8/3/2018 15:44:23
0,0,0,68,0,0 8/3/2018 15:44:23
0,0,0,42,0,0 8/3/2018 15:44:23
0,0,9,0,0,0 8/3/2018 15:44:23
0,0,8,0,0,0 8/3/2018 15:44:23
0,0,10,0,0,0 8/3/2018 15:44:23
0,0,6,3,0,0 8/3/2018 15:44:23
0,0,12,11,0,0 8/3/2018 15:44:23
0,0,14,0,0,0 8/3/2018 15:44:23
0,0,15,0,0,0 8/3/2018 15:44:23
0,0,14,0,0,0 8/3/2018 15:44:23
0,0,12,0,0,0 8/3/2018 15:44:23
0,0,0,0,0,0 8/3/2018 15:44:23
0,0,0,1,0,0 8/3/2018 15:44:23
0,0,5,0,0,0 8/3/2018 15:44:23
0,0,4,0,0,0 8/3/2018 15:44:23
0,0,0,0,0,0 8/3/2018 15:44:23
0,0,0,0,0,0 8/3/2018 15:44:23
0,0,0,0,0,0 8/3/2018 15:44:24
0,0,3,15,0,0 8/3/2018 15:44:24
0,0,1,46,0,0 8/3/2018 15:44:24
0,0,0,95,0,0 8/3/2018 15:44:24
0,0,0,74,0,0 8/3/2018 15:44:24
0,0,9,34,0,0 8/3/2018 15:44:24
0,0,2,61,0,0 8/3/2018 15:44:24
0,0,5,78,0,0 8/3/2018 15:44:24
0,0,21,64,0,0 8/3/2018 15:44:24
0,0,21,6,0,0 8/3/2018 15:44:24
0,0,24,0,0,0 8/3/2018 15:44:24
0,0,25,0,0,0 8/3/2018 15:44:24
0,0,25,0,0,0 8/3/2018 15:44:24
0,0,27,0,0,0 8/3/2018 15:44:24
0,0,0,0,0,0 8/3/2018 15:44:24
0,0,0,0,0,0 8/3/2018 15:44:24
0,0,0,1,0,0 8/3/2018 15:44:24
0,0,0,0,0,0 8/3/2018 15:44:24
0,0,0,0,0,0 8/3/2018 15:44:24
0,0,0,0,0,0 8/3/2018 15:44:24
0,0,0,0,0,0 8/3/2018 15:44:24
0,0,0,0,0,0 8/3/2018 15:44:24
0,0,0,0,0,0 8/3/2018 15:44:25
0,0,0,0,0,0 8/3/2018 15:44:25
0,0,0,0,0,0 8/3/2018 15:44:25
0,0,0,0,0,0 8/3/2018 15:44:25
0,0,0,0,0,0 8/3/2018 15:44:25
0,0,0,0,0,0 8/3/2018 15:44:25
0,0,0,0,0,0 8/3/2018 15:44:25
0,0,0,0,0,0 8/3/2018 15:44:25
0,0,0,0,0,0 8/3/2018 15:44:25
0,0,0,0,0,0 8/3/2018 15:44:25
0,0,0,0,0,0 8/3/2018 15:44:25
0,0,0,0,0,0 8/3/2018 15:44:25
0,0,0,0,0,0 8/3/2018 15:44:25
0,0,0,0,0,0 8/3/2018 15:44:25
0,0,0,0,0,0 8/3/2018 15:44:25
0,0,0,2,0,0 8/3/2018 15:44:25
0,0,0,9,0,0 8/3/2018 15:44:25
0,0,0,23,0,0 8/3/2018 15:44:25
0,0,0,38,0,0 8/3/2018 15:44:25
0,0,0,65,0,0 8/3/2018 15:44:25
0,0,0,132,0,0 8/3/2018 15:44:25
0,0,0,181,0,0 8/3/2018 15:44:25
0,0,0,229,0,0 8/3/2018 15:44:25
0,0,0,204,0,0 8/3/2018 15:44:26
0,0,0,174,0,0 8/3/2018 15:44:26
0,0,0,166,0,0 8/3/2018 15:44:26
0,0,0,132,0,0 8/3/2018 15:44:26
0,0,0,130,0,0 8/3/2018 15:44:26
0,0,0,146,0,0 8/3/2018 15:44:26
0,0,0,146,0,0 8/3/2018 15:44:26
0,0,0,113,0,0 8/3/2018 15:44:26
0,0,0,98,0,0 8/3/2018 15:44:26
0,0,0,81,0,0 8/3/2018 15:44:26
0,0,0,42,0,0 8/3/2018 15:44:26
0,0,0,0,0,0 8/3/2018 15:44:26
0,0,0,0,0,0 8/3/2018 15:44:26
0,0,0,0,0,0 8/3/2018 15:44:26
0,0,0,2,0,0 8/3/2018 15:44:26
0,0,0,0,0,0 8/3/2018 15:44:26
0,0,0,0,0,0 8/3/2018 15:44:26
0,0,0,0,0,0 8/3/2018 15:44:26
0,0,0,0,0,0 8/3/2018 15:44:26
0,0,0,0,0,0 8/3/2018 15:44:26
0,0,0,0,0,0 8/3/2018 15:44:26
0,0,0,0,0,0 8/3/2018 15:44:26
0,0,0,0,0,0 8/3/2018 15:44:26
0,0,0,0,0,0 8/3/2018 15:44:27
0,0,0,0,0,0 8/3/2018 15:44:27
0,0,0,0,0,0 8/3/2018 15:44:27
0,0,0,0,0,0 8/3/2018 15:44:27
0,0,0,0,0,0 8/3/2018 15:44:27
0,0,0,0,0,0 8/3/2018 15:44:27
0,0,0,0,0,0 8/3/2018 15:44:27
0,0,0,0,0,0 8/3/2018 15:44:27
0,0,0,0,0,0 8/3/2018 15:44:27
0,0,0,0,0,0 8/3/2018 15:44:27
0,0,0,0,0,0 8/3/2018 15:44:27
0,0,0,0,0,0 8/3/2018 15:44:27
0,0,0,0,0,0 8/3/2018 15:44:27
0,0,0,0,0,0 8/3/2018 15:44:27
0,0,0,0,0,0 8/3/2018 15:44:27
0,0,0,0,0,0 8/3/2018 15:44:27
0,0,0,0,0,0 8/3/2018 15:44:27
0,0,0,0,0,0 8/3/2018 15:44:27
0,0,0,0,0,0 8/3/2018 15:44:27
0,0,0,0,0,0 8/3/2018 15:44:27
0,0,0,0,0,0 8/3/2018 15:44:27
0,0,0,0,0,0 8/3/2018 15:44:27
0,0,0,0,0,0 8/3/2018 15:44:28
0,0,0,0,0,0 8/3/2018 15:44:28
0,0,0,0,0,0 8/3/2018 15:44:28
0,0,0,0,0,0 8/3/2018 15:44:28
0,0,0,0,0,0 8/3/2018 15:44:28
0,0,0,0,0,0 8/3/2018 15:44:28
0,0,0,0,0,0 8/3/2018 15:44:28
0,0,0,0,0,0 8/3/2018 15:44:28
0,0,0,0,0,0 8/3/2018 15:44:28
0,0,0,0,0,0 8/3/2018 15:44:28
0,0,0,0,0,0 8/3/2018 15:44:28
0,0,0,0,0,0 8/3/2018 15:44:28
0,0,0,0,0,0 8/3/2018 15:44:28
0,0,5,0,0,0 8/3/2018 15:44:28
0,0,0,0,0,0 8/3/2018 15:44:28
0,0,4,0,0,0 8/3/2018 15:44:28
0,0,23,0,0,0 8/3/2018 15:44:28
0,0,23,0,0,0 8/3/2018 15:44:28
0,0,14,0,0,0 8/3/2018 15:44:28
0,0,0,0,0,0 8/3/2018 15:44:28
0,0,0,0,0,0 8/3/2018 15:44:28
0,0,0,0,0,0 8/3/2018 15:44:28
0,0,0,6,0,0 8/3/2018 15:44:28
0,0,0,6,0,0 8/3/2018 15:44:29
0,0,0,9,0,0 8/3/2018 15:44:29
0,0,0,0,0,0 8/3/2018 15:44:29
0,0,0,0,0,0 8/3/2018 15:44:29
0,0,0,0,0,0 8/3/2018 15:44:29
0,0,0,0,0,0 8/3/2018 15:44:29
0,0,0,0,0,0 8/3/2018 15:44:29
0,0,0,0,0,0 8/3/2018 15:44:29
0,0,0,0,0,0 8/3/2018 15:44:29
0,0,0,0,0,0 8/3/2018 15:44:29
0,0,0,0,0,0 8/3/2018 15:44:29
0,0,0,0,0,0 8/3/2018 15:44:29
0,0,0,0,0,0 8/3/2018 15:44:29
0,0,0,24,0,0 8/3/2018 15:44:29
0,0,0,58,0,0 8/3/2018 15:44:29
0,0,0,89,0,0 8/3/2018 15:44:29
0,0,0,93,0,0 8/3/2018 15:44:29
0,0,0,93,0,0 8/3/2018 15:44:29
0,0,2,65,0,0 8/3/2018 15:44:29
0,0,2,38,0,0 8/3/2018 15:44:29
0,0,3,13,0,0 8/3/2018 15:44:29
0,0,3,17,0,1 8/3/2018 15:44:29
0,0,2,15,0,0 8/3/2018 15:44:29
0,0,0,0,0,0 8/3/2018 15:44:30
0,0,0,0,0,0 8/3/2018 15:44:30
0,0,0,0,0,0 8/3/2018 15:44:30
0,0,0,0,0,0 8/3/2018 15:44:30
0,0,0,0,0,0 8/3/2018 15:44:30
0,0,0,0,0,0 8/3/2018 15:44:30
0,0,0,0,0,0 8/3/2018 15:44:30
0,0,0,0,0,0 8/3/2018 15:44:30
0,0,0,0,0,0 8/3/2018 15:44:30
0,0,5,0,0,0 8/3/2018 15:44:30
0,0,1,0,0,0 8/3/2018 15:44:30
0,0,0,0,0,0 8/3/2018 15:44:30
0,0,0,0,0,0 8/3/2018 15:44:30
0,0,0,0,0,0 8/3/2018 15:44:30
0,0,0,0,0,0 8/3/2018 15:44:30
0,0,0,0,1,0 8/3/2018 15:44:30
0,0,0,0,0,0 8/3/2018 15:44:30
0,0,0,0,0,0 8/3/2018 15:44:30
0,0,0,0,0,0 8/3/2018 15:44:30
0,0,0,0,0,0 8/3/2018 15:44:30
0,0,0,0,0,0 8/3/2018 15:44:30
0,0,0,0,0,0 8/3/2018 15:44:30
0,0,0,0,0,0 8/3/2018 15:44:30
0,0,0,0,0,0 8/3/2018 15:44:31
0,0,0,0,0,0 8/3/2018 15:44:31
0,0,0,0,0,0 8/3/2018 15:44:31
0,0,0,0,0,0 8/3/2018 15:44:31
0,0,0,0,0,0 8/3/2018 15:44:31
0,0,0,0,0,0 8/3/2018 15:44:31
0,0,0,0,0,0 8/3/2018 15:44:31
0,0,0,0,0,0 8/3/2018 15:44:31
0,0,0,0,0,0 8/3/2018 15:44:31
0,0,0,0,0,0 8/3/2018 15:44:31
0,0,0,0,0,0 8/3/2018 15:44:31
0,0,0,0,0,0 8/3/2018 15:44:31
0,0,0,0,0,0 8/3/2018 15:44:31
0,0,0,0,0,0 8/3/2018 15:44:31
0,0,0,0,0,0 8/3/2018 15:44:31
0,0,0,0,0,0 8/3/2018 15:44:31
0,0,0,0,0,0 8/3/2018 15:44:31
0,0,0,0,0,0 8/3/2018 15:44:31
0,0,0,0,0,0 8/3/2018 15:44:31
0,0,0,0,0,0 8/3/2018 15:44:31
0,0,0,0,0,0 8/3/2018 15:44:31
0,0,0,0,0,0 8/3/2018 15:44:31
0,0,0,0,0,0 8/3/2018 15:44:32
0,0,0,0,0,0 8/3/2018 15:44:32
0,0,0,0,0,0 8/3/2018 15:44:32
0,0,0,0,0,0 8/3/2018 15:44:32
0,0,0,0,0,0 8/3/2018 15:44:32
0,0,0,0,0,0 8/3/2018 15:44:32
0,0,0,0,0,0 8/3/2018 15:44:32
0,0,0,0,0,0 8/3/2018 15:44:32
0,0,0,0,0,0 8/3/2018 15:44:32
0,0,0,1,0,0 8/3/2018 15:44:32
0,0,0,0,0,0 8/3/2018 15:44:32
0,0,0,0,0,0 8/3/2018 15:44:32
0,0,0,1,0,0 8/3/2018 15:44:32
0,0,0,0,0,1 8/3/2018 15:44:32
0,0,0,0,0,0 8/3/2018 15:44:32
0,0,0,0,0,0 8/3/2018 15:44:32
0,0,0,0,0,0 8/3/2018 15:44:32
0,0,0,3,0,0 8/3/2018 15:44:32
0,0,0,0,0,0 8/3/2018 15:44:32
0,0,0,0,0,0 8/3/2018 15:44:32
0,0,0,0,0,0 8/3/2018 15:44:32
