0,0,4,0,0,0 8/3/2018 15:45:23
0,0,4,0,0,0 8/3/2018 15:45:23
0,0,1,0,0,0 8/3/2018 15:45:23
0,0,0,0,0,0 8/3/2018 15:45:23
0,0,0,0,0,0 8/3/2018 15:45:23
0,0,0,0,0,0 8/3/2018 15:45:23
0,0,0,0,0,0 8/3/2018 15:45:23
0,0,0,0,0,0 8/3/2018 15:45:23
0,0,0,0,0,0 8/3/2018 15:45:23
0,0,0,0,0,0 8/3/2018 15:45:23
0,0,0,0,0,0 8/3/2018 15:45:23
0,0,0,0,0,0 8/3/2018 15:45:23
0,0,0,0,0,0 8/3/2018 15:45:23
0,0,0,0,0,0 8/3/2018 15:45:23
0,0,0,0,0,0 8/3/2018 15:45:23
0,0,0,0,0,0 8/3/2018 15:45:23
0,0,0,0,0,0 8/3/2018 15:45:23
0,0,0,0,0,0 8/3/2018 15:45:24
0,0,0,0,0,0 8/3/2018 15:45:24
0,0,0,0,0,0 8/3/2018 15:45:24
0,0,0,0,0,0 8/3/2018 15:45:24
0,0,0,0,0,0 8/3/2018 15:45:24
0,0,0,0,0,0 8/3/2018 15:45:24
0,0,0,0,0,0 8/3/2018 15:45:24
0,0,4,0,0,0 8/3/2018 15:45:24
0,0,6,0,0,0 8/3/2018 15:45:24
0,0,6,0,0,0 8/3/2018 15:45:24
0,0,0,0,0,0 8/3/2018 15:45:24
0,0,0,0,0,0 8/3/2018 15:45:24
0,0,1,0,0,0 8/3/2018 15:45:24
0,0,4,0,0,0 8/3/2018 15:45:24
0,0,7,0,0,0 8/3/2018 15:45:24
0,0,0,0,0,0 8/3/2018 15:45:24
0,0,0,0,0,0 8/3/2018 15:45:24
0,0,0,0,0,0 8/3/2018 15:45:24
0,0,0,0,0,0 8/3/2018 15:45:24
0,0,0,0,0,0 8/3/2018 15:45:24
0,0,0,0,0,0 8/3/2018 15:45:24
0,0,12,0,0,0 8/3/2018 15:45:24
0,0,72,0,0,0 8/3/2018 15:45:24
0,0,140,0,0,0 8/3/2018 15:45:25
0,0,199,0,0,0 8/3/2018 15:45:25
0,0,195,0,0,0 8/3/2018 15:45:25
0,0,255,0,0,0 8/3/2018 15:45:25
0,0,262,0,0,0 8/3/2018 15:45:25
0,0,243,0,0,0 8/3/2018 15:45:25
0,0,231,0,0,0 8/3/2018 15:45:25
0,0,221,0,0,0 8/3/2018 15:45:25
0,0,204,62,0,0 8/3/2018 15:45:25
0,0,209,55,0,0 8/3/2018 15:45:25
0,0,213,83,0,0 8/3/2018 15:45:25
0,0,216,80,0,0 8/3/2018 15:45:25
0,0,222,97,0,0 8/3/2018 15:45:25
0,0,233,100,0,0 8/3/2018 15:45:25
0,0,218,106,0,0 8/3/2018 15:45:25
0,0,221,127,0,0 8/3/2018 15:45:25
0,0,195,141,0,0 8/3/2018 15:45:25
0,0,133,139,0,0 8/3/2018 15:45:25
0,0,93,123,0,0 8/3/2018 15:45:25
0,0,46,158,0,0 8/3/2018 15:45:25
0,0,30,116,0,0 8/3/2018 15:45:25
0,0,38,0,0,0 8/3/2018 15:45:25
0,0,36,0,0,0 8/3/2018 15:45:25
0,0,28,0,0,0 8/3/2018 15:45:26
0,0,20,0,0,0 8/3/2018 15:45:26
0,0,29,0,0,0 8/3/2018 15:45:26
0,0,29,0,0,0 8/3/2018 15:45:26
0,0,33,0,0,0 8/3/2018 15:45:26
0,0,36,0,0,0 8/3/2018 15:45:26
0,0,23,0,0,0 8/3/2018 15:45:26
0,0,12,0,0,0 8/3/2018 15:45:26
0,0,2,0,0,0 8/3/2018 15:45:26
0,0,6,0,0,0 8/3/2018 15:45:26
0,0,10,0,0,0 8/3/2018 15:45:26
0,0,27,0,0,0 8/3/2018 15:45:26
0,0,65,0,0,0 8/3/2018 15:45:26
0,0,64,0,0,0 8/3/2018 15:45:26
0,0,71,14,0,0 8/3/2018 15:45:26
0,0,62,34,0,0 8/3/2018 15:45:26
0,0,69,50,0,0 8/3/2018 15:45:26
0,0,62,33,0,0 8/3/2018 15:45:26
0,0,62,17,0,0 8/3/2018 15:45:26
0,0,51,0,0,0 8/3/2018 15:45:26
0,0,0,0,0,0 8/3/2018 15:45:26
0,0,0,0,0,0 8/3/2018 15:45:26
0,0,50,0,0,0 8/3/2018 15:45:27
0,0,58,0,0,0 8/3/2018 15:45:27
0,0,58,0,0,0 8/3/2018 15:45:27
0,0,56,0,0,0 8/3/2018 15:45:27
0,0,52,0,0,0 8/3/2018 15:45:27
0,0,38,0,0,0 8/3/2018 15:45:27
0,0,40,0,0,0 8/3/2018 15:45:27
0,0,39,0,0,0 8/3/2018 15:45:27
0,0,0,0,0,0 8/3/2018 15:45:27
0,0,0,0,0,0 8/3/2018 15:45:27
0,0,0,0,0,0 8/3/2018 15:45:27
0,0,0,0,0,0 8/3/2018 15:45:27
0,0,0,0,0,0 8/3/2018 15:45:27
0,0,0,0,0,0 8/3/2018 15:45:27
0,0,0,0,0,0 8/3/2018 15:45:27
0,0,0,0,0,0 8/3/2018 15:45:27
0,0,0,40,0,0 8/3/2018 15:45:27
0,0,0,17,0,0 8/3/2018 15:45:27
0,0,0,12,0,0 8/3/2018 15:45:27
0,0,2,19,0,0 8/3/2018 15:45:27
0,0,15,0,0,0 8/3/2018 15:45:27
0,0,31,0,0,0 8/3/2018 15:45:27
0,0,34,0,0,0 8/3/2018 15:45:27
0,0,37,59,0,0 8/3/2018 15:45:28
0,0,38,73,0,0 8/3/2018 15:45:28
0,0,28,12,0,0 8/3/2018 15:45:28
0,0,43,22,0,0 8/3/2018 15:45:28
0,0,32,52,0,0 8/3/2018 15:45:28
0,0,26,82,0,0 8/3/2018 15:45:28
0,0,31,145,0,0 8/3/2018 15:45:28
0,0,33,167,0,0 8/3/2018 15:45:28
0,0,59,35,0,0 8/3/2018 15:45:28
0,0,6,0,0,0 8/3/2018 15:45:28
0,0,21,0,0,0 8/3/2018 15:45:28
0,0,3,0,0,0 8/3/2018 15:45:28
0,0,2,0,0,0 8/3/2018 15:45:28
0,0,0,106,0,0 8/3/2018 15:45:28
0,0,0,191,0,0 8/3/2018 15:45:28
0,0,10,245,0,0 8/3/2018 15:45:28
0,0,57,284,0,0 8/3/2018 15:45:28
0,0,92,304,0,0 8/3/2018 15:45:28
0,0,100,342,0,0 8/3/2018 15:45:28
0,0,124,331,0,0 8/3/2018 15:45:28
0,0,152,303,0,0 8/3/2018 15:45:28
0,0,131,280,0,0 8/3/2018 15:45:28
0,0,129,263,0,0 8/3/2018 15:45:28
0,0,132,273,0,0 8/3/2018 15:45:29
0,0,132,258,0,0 8/3/2018 15:45:29
0,0,147,253,0,0 8/3/2018 15:45:29
0,0,150,264,0,0 8/3/2018 15:45:29
0,0,106,285,0,0 8/3/2018 15:45:29
0,0,81,294,0,0 8/3/2018 15:45:29
0,0,38,302,0,0 8/3/2018 15:45:29
0,0,20,306,0,0 8/3/2018 15:45:29
0,0,0,314,0,0 8/3/2018 15:45:29
0,0,0,241,0,0 8/3/2018 15:45:29
0,0,0,208,0,0 8/3/2018 15:45:29
0,0,0,0,0,0 8/3/2018 15:45:29
0,0,0,0,0,0 8/3/2018 15:45:29
0,0,10,0,0,0 8/3/2018 15:45:29
0,0,72,0,0,0 8/3/2018 15:45:29
0,0,126,19,0,0 8/3/2018 15:45:29
0,0,125,72,0,0 8/3/2018 15:45:29
0,0,86,62,0,0 8/3/2018 15:45:29
0,0,79,12,0,0 8/3/2018 15:45:29
0,0,0,0,0,0 8/3/2018 15:45:29
0,0,0,0,0,0 8/3/2018 15:45:29
0,0,4,0,0,0 8/3/2018 15:45:29
0,0,13,21,0,0 8/3/2018 15:45:29
0,0,0,19,0,0 8/3/2018 15:45:30
0,0,27,0,0,0 8/3/2018 15:45:30
0,0,32,0,0,0 8/3/2018 15:45:30
0,0,72,0,0,0 8/3/2018 15:45:30
0,0,75,0,0,0 8/3/2018 15:45:30
0,0,114,0,0,0 8/3/2018 15:45:30
0,0,117,0,0,0 8/3/2018 15:45:30
0,0,177,0,0,0 8/3/2018 15:45:30
0,0,179,0,0,0 8/3/2018 15:45:30
0,0,171,0,0,0 8/3/2018 15:45:30
0,0,198,0,0,0 8/3/2018 15:45:30
0,0,190,0,0,0 8/3/2018 15:45:30
0,0,224,0,0,0 8/3/2018 15:45:30
0,0,240,0,0,0 8/3/2018 15:45:30
0,0,280,0,0,0 8/3/2018 15:45:30
0,0,278,0,0,0 8/3/2018 15:45:30
0,0,289,0,0,0 8/3/2018 15:45:30
0,0,276,0,0,0 8/3/2018 15:45:30
0,0,248,0,0,0 8/3/2018 15:45:30
0,0,265,0,0,0 8/3/2018 15:45:30
0,0,187,0,0,0 8/3/2018 15:45:30
0,0,95,0,0,0 8/3/2018 15:45:30
0,0,113,0,0,0 8/3/2018 15:45:31
0,0,116,1,0,0 8/3/2018 15:45:31
0,0,117,0,0,0 8/3/2018 15:45:31
0,0,0,0,0,0 8/3/2018 15:45:31
0,0,0,0,0,0 8/3/2018 15:45:31
0,0,0,0,0,0 8/3/2018 15:45:31
0,0,0,0,0,0 8/3/2018 15:45:31
0,0,0,0,0,0 8/3/2018 15:45:31
0,0,0,0,0,0 8/3/2018 15:45:31
0,0,0,0,0,0 8/3/2018 15:45:31
0,0,0,0,0,0 8/3/2018 15:45:31
0,0,0,0,0,0 8/3/2018 15:45:31
0,0,0,0,0,0 8/3/2018 15:45:31
0,0,0,0,0,0 8/3/2018 15:45:31
0,0,0,0,0,0 8/3/2018 15:45:31
0,0,0,0,0,0 8/3/2018 15:45:31
0,0,0,0,0,0 8/3/2018 15:45:31
0,0,2,0,0,0 8/3/2018 15:45:31
0,0,18,0,0,0 8/3/2018 15:45:31
0,0,20,0,0,0 8/3/2018 15:45:31
0,0,37,0,0,0 8/3/2018 15:45:31
0,0,66,0,0,0 8/3/2018 15:45:31
0,0,52,0,0,0 8/3/2018 15:45:31
0,0,3,0,0,0 8/3/2018 15:45:32
0,0,0,0,0,0 8/3/2018 15:45:32
0,0,8,0,0,0 8/3/2018 15:45:32
0,0,56,0,0,0 8/3/2018 15:45:32
0,0,46,0,0,0 8/3/2018 15:45:32
0,0,61,0,0,0 8/3/2018 15:45:32
0,0,64,0,0,0 8/3/2018 15:45:32
0,0,68,0,0,0 8/3/2018 15:45:32
0,0,64,0,0,0 8/3/2018 15:45:32
0,0,32,0,0,0 8/3/2018 15:45:32
0,0,16,0,0,0 8/3/2018 15:45:32
0,0,0,0,0,0 8/3/2018 15:45:32
0,0,0,0,0,0 8/3/2018 15:45:32
0,0,0,0,0,0 8/3/2018 15:45:32
0,0,0,0,0,0 8/3/2018 15:45:32
0,0,0,0,0,0 8/3/2018 15:45:32
0,0,0,0,0,0 8/3/2018 15:45:32
0,0,0,0,0,0 8/3/2018 15:45:32
0,0,0,0,0,0 8/3/2018 15:45:32
0,0,17,0,0,0 8/3/2018 15:45:32
0,0,63,0,0,0 8/3/2018 15:45:32
0,0,69,0,0,0 8/3/2018 15:45:32
0,0,73,0,0,0 8/3/2018 15:45:32
0,0,61,0,0,0 8/3/2018 15:45:33
0,0,0,0,0,0 8/3/2018 15:45:33
0,0,0,0,0,0 8/3/2018 15:45:33
0,0,0,0,0,0 8/3/2018 15:45:33
0,0,8,0,0,0 8/3/2018 15:45:33
0,0,0,0,0,0 8/3/2018 15:45:33
0,0,0,0,0,0 8/3/2018 15:45:33
0,0,70,0,0,0 8/3/2018 15:45:33
0,0,148,34,0,0 8/3/2018 15:45:33
0,0,202,58,0,0 8/3/2018 15:45:33
0,0,248,62,0,0 8/3/2018 15:45:33
0,0,284,33,0,0 8/3/2018 15:45:33
0,0,282,0,0,0 8/3/2018 15:45:33
0,0,199,0,0,0 8/3/2018 15:45:33
0,0,73,0,0,0 8/3/2018 15:45:33
0,0,50,0,0,0 8/3/2018 15:45:33
0,0,100,0,0,0 8/3/2018 15:45:33
0,0,220,0,0,0 8/3/2018 15:45:33
0,0,249,0,0,0 8/3/2018 15:45:33
0,0,288,0,0,0 8/3/2018 15:45:33
0,0,269,0,0,0 8/3/2018 15:45:33
0,0,216,0,0,0 8/3/2018 15:45:33
0,0,97,0,0,0 8/3/2018 15:45:34
0,0,41,0,0,0 8/3/2018 15:45:34
0,0,0,0,0,0 8/3/2018 15:45:34
0,0,0,0,0,0 8/3/2018 15:45:34
0,0,0,0,0,0 8/3/2018 15:45:34
0,0,0,0,0,0 8/3/2018 15:45:34
0,0,96,0,0,0 8/3/2018 15:45:34
0,0,176,17,0,0 8/3/2018 15:45:34
0,0,186,37,0,0 8/3/2018 15:45:34
0,0,167,32,0,0 8/3/2018 15:45:34
0,0,109,0,0,0 8/3/2018 15:45:34
0,0,57,0,0,0 8/3/2018 15:45:34
0,0,41,0,0,0 8/3/2018 15:45:34
0,0,61,0,0,0 8/3/2018 15:45:34
0,0,69,0,0,0 8/3/2018 15:45:34
0,0,74,0,0,0 8/3/2018 15:45:34
0,0,150,31,0,0 8/3/2018 15:45:34
0,0,191,86,0,0 8/3/2018 15:45:34
0,0,190,91,0,0 8/3/2018 15:45:34
0,0,122,120,0,0 8/3/2018 15:45:34
0,0,123,135,0,0 8/3/2018 15:45:34
0,0,92,135,0,0 8/3/2018 15:45:34
0,0,103,116,0,0 8/3/2018 15:45:34
0,0,62,117,0,0 8/3/2018 15:45:35
0,0,72,48,0,0 8/3/2018 15:45:35
0,0,73,57,0,0 8/3/2018 15:45:35
0,0,81,99,0,0 8/3/2018 15:45:35
0,0,127,137,0,0 8/3/2018 15:45:35
0,0,124,144,0,0 8/3/2018 15:45:35
0,0,43,146,0,0 8/3/2018 15:45:35
0,0,50,155,0,0 8/3/2018 15:45:35
0,0,0,154,0,0 8/3/2018 15:45:35
0,0,0,104,0,0 8/3/2018 15:45:35
0,0,7,52,0,0 8/3/2018 15:45:35
0,0,30,12,0,0 8/3/2018 15:45:35
0,0,16,0,0,0 8/3/2018 15:45:35
0,0,4,0,0,0 8/3/2018 15:45:35
0,0,57,0,0,0 8/3/2018 15:45:35
0,0,25,0,0,0 8/3/2018 15:45:35
0,0,81,0,0,0 8/3/2018 15:45:35
0,0,105,24,0,0 8/3/2018 15:45:35
0,0,224,57,0,0 8/3/2018 15:45:35
0,0,260,72,0,0 8/3/2018 15:45:35
0,0,171,59,0,0 8/3/2018 15:45:35
0,0,46,65,0,0 8/3/2018 15:45:35
0,0,0,94,0,0 8/3/2018 15:45:35
0,0,0,85,0,0 8/3/2018 15:45:36
0,0,0,131,0,0 8/3/2018 15:45:36
0,0,0,179,0,0 8/3/2018 15:45:36
0,0,0,136,0,0 8/3/2018 15:45:36
0,0,0,35,0,0 8/3/2018 15:45:36
0,0,0,0,0,0 8/3/2018 15:45:36
0,0,0,0,0,0 8/3/2018 15:45:36
0,0,0,0,0,0 8/3/2018 15:45:36
0,0,7,0,0,0 8/3/2018 15:45:36
0,0,9,0,0,0 8/3/2018 15:45:36
0,0,0,0,0,0 8/3/2018 15:45:36
0,0,0,0,0,0 8/3/2018 15:45:36
0,0,0,0,0,0 8/3/2018 15:45:36
0,0,0,0,0,0 8/3/2018 15:45:36
0,0,0,0,0,0 8/3/2018 15:45:36
0,0,0,0,0,0 8/3/2018 15:45:36
0,0,0,0,0,0 8/3/2018 15:45:36
0,0,0,0,0,0 8/3/2018 15:45:36
0,0,0,9,0,0 8/3/2018 15:45:36
0,0,0,18,0,0 8/3/2018 15:45:36
0,0,0,0,0,0 8/3/2018 15:45:36
0,0,0,0,0,0 8/3/2018 15:45:36
0,0,18,0,0,0 8/3/2018 15:45:36
0,0,46,0,0,0 8/3/2018 15:45:37
0,0,58,0,0,0 8/3/2018 15:45:37
0,0,66,0,0,0 8/3/2018 15:45:37
0,0,69,0,0,0 8/3/2018 15:45:37
0,0,92,0,0,0 8/3/2018 15:45:37
0,0,111,0,0,0 8/3/2018 15:45:37
0,0,128,0,0,0 8/3/2018 15:45:37
0,0,142,0,0,0 8/3/2018 15:45:37
0,0,145,0,0,0 8/3/2018 15:45:37
0,0,145,0,0,0 8/3/2018 15:45:37
0,0,140,0,0,0 8/3/2018 15:45:37
0,0,136,0,0,0 8/3/2018 15:45:37
0,0,144,0,0,0 8/3/2018 15:45:37
0,0,133,0,0,0 8/3/2018 15:45:37
0,0,97,0,0,0 8/3/2018 15:45:37
0,0,67,0,0,0 8/3/2018 15:45:37
0,0,17,0,0,0 8/3/2018 15:45:37
0,0,0,0,0,0 8/3/2018 15:45:37
0,0,2,0,0,0 8/3/2018 15:45:37
0,0,27,0,0,0 8/3/2018 15:45:37
0,0,44,0,0,0 8/3/2018 15:45:37
0,0,40,0,0,0 8/3/2018 15:45:37
0,0,36,0,0,0 8/3/2018 15:45:38
0,0,2,0,0,0 8/3/2018 15:45:38
0,0,0,0,0,0 8/3/2018 15:45:38
0,0,0,0,0,0 8/3/2018 15:45:38
0,0,0,0,0,0 8/3/2018 15:45:38
0,0,0,0,0,0 8/3/2018 15:45:38
0,0,0,0,0,0 8/3/2018 15:45:38
0,0,0,0,0,0 8/3/2018 15:45:38
0,0,0,0,0,0 8/3/2018 15:45:38
0,0,0,0,0,0 8/3/2018 15:45:38
0,0,0,0,0,0 8/3/2018 15:45:38
0,0,0,0,0,0 8/3/2018 15:45:38
0,0,0,0,0,0 8/3/2018 15:45:38
0,0,10,0,0,0 8/3/2018 15:45:38
0,0,62,0,0,0 8/3/2018 15:45:38
0,0,102,0,0,0 8/3/2018 15:45:38
0,0,164,0,0,0 8/3/2018 15:45:38
0,0,203,0,0,0 8/3/2018 15:45:38
0,0,205,7,0,0 8/3/2018 15:45:38
0,0,193,0,0,0 8/3/2018 15:45:38
0,0,142,12,0,0 8/3/2018 15:45:38
0,0,88,29,0,0 8/3/2018 15:45:38
0,0,82,30,0,0 8/3/2018 15:45:38
0,0,66,30,0,0 8/3/2018 15:45:39
0,0,57,30,0,0 8/3/2018 15:45:39
0,0,52,16,0,0 8/3/2018 15:45:39
0,0,63,0,0,0 8/3/2018 15:45:39
0,0,74,0,0,0 8/3/2018 15:45:39
0,0,98,0,0,0 8/3/2018 15:45:39
0,0,107,0,0,0 8/3/2018 15:45:39
0,0,109,0,0,0 8/3/2018 15:45:39
0,0,114,0,0,0 8/3/2018 15:45:39
