0,0,0,0,0,0 8/3/2018 15:46:42
0,0,0,0,0,0 8/3/2018 15:46:42
0,0,0,0,0,0 8/3/2018 15:46:42
0,0,0,0,0,0 8/3/2018 15:46:42
0,0,0,0,0,0 8/3/2018 15:46:42
0,0,0,0,0,0 8/3/2018 15:46:42
0,0,0,0,0,0 8/3/2018 15:46:42
0,0,0,0,0,0 8/3/2018 15:46:43
0,0,0,0,0,0 8/3/2018 15:46:43
0,0,0,0,0,0 8/3/2018 15:46:43
0,0,0,0,0,0 8/3/2018 15:46:43
0,0,0,0,0,0 8/3/2018 15:46:43
0,0,0,0,0,0 8/3/2018 15:46:43
0,0,0,0,0,0 8/3/2018 15:46:43
0,0,0,0,0,0 8/3/2018 15:46:43
0,0,0,0,0,0 8/3/2018 15:46:43
0,0,0,0,0,0 8/3/2018 15:46:43
0,0,0,0,0,0 8/3/2018 15:46:43
0,0,0,0,0,0 8/3/2018 15:46:43
0,0,0,0,0,0 8/3/2018 15:46:43
0,0,0,0,0,0 8/3/2018 15:46:43
0,0,0,0,0,0 8/3/2018 15:46:43
0,0,0,0,0,0 8/3/2018 15:46:43
0,0,0,0,0,0 8/3/2018 15:46:43
0,0,0,0,0,0 8/3/2018 15:46:43
0,0,0,0,0,0 8/3/2018 15:46:43
0,0,3,0,0,0 8/3/2018 15:46:43
0,0,0,0,0,0 8/3/2018 15:46:43
0,0,0,0,0,0 8/3/2018 15:46:43
0,0,0,0,0,0 8/3/2018 15:46:43
0,0,0,0,0,0 8/3/2018 15:46:44
0,0,0,0,0,0 8/3/2018 15:46:44
0,0,0,0,0,0 8/3/2018 15:46:44
0,0,14,0,0,0 8/3/2018 15:46:44
0,0,17,1,0,0 8/3/2018 15:46:44
0,0,19,44,0,0 8/3/2018 15:46:44
0,0,21,94,0,0 8/3/2018 15:46:44
0,0,15,130,0,0 8/3/2018 15:46:44
0,0,0,148,0,0 8/3/2018 15:46:44
0,0,0,159,0,0 8/3/2018 15:46:44
0,0,0,176,0,0 8/3/2018 15:46:44
0,0,0,160,0,0 8/3/2018 15:46:44
0,0,9,145,0,0 8/3/2018 15:46:44
0,0,4,148,0,0 8/3/2018 15:46:44
0,0,14,170,0,0 8/3/2018 15:46:44
0,0,13,189,0,0 8/3/2018 15:46:44
0,0,21,191,0,0 8/3/2018 15:46:44
0,0,18,137,0,0 8/3/2018 15:46:44
0,0,18,142,0,0 8/3/2018 15:46:44
0,0,0,61,0,0 8/3/2018 15:46:44
0,0,0,21,0,0 8/3/2018 15:46:44
0,0,0,10,0,0 8/3/2018 15:46:44
0,0,0,9,0,0 8/3/2018 15:46:44
0,0,0,14,0,0 8/3/2018 15:46:45
0,0,0,13,0,0 8/3/2018 15:46:45
0,0,14,0,0,0 8/3/2018 15:46:45
0,0,12,0,0,0 8/3/2018 15:46:45
0,0,0,1,0,0 8/3/2018 15:46:45
0,0,0,0,0,0 8/3/2018 15:46:45
0,0,0,1,0,0 8/3/2018 15:46:45
0,0,9,0,0,0 8/3/2018 15:46:45
0,0,6,0,0,0 8/3/2018 15:46:45
0,0,9,46,0,0 8/3/2018 15:46:45
0,0,7,130,0,0 8/3/2018 15:46:45
0,0,9,224,0,0 8/3/2018 15:46:45
0,0,7,275,0,0 8/3/2018 15:46:45
0,0,5,288,0,0 8/3/2018 15:46:45
0,0,0,332,0,0 8/3/2018 15:46:45
0,0,2,382,0,0 8/3/2018 15:46:45
0,0,0,413,0,0 8/3/2018 15:46:45
0,0,0,355,0,0 8/3/2018 15:46:45
0,0,0,288,0,0 8/3/2018 15:46:45
0,0,0,137,0,0 8/3/2018 15:46:45
0,0,0,3,0,0 8/3/2018 15:46:45
0,0,0,0,0,0 8/3/2018 15:46:45
0,0,7,0,0,0 8/3/2018 15:46:46
0,0,0,0,0,0 8/3/2018 15:46:46
0,0,0,0,0,0 8/3/2018 15:46:46
0,0,0,0,0,0 8/3/2018 15:46:46
0,0,0,33,0,0 8/3/2018 15:46:46
0,0,0,82,0,0 8/3/2018 15:46:46
0,0,9,109,0,0 8/3/2018 15:46:46
0,0,10,170,0,0 8/3/2018 15:46:46
0,0,13,232,0,0 8/3/2018 15:46:46
0,0,14,234,0,0 8/3/2018 15:46:46
0,0,15,180,0,0 8/3/2018 15:46:46
0,0,11,101,0,0 8/3/2018 15:46:46
0,0,0,69,0,0 8/3/2018 15:46:46
0,0,0,53,0,0 8/3/2018 15:46:46
0,0,0,41,0,0 8/3/2018 15:46:46
0,0,0,40,0,0 8/3/2018 15:46:46
0,0,0,17,0,0 8/3/2018 15:46:46
0,0,0,0,0,0 8/3/2018 15:46:46
0,0,0,0,0,0 8/3/2018 15:46:46
0,0,0,0,0,0 8/3/2018 15:46:46
0,0,0,0,0,0 8/3/2018 15:46:46
0,0,0,0,0,0 8/3/2018 15:46:46
0,0,0,0,0,0 8/3/2018 15:46:46
0,0,0,0,0,0 8/3/2018 15:46:47
0,0,0,0,0,0 8/3/2018 15:46:47
0,0,0,0,0,0 8/3/2018 15:46:47
0,0,0,0,0,0 8/3/2018 15:46:47
0,0,0,0,0,0 8/3/2018 15:46:47
0,0,0,0,0,0 8/3/2018 15:46:47
0,0,0,0,0,0 8/3/2018 15:46:47
0,0,0,0,0,0 8/3/2018 15:46:47
0,0,0,16,0,0 8/3/2018 15:46:47
0,0,1,70,0,0 8/3/2018 15:46:47
0,0,5,117,0,0 8/3/2018 15:46:47
0,0,4,128,0,0 8/3/2018 15:46:47
0,0,4,130,0,0 8/3/2018 15:46:47
0,0,7,158,0,0 8/3/2018 15:46:47
0,0,7,202,0,0 8/3/2018 15:46:47
0,0,7,239,0,0 8/3/2018 15:46:47
0,0,8,243,0,0 8/3/2018 15:46:47
0,0,10,265,0,0 8/3/2018 15:46:47
0,0,9,280,0,0 8/3/2018 15:46:47
0,0,8,294,0,0 8/3/2018 15:46:47
0,0,5,341,0,0 8/3/2018 15:46:47
0,0,3,339,0,0 8/3/2018 15:46:47
0,0,5,318,0,0 8/3/2018 15:46:47
0,0,0,309,0,0 8/3/2018 15:46:48
0,0,0,304,0,0 8/3/2018 15:46:48
0,0,0,282,0,0 8/3/2018 15:46:48
0,0,0,230,0,0 8/3/2018 15:46:48
0,0,0,139,0,0 8/3/2018 15:46:48
0,0,0,76,0,0 8/3/2018 15:46:48
0,0,0,0,0,0 8/3/2018 15:46:48
0,0,0,0,0,0 8/3/2018 15:46:48
0,0,0,0,0,0 8/3/2018 15:46:48
0,0,0,0,0,0 8/3/2018 15:46:48
0,0,3,59,0,0 8/3/2018 15:46:48
0,0,14,246,0,0 8/3/2018 15:46:48
0,0,15,325,0,1 8/3/2018 15:46:48
0,0,23,347,0,0 8/3/2018 15:46:48
0,0,41,365,0,0 8/3/2018 15:46:48
0,0,44,367,0,0 8/3/2018 15:46:48
0,0,47,330,0,0 8/3/2018 15:46:48
0,0,0,289,0,0 8/3/2018 15:46:48
0,0,0,281,0,0 8/3/2018 15:46:48
0,0,0,175,0,0 8/3/2018 15:46:48
0,0,0,104,0,0 8/3/2018 15:46:48
0,0,0,56,0,0 8/3/2018 15:46:48
0,0,0,41,0,0 8/3/2018 15:46:48
0,0,0,0,0,0 8/3/2018 15:46:49
0,0,0,0,0,0 8/3/2018 15:46:49
0,0,0,0,0,0 8/3/2018 15:46:49
0,0,0,0,0,0 8/3/2018 15:46:49
0,0,0,0,0,0 8/3/2018 15:46:49
0,0,0,0,0,0 8/3/2018 15:46:49
0,0,0,0,0,0 8/3/2018 15:46:49
0,0,0,0,0,0 8/3/2018 15:46:49
0,0,0,0,0,0 8/3/2018 15:46:49
0,0,0,0,0,0 8/3/2018 15:46:49
0,0,0,0,0,0 8/3/2018 15:46:49
0,0,0,0,0,0 8/3/2018 15:46:49
0,0,0,0,0,0 8/3/2018 15:46:49
0,0,0,0,0,0 8/3/2018 15:46:49
0,0,0,0,0,0 8/3/2018 15:46:49
0,0,0,0,0,0 8/3/2018 15:46:49
0,0,0,0,0,0 8/3/2018 15:46:49
0,0,0,0,0,0 8/3/2018 15:46:49
0,0,0,0,0,0 8/3/2018 15:46:49
0,0,0,0,0,0 8/3/2018 15:46:49
0,0,0,0,0,0 8/3/2018 15:46:49
0,0,0,0,0,0 8/3/2018 15:46:49
0,0,0,0,0,0 8/3/2018 15:46:50
0,0,0,0,0,0 8/3/2018 15:46:50
0,0,0,0,0,0 8/3/2018 15:46:50
0,0,0,0,0,0 8/3/2018 15:46:50
0,0,0,0,0,0 8/3/2018 15:46:50
0,0,0,0,0,0 8/3/2018 15:46:50
0,0,1,0,0,0 8/3/2018 15:46:50
0,0,4,0,0,0 8/3/2018 15:46:50
0,0,13,0,0,0 8/3/2018 15:46:50
0,0,15,0,0,0 8/3/2018 15:46:50
0,0,14,0,0,0 8/3/2018 15:46:50
0,0,18,0,0,0 8/3/2018 15:46:50
0,0,17,0,0,0 8/3/2018 15:46:50
0,0,14,0,0,0 8/3/2018 15:46:50
0,0,16,0,0,0 8/3/2018 15:46:50
0,0,7,0,0,0 8/3/2018 15:46:50
0,0,1,24,0,0 8/3/2018 15:46:50
0,0,1,64,0,0 8/3/2018 15:46:50
0,0,7,80,0,0 8/3/2018 15:46:50
0,0,7,104,0,0 8/3/2018 15:46:50
0,0,8,129,0,0 8/3/2018 15:46:50
0,0,0,137,0,0 8/3/2018 15:46:50
0,0,0,127,0,0 8/3/2018 15:46:50
0,0,0,108,0,0 8/3/2018 15:46:51
0,0,0,53,0,0 8/3/2018 15:46:51
0,0,0,0,0,0 8/3/2018 15:46:51
0,0,0,0,0,0 8/3/2018 15:46:51
0,0,0,0,0,0 8/3/2018 15:46:51
0,0,0,0,0,0 8/3/2018 15:46:51
0,0,0,0,2,0 8/3/2018 15:46:51
0,0,0,0,0,0 8/3/2018 15:46:51
0,0,0,0,0,0 8/3/2018 15:46:51
0,0,0,0,0,0 8/3/2018 15:46:51
0,0,0,28,0,0 8/3/2018 15:46:51
0,0,1,33,0,0 8/3/2018 15:46:51
0,0,0,32,0,0 8/3/2018 15:46:51
0,0,0,30,0,0 8/3/2018 15:46:51
0,0,0,0,0,0 8/3/2018 15:46:51
0,0,0,0,0,0 8/3/2018 15:46:51
0,0,0,0,0,0 8/3/2018 15:46:51
0,0,9,0,0,0 8/3/2018 15:46:51
0,0,10,0,0,0 8/3/2018 15:46:51
0,0,14,0,0,0 8/3/2018 15:46:51
0,0,2,0,0,0 8/3/2018 15:46:51
0,0,0,0,0,0 8/3/2018 15:46:51
0,0,0,0,0,0 8/3/2018 15:46:51
0,0,0,30,0,0 8/3/2018 15:46:52
0,0,0,50,0,0 8/3/2018 15:46:52
0,0,0,107,0,0 8/3/2018 15:46:52
0,0,0,77,0,0 8/3/2018 15:46:52
0,0,0,41,0,0 8/3/2018 15:46:52
0,0,0,28,0,0 8/3/2018 15:46:52
0,0,0,0,0,0 8/3/2018 15:46:52
0,0,0,0,0,0 8/3/2018 15:46:52
0,0,0,0,0,0 8/3/2018 15:46:52
0,0,0,0,0,0 8/3/2018 15:46:52
0,0,0,0,0,0 8/3/2018 15:46:52
0,0,0,0,0,0 8/3/2018 15:46:52
0,0,0,0,0,0 8/3/2018 15:46:52
0,0,0,0,0,0 8/3/2018 15:46:52
0,0,0,0,0,0 8/3/2018 15:46:52
0,0,0,0,0,0 8/3/2018 15:46:52
0,0,0,0,0,0 8/3/2018 15:46:52
0,0,0,0,0,0 8/3/2018 15:46:52
0,0,0,0,0,0 8/3/2018 15:46:52
0,0,0,0,0,0 8/3/2018 15:46:52
0,0,0,0,0,0 8/3/2018 15:46:52
0,0,0,0,0,0 8/3/2018 15:46:52
0,0,0,0,0,0 8/3/2018 15:46:53
0,0,0,0,0,0 8/3/2018 15:46:53
0,0,0,0,0,0 8/3/2018 15:46:53
0,0,6,0,0,0 8/3/2018 15:46:53
0,0,12,0,0,0 8/3/2018 15:46:53
0,0,15,0,0,0 8/3/2018 15:46:53
0,0,17,0,0,0 8/3/2018 15:46:53
0,0,21,0,0,0 8/3/2018 15:46:53
0,0,19,0,0,0 8/3/2018 15:46:53
0,0,21,0,0,0 8/3/2018 15:46:53
0,0,19,0,0,0 8/3/2018 15:46:53
0,0,21,0,0,0 8/3/2018 15:46:53
0,0,15,0,0,0 8/3/2018 15:46:53
0,0,0,0,0,0 8/3/2018 15:46:53
0,0,0,0,0,0 8/3/2018 15:46:53
0,0,0,0,0,0 8/3/2018 15:46:53
0,0,0,0,0,0 8/3/2018 15:46:53
0,0,0,0,0,0 8/3/2018 15:46:53
0,1,0,0,0,0 8/3/2018 15:46:53
0,0,0,26,0,0 8/3/2018 15:46:53
0,0,0,0,0,0 8/3/2018 15:46:53
0,0,0,0,0,0 8/3/2018 15:46:53
0,0,0,0,0,0 8/3/2018 15:46:53
0,0,0,0,0,0 8/3/2018 15:46:54
0,0,0,0,0,0 8/3/2018 15:46:54
0,0,0,0,0,0 8/3/2018 15:46:54
0,0,0,0,0,0 8/3/2018 15:46:54
0,0,2,0,0,0 8/3/2018 15:46:54
0,0,4,0,0,0 8/3/2018 15:46:54
0,0,4,0,0,0 8/3/2018 15:46:54
0,0,0,0,0,0 8/3/2018 15:46:54
0,0,0,0,0,0 8/3/2018 15:46:54
0,0,0,0,0,0 8/3/2018 15:46:54
0,0,0,0,0,0 8/3/2018 15:46:54
0,0,0,0,0,0 8/3/2018 15:46:54
0,0,0,0,0,0 8/3/2018 15:46:54
0,0,0,0,0,0 8/3/2018 15:46:54
0,0,0,0,0,0 8/3/2018 15:46:54
0,0,0,0,0,0 8/3/2018 15:46:54
0,0,0,0,0,0 8/3/2018 15:46:54
0,0,3,0,0,0 8/3/2018 15:46:54
0,0,7,0,0,0 8/3/2018 15:46:54
0,0,16,0,0,0 8/3/2018 15:46:54
0,0,17,0,0,0 8/3/2018 15:46:54
0,0,21,0,0,0 8/3/2018 15:46:54
0,0,23,0,0,0 8/3/2018 15:46:54
0,0,20,0,0,0 8/3/2018 15:46:55
0,0,8,0,0,0 8/3/2018 15:46:55
0,0,0,0,0,0 8/3/2018 15:46:55
0,0,0,22,0,0 8/3/2018 15:46:55
0,0,0,25,0,0 8/3/2018 15:46:55
0,0,0,21,0,0 8/3/2018 15:46:55
0,0,0,79,0,0 8/3/2018 15:46:55
0,0,6,21,0,0 8/3/2018 15:46:55
0,0,0,0,0,0 8/3/2018 15:46:55
0,0,0,0,0,0 8/3/2018 15:46:55
0,0,0,0,0,0 8/3/2018 15:46:55
0,0,0,0,0,0 8/3/2018 15:46:55
0,0,0,0,0,0 8/3/2018 15:46:55
0,0,0,0,0,0 8/3/2018 15:46:55
0,0,0,0,0,0 8/3/2018 15:46:55
0,0,0,0,0,0 8/3/2018 15:46:55
0,0,0,0,0,0 8/3/2018 15:46:55
0,0,0,0,0,0 8/3/2018 15:46:55
0,0,0,0,0,0 8/3/2018 15:46:55
0,0,0,0,0,0 8/3/2018 15:46:55
0,0,0,0,0,0 8/3/2018 15:46:55
0,0,0,0,0,0 8/3/2018 15:46:55
0,0,0,0,0,0 8/3/2018 15:46:55
0,0,0,0,0,0 8/3/2018 15:46:56
0,0,1,0,0,0 8/3/2018 15:46:56
