0,0,0,0,0,0 8/3/2018 15:47:52
0,0,0,0,0,0 8/3/2018 15:47:52
0,0,0,0,0,0 8/3/2018 15:47:52
0,0,0,0,0,0 8/3/2018 15:47:52
0,0,0,0,0,0 8/3/2018 15:47:53
0,0,0,0,0,0 8/3/2018 15:47:53
0,0,0,0,0,0 8/3/2018 15:47:53
0,0,0,0,0,0 8/3/2018 15:47:53
0,0,0,0,0,0 8/3/2018 15:47:53
0,0,0,0,0,0 8/3/2018 15:47:53
0,0,0,0,0,0 8/3/2018 15:47:53
0,0,0,0,0,0 8/3/2018 15:47:53
0,0,0,0,0,0 8/3/2018 15:47:53
0,0,0,0,0,0 8/3/2018 15:47:53
0,0,0,0,0,0 8/3/2018 15:47:53
0,0,0,0,0,0 8/3/2018 15:47:53
0,0,0,0,0,0 8/3/2018 15:47:53
0,0,0,0,0,0 8/3/2018 15:47:53
0,0,0,0,0,0 8/3/2018 15:47:53
0,0,0,0,0,0 8/3/2018 15:47:53
0,0,0,4,0,0 8/3/2018 15:47:53
0,0,0,23,0,0 8/3/2018 15:47:53
0,0,0,33,0,0 8/3/2018 15:47:53
0,0,0,25,0,0 8/3/2018 15:47:53
0,0,0,15,0,0 8/3/2018 15:47:53
0,0,0,0,0,0 8/3/2018 15:47:53
0,0,0,0,0,0 8/3/2018 15:47:54
0,0,0,0,0,0 8/3/2018 15:47:54
0,0,0,0,0,0 8/3/2018 15:47:54
0,0,0,4,0,0 8/3/2018 15:47:54
0,0,0,0,0,0 8/3/2018 15:47:54
0,0,0,0,0,0 8/3/2018 15:47:54
0,0,0,0,0,0 8/3/2018 15:47:54
0,0,0,0,0,0 8/3/2018 15:47:54
0,0,0,0,0,0 8/3/2018 15:47:54
0,0,0,0,0,0 8/3/2018 15:47:54
0,0,0,0,0,0 8/3/2018 15:47:54
0,0,0,17,0,0 8/3/2018 15:47:54
0,0,0,18,0,0 8/3/2018 15:47:54
0,0,0,29,0,0 8/3/2018 15:47:54
0,0,0,27,0,0 8/3/2018 15:47:54
0,0,0,89,0,0 8/3/2018 15:47:54
0,0,0,133,0,0 8/3/2018 15:47:54
0,0,0,167,0,0 8/3/2018 15:47:54
0,0,0,195,0,0 8/3/2018 15:47:54
0,0,0,186,0,0 8/3/2018 15:47:54
0,0,0,125,0,0 8/3/2018 15:47:54
0,0,4,105,0,0 8/3/2018 15:47:54
0,0,9,109,0,0 8/3/2018 15:47:54
0,0,10,125,0,0 8/3/2018 15:47:55
0,0,12,93,0,0 8/3/2018 15:47:55
0,0,11,113,0,0 8/3/2018 15:47:55
0,0,16,121,0,0 8/3/2018 15:47:55
0,0,7,123,0,0 8/3/2018 15:47:55
0,0,14,156,0,0 8/3/2018 15:47:55
0,0,13,143,0,0 8/3/2018 15:47:55
0,0,9,153,0,0 8/3/2018 15:47:55
0,0,24,160,0,0 8/3/2018 15:47:55
0,0,24,134,0,0 8/3/2018 15:47:55
0,0,24,131,0,0 8/3/2018 15:47:55
0,0,29,132,0,0 8/3/2018 15:47:55
0,0,47,145,0,0 8/3/2018 15:47:55
0,0,53,133,0,0 8/3/2018 15:47:55
0,0,56,152,0,0 8/3/2018 15:47:55
0,0,58,126,0,0 8/3/2018 15:47:55
0,0,56,163,0,0 8/3/2018 15:47:55
0,0,55,189,0,0 8/3/2018 15:47:55
0,0,56,217,0,0 8/3/2018 15:47:55
0,0,63,220,0,0 8/3/2018 15:47:55
0,0,68,238,0,0 8/3/2018 15:47:55
0,0,66,234,0,0 8/3/2018 15:47:55
0,0,72,248,0,0 8/3/2018 15:47:55
0,0,67,226,0,0 8/3/2018 15:47:56
0,0,68,178,0,0 8/3/2018 15:47:56
0,0,65,125,0,0 8/3/2018 15:47:56
0,0,63,69,0,0 8/3/2018 15:47:56
0,0,36,81,0,0 8/3/2018 15:47:56
0,0,39,67,0,0 8/3/2018 15:47:56
0,0,39,61,0,0 8/3/2018 15:47:56
0,0,48,95,0,0 8/3/2018 15:47:56
0,0,41,105,0,0 8/3/2018 15:47:56
0,0,43,94,0,0 8/3/2018 15:47:56
0,0,47,109,0,0 8/3/2018 15:47:56
0,0,53,117,0,0 8/3/2018 15:47:56
0,0,47,133,0,0 8/3/2018 15:47:56
0,0,50,139,0,0 8/3/2018 15:47:56
0,0,50,137,0,0 8/3/2018 15:47:56
0,0,53,140,0,0 8/3/2018 15:47:56
0,0,57,144,0,0 8/3/2018 15:47:56
0,0,54,145,0,0 8/3/2018 15:47:56
0,0,47,146,0,0 8/3/2018 15:47:56
0,0,48,146,0,0 8/3/2018 15:47:56
0,0,48,148,0,0 8/3/2018 15:47:56
0,0,52,141,0,0 8/3/2018 15:47:56
0,0,50,141,0,0 8/3/2018 15:47:57
0,0,53,144,0,0 8/3/2018 15:47:57
0,1,54,118,0,0 8/3/2018 15:47:57
0,0,54,114,0,0 8/3/2018 15:47:57
0,0,57,93,0,0 8/3/2018 15:47:57
0,0,55,72,0,0 8/3/2018 15:47:57
0,0,50,78,0,0 8/3/2018 15:47:57
0,0,48,78,0,0 8/3/2018 15:47:57
0,0,26,87,0,0 8/3/2018 15:47:57
0,0,25,73,0,0 8/3/2018 15:47:57
0,0,27,60,0,0 8/3/2018 15:47:57
0,0,23,83,0,0 8/3/2018 15:47:57
0,0,23,75,0,0 8/3/2018 15:47:57
0,0,29,75,0,0 8/3/2018 15:47:57
0,0,35,74,0,0 8/3/2018 15:47:57
0,0,37,77,0,0 8/3/2018 15:47:57
0,0,37,77,0,0 8/3/2018 15:47:57
0,0,47,84,0,0 8/3/2018 15:47:57
0,0,34,109,0,0 8/3/2018 15:47:57
0,0,35,141,0,0 8/3/2018 15:47:57
0,0,33,146,0,0 8/3/2018 15:47:57
0,0,29,155,0,0 8/3/2018 15:47:57
0,0,36,152,0,0 8/3/2018 15:47:57
0,0,39,151,0,0 8/3/2018 15:47:58
0,0,36,131,0,0 8/3/2018 15:47:58
0,0,39,139,0,0 8/3/2018 15:47:58
0,0,33,137,0,0 8/3/2018 15:47:58
0,0,8,106,0,0 8/3/2018 15:47:58
0,0,5,99,0,0 8/3/2018 15:47:58
0,0,4,49,0,0 8/3/2018 15:47:58
0,0,18,60,0,0 8/3/2018 15:47:58
0,0,24,53,0,0 8/3/2018 15:47:58
0,0,22,93,0,0 8/3/2018 15:47:58
0,0,24,114,0,0 8/3/2018 15:47:58
0,0,23,127,0,0 8/3/2018 15:47:58
0,0,29,117,0,0 8/3/2018 15:47:58
0,0,27,123,0,0 8/3/2018 15:47:58
0,0,27,118,0,0 8/3/2018 15:47:58
0,0,26,144,0,0 8/3/2018 15:47:58
0,0,23,145,0,0 8/3/2018 15:47:58
0,0,28,146,0,0 8/3/2018 15:47:58
0,0,27,150,0,0 8/3/2018 15:47:58
0,0,25,149,0,0 8/3/2018 15:47:58
0,0,23,128,0,0 8/3/2018 15:47:58
0,0,24,113,0,0 8/3/2018 15:47:58
0,0,23,95,0,0 8/3/2018 15:47:58
0,0,22,102,0,0 8/3/2018 15:47:59
0,0,18,86,0,0 8/3/2018 15:47:59
0,0,20,83,0,0 8/3/2018 15:47:59
0,0,17,71,0,0 8/3/2018 15:47:59
0,0,17,69,0,0 8/3/2018 15:47:59
0,0,10,69,0,0 8/3/2018 15:47:59
0,0,17,76,0,0 8/3/2018 15:47:59
0,0,13,85,0,0 8/3/2018 15:47:59
0,0,9,57,0,0 8/3/2018 15:47:59
0,0,11,70,0,0 8/3/2018 15:47:59
0,0,7,70,0,0 8/3/2018 15:47:59
0,0,5,76,0,0 8/3/2018 15:47:59
0,0,6,73,0,0 8/3/2018 15:47:59
0,0,10,74,0,0 8/3/2018 15:47:59
0,0,29,71,0,0 8/3/2018 15:47:59
0,0,27,75,0,0 8/3/2018 15:47:59
0,0,32,72,0,0 8/3/2018 15:47:59
0,0,34,73,0,0 8/3/2018 15:47:59
0,0,29,72,0,0 8/3/2018 15:47:59
0,0,37,74,0,0 8/3/2018 15:47:59
0,0,37,74,0,0 8/3/2018 15:47:59
0,0,34,77,0,0 8/3/2018 15:47:59
0,0,28,74,0,0 8/3/2018 15:47:59
0,0,24,76,0,0 8/3/2018 15:48:0
0,0,15,77,0,0 8/3/2018 15:48:0
0,0,6,58,0,0 8/3/2018 15:48:0
0,0,5,33,0,0 8/3/2018 15:48:0
0,0,6,29,0,0 8/3/2018 15:48:0
0,0,9,30,0,0 8/3/2018 15:48:0
0,0,10,53,0,0 8/3/2018 15:48:0
0,0,12,58,0,0 8/3/2018 15:48:0
0,0,11,47,0,0 8/3/2018 15:48:0
0,0,11,71,0,0 8/3/2018 15:48:0
0,0,13,61,0,0 8/3/2018 15:48:0
0,0,15,64,0,0 8/3/2018 15:48:0
0,0,21,82,0,0 8/3/2018 15:48:0
0,0,26,121,0,0 8/3/2018 15:48:0
0,0,27,123,0,0 8/3/2018 15:48:0
0,0,24,130,0,0 8/3/2018 15:48:0
0,0,27,140,0,0 8/3/2018 15:48:0
0,0,25,119,0,0 8/3/2018 15:48:0
0,0,28,85,0,0 8/3/2018 15:48:0
0,0,28,79,0,0 8/3/2018 15:48:0
0,0,28,89,0,0 8/3/2018 15:48:0
0,0,28,91,0,0 8/3/2018 15:48:0
0,0,28,98,0,0 8/3/2018 15:48:1
0,0,24,61,0,0 8/3/2018 15:48:1
0,0,19,62,0,0 8/3/2018 15:48:1
0,0,21,55,0,0 8/3/2018 15:48:1
0,0,23,57,0,0 8/3/2018 15:48:1
0,0,17,53,0,0 8/3/2018 15:48:1
0,0,22,47,0,0 8/3/2018 15:48:1
0,0,17,48,0,0 8/3/2018 15:48:1
0,0,4,47,0,0 8/3/2018 15:48:1
0,0,0,50,0,0 8/3/2018 15:48:1
0,0,0,51,0,0 8/3/2018 15:48:1
0,0,4,54,0,0 8/3/2018 15:48:1
0,0,13,71,0,0 8/3/2018 15:48:1
0,0,14,85,0,0 8/3/2018 15:48:1
0,0,13,88,0,0 8/3/2018 15:48:1
0,0,0,84,0,0 8/3/2018 15:48:1
0,0,3,72,0,0 8/3/2018 15:48:1
0,0,0,74,0,0 8/3/2018 15:48:1
0,0,0,76,0,0 8/3/2018 15:48:1
0,0,0,75,0,0 8/3/2018 15:48:1
0,0,0,79,0,0 8/3/2018 15:48:1
0,0,0,78,0,0 8/3/2018 15:48:1
0,0,0,79,0,0 8/3/2018 15:48:1
0,0,0,77,0,0 8/3/2018 15:48:2
0,0,0,82,0,0 8/3/2018 15:48:2
0,0,0,79,0,0 8/3/2018 15:48:2
0,0,0,68,0,0 8/3/2018 15:48:2
0,0,0,61,0,0 8/3/2018 15:48:2
0,0,0,61,0,0 8/3/2018 15:48:2
0,0,0,59,0,0 8/3/2018 15:48:2
0,0,0,60,0,0 8/3/2018 15:48:2
0,0,0,60,0,0 8/3/2018 15:48:2
0,0,0,62,0,0 8/3/2018 15:48:2
0,0,0,64,0,0 8/3/2018 15:48:2
0,0,0,66,0,0 8/3/2018 15:48:2
0,0,0,72,0,0 8/3/2018 15:48:2
0,0,0,77,0,0 8/3/2018 15:48:2
0,0,0,77,0,0 8/3/2018 15:48:2
0,0,0,82,0,0 8/3/2018 15:48:2
0,0,0,77,0,0 8/3/2018 15:48:2
0,0,5,61,0,0 8/3/2018 15:48:2
0,0,6,56,0,0 8/3/2018 15:48:2
0,0,7,56,0,0 8/3/2018 15:48:2
0,0,9,34,0,0 8/3/2018 15:48:2
0,0,7,30,0,0 8/3/2018 15:48:2
0,0,6,16,0,0 8/3/2018 15:48:2
0,0,8,30,0,0 8/3/2018 15:48:3
0,0,9,53,0,0 8/3/2018 15:48:3
0,0,0,54,0,0 8/3/2018 15:48:3
0,0,6,84,0,0 8/3/2018 15:48:3
0,0,18,121,0,0 8/3/2018 15:48:3
0,0,20,134,0,0 8/3/2018 15:48:3
0,0,5,143,0,0 8/3/2018 15:48:3
0,0,1,133,0,0 8/3/2018 15:48:3
0,0,0,100,0,0 8/3/2018 15:48:3
0,0,0,96,0,0 8/3/2018 15:48:3
0,0,0,95,0,0 8/3/2018 15:48:3
0,0,0,97,0,0 8/3/2018 15:48:3
0,0,0,97,0,0 8/3/2018 15:48:3
0,0,0,99,0,0 8/3/2018 15:48:3
0,0,0,98,0,0 8/3/2018 15:48:3
0,0,0,92,0,0 8/3/2018 15:48:3
0,0,0,101,0,0 8/3/2018 15:48:3
0,0,0,107,0,0 8/3/2018 15:48:3
0,0,0,114,0,0 8/3/2018 15:48:3
0,0,1,99,0,0 8/3/2018 15:48:3
0,0,6,107,0,0 8/3/2018 15:48:3
0,0,7,114,0,0 8/3/2018 15:48:3
0,0,7,110,0,0 8/3/2018 15:48:4
0,0,11,108,0,0 8/3/2018 15:48:4
0,0,13,95,0,0 8/3/2018 15:48:4
0,0,8,88,0,0 8/3/2018 15:48:4
0,0,12,80,0,0 8/3/2018 15:48:4
0,0,8,72,0,0 8/3/2018 15:48:4
0,0,12,84,0,0 8/3/2018 15:48:4
0,0,11,85,0,0 8/3/2018 15:48:4
0,0,8,99,0,0 8/3/2018 15:48:4
0,0,29,102,0,0 8/3/2018 15:48:4
0,0,23,109,0,0 8/3/2018 15:48:4
0,0,26,106,0,0 8/3/2018 15:48:4
0,0,21,112,0,0 8/3/2018 15:48:4
0,0,12,102,0,0 8/3/2018 15:48:4
0,0,12,97,0,0 8/3/2018 15:48:4
0,0,13,61,0,0 8/3/2018 15:48:4
0,0,14,59,0,0 8/3/2018 15:48:4
0,0,11,59,0,0 8/3/2018 15:48:4
0,0,12,55,0,0 8/3/2018 15:48:4
0,0,23,90,0,0 8/3/2018 15:48:4
0,0,25,93,0,0 8/3/2018 15:48:4
0,0,23,95,0,0 8/3/2018 15:48:4
0,0,24,96,0,0 8/3/2018 15:48:4
0,0,21,61,0,0 8/3/2018 15:48:5
0,0,21,55,0,0 8/3/2018 15:48:5
0,0,12,55,0,0 8/3/2018 15:48:5
0,0,10,56,0,0 8/3/2018 15:48:5
0,0,12,57,0,0 8/3/2018 15:48:5
0,0,13,57,0,0 8/3/2018 15:48:5
0,0,22,57,0,0 8/3/2018 15:48:5
0,0,30,92,0,0 8/3/2018 15:48:5
0,0,25,103,0,0 8/3/2018 15:48:5
0,0,13,106,0,0 8/3/2018 15:48:5
0,0,12,66,0,0 8/3/2018 15:48:5
0,0,19,61,0,0 8/3/2018 15:48:5
0,0,23,66,0,0 8/3/2018 15:48:5
0,0,26,65,0,0 8/3/2018 15:48:5
0,0,25,71,0,0 8/3/2018 15:48:5
0,0,22,72,0,0 8/3/2018 15:48:5
0,0,25,71,0,0 8/3/2018 15:48:5
0,0,26,66,0,0 8/3/2018 15:48:5
0,0,26,66,0,0 8/3/2018 15:48:5
0,0,23,63,0,0 8/3/2018 15:48:5
0,0,31,62,0,0 8/3/2018 15:48:5
0,1,35,67,0,0 8/3/2018 15:48:5
0,0,34,80,0,0 8/3/2018 15:48:5
0,0,33,79,0,0 8/3/2018 15:48:6
0,0,27,70,0,0 8/3/2018 15:48:6
0,0,15,62,0,0 8/3/2018 15:48:6
0,0,14,74,0,0 8/3/2018 15:48:6
0,0,13,77,0,0 8/3/2018 15:48:6
0,0,16,90,0,0 8/3/2018 15:48:6
0,0,25,117,0,0 8/3/2018 15:48:6
0,0,29,120,0,0 8/3/2018 15:48:6
0,0,30,121,0,0 8/3/2018 15:48:6
0,0,26,137,0,0 8/3/2018 15:48:6
0,0,24,171,0,0 8/3/2018 15:48:6
0,0,24,181,0,0 8/3/2018 15:48:6
0,0,28,172,0,0 8/3/2018 15:48:6
0,0,28,193,0,0 8/3/2018 15:48:6
0,0,28,207,0,0 8/3/2018 15:48:6
0,0,24,212,0,0 8/3/2018 15:48:6
0,0,24,214,0,0 8/3/2018 15:48:6
0,0,23,208,0,0 8/3/2018 15:48:6
0,0,23,210,0,0 8/3/2018 15:48:6
0,0,24,202,0,0 8/3/2018 15:48:6
0,0,25,209,0,0 8/3/2018 15:48:6
0,0,28,221,0,0 8/3/2018 15:48:6
0,0,21,216,0,0 8/3/2018 15:48:6
0,0,23,237,0,0 8/3/2018 15:48:7
0,0,26,271,0,0 8/3/2018 15:48:7
0,0,31,299,0,0 8/3/2018 15:48:7
0,0,31,309,0,0 8/3/2018 15:48:7
0,0,31,338,0,0 8/3/2018 15:48:7
0,0,30,332,0,0 8/3/2018 15:48:7
0,0,26,338,4,0 8/3/2018 15:48:7
0,0,31,372,0,0 8/3/2018 15:48:7
0,0,30,370,0,0 8/3/2018 15:48:7
0,0,32,326,0,0 8/3/2018 15:48:7
0,0,29,262,0,0 8/3/2018 15:48:7
0,0,28,81,0,0 8/3/2018 15:48:7
0,0,26,91,0,0 8/3/2018 15:48:7
0,0,30,93,0,0 8/3/2018 15:48:7
0,0,20,104,0,0 8/3/2018 15:48:7
0,0,22,103,0,0 8/3/2018 15:48:7
0,0,25,56,0,0 8/3/2018 15:48:7
0,0,27,81,0,0 8/3/2018 15:48:7
0,0,25,38,0,0 8/3/2018 15:48:7
0,0,22,99,0,0 8/3/2018 15:48:7
0,0,28,136,0,0 8/3/2018 15:48:7
0,0,27,121,0,0 8/3/2018 15:48:7
0,0,23,125,0,0 8/3/2018 15:48:8
0,0,30,112,0,0 8/3/2018 15:48:8
0,0,33,71,0,0 8/3/2018 15:48:8
0,0,37,112,0,0 8/3/2018 15:48:8
0,0,32,227,0,0 8/3/2018 15:48:8
0,0,36,255,0,0 8/3/2018 15:48:8
0,0,36,295,0,0 8/3/2018 15:48:8
0,0,36,335,0,0 8/3/2018 15:48:8
0,0,38,354,0,0 8/3/2018 15:48:8
0,0,38,378,0,0 8/3/2018 15:48:8
0,0,38,379,0,0 8/3/2018 15:48:8
0,0,33,386,0,0 8/3/2018 15:48:8
0,0,28,395,0,0 8/3/2018 15:48:8
0,0,32,374,0,0 8/3/2018 15:48:8
0,0,31,355,0,0 8/3/2018 15:48:8
0,0,30,333,0,0 8/3/2018 15:48:8
0,0,31,325,0,0 8/3/2018 15:48:8
0,0,28,327,0,0 8/3/2018 15:48:8
0,0,31,307,0,0 8/3/2018 15:48:8
0,0,30,288,0,0 8/3/2018 15:48:8
0,0,31,301,0,0 8/3/2018 15:48:8
0,0,37,299,0,0 8/3/2018 15:48:8
0,0,39,297,0,0 8/3/2018 15:48:8
0,0,36,288,0,0 8/3/2018 15:48:9
0,0,38,255,0,0 8/3/2018 15:48:9
0,0,45,254,0,0 8/3/2018 15:48:9
0,0,44,244,0,0 8/3/2018 15:48:9
