0,0,0,254,0,0 8/3/2018 15:49:2
0,0,0,229,0,0 8/3/2018 15:49:2
0,0,0,168,0,0 8/3/2018 15:49:2
0,0,0,145,0,0 8/3/2018 15:49:2
0,0,0,135,0,0 8/3/2018 15:49:2
0,0,0,191,0,0 8/3/2018 15:49:2
0,0,0,150,0,0 8/3/2018 15:49:2
0,0,0,149,0,0 8/3/2018 15:49:2
0,0,0,159,0,0 8/3/2018 15:49:2
0,0,0,194,0,0 8/3/2018 15:49:2
0,0,0,188,0,0 8/3/2018 15:49:2
0,0,0,143,0,0 8/3/2018 15:49:2
0,0,0,104,0,0 8/3/2018 15:49:2
0,0,0,104,0,0 8/3/2018 15:49:2
0,0,0,110,0,0 8/3/2018 15:49:2
0,0,0,101,0,0 8/3/2018 15:49:2
0,0,0,87,0,0 8/3/2018 15:49:2
0,0,0,87,0,0 8/3/2018 15:49:2
0,0,1,84,0,0 8/3/2018 15:49:2
0,0,0,0,0,0 8/3/2018 15:49:3
0,0,0,83,0,0 8/3/2018 15:49:3
0,0,0,297,0,0 8/3/2018 15:49:3
0,0,0,351,0,0 8/3/2018 15:49:3
0,0,0,369,0,0 8/3/2018 15:49:3
0,0,0,356,0,0 8/3/2018 15:49:3
0,0,0,352,0,0 8/3/2018 15:49:3
0,0,0,395,0,0 8/3/2018 15:49:3
0,0,0,385,0,0 8/3/2018 15:49:3
0,0,0,349,0,0 8/3/2018 15:49:3
0,0,0,341,0,0 8/3/2018 15:49:3
0,0,0,359,0,0 8/3/2018 15:49:3
0,0,0,412,0,0 8/3/2018 15:49:3
0,0,15,411,0,0 8/3/2018 15:49:3
0,0,31,376,0,0 8/3/2018 15:49:3
0,0,85,340,0,0 8/3/2018 15:49:3
0,0,170,374,0,0 8/3/2018 15:49:3
0,0,223,446,0,0 8/3/2018 15:49:3
0,0,209,473,0,0 8/3/2018 15:49:3
0,0,195,541,0,0 8/3/2018 15:49:3
0,0,177,539,0,0 8/3/2018 15:49:3
0,0,171,536,0,0 8/3/2018 15:49:3
0,0,180,510,0,0 8/3/2018 15:49:4
0,0,186,513,0,0 8/3/2018 15:49:4
0,0,156,499,0,0 8/3/2018 15:49:4
0,0,195,502,0,0 8/3/2018 15:49:4
0,0,196,498,0,0 8/3/2018 15:49:4
0,0,175,468,0,0 8/3/2018 15:49:4
0,0,178,412,0,0 8/3/2018 15:49:4
0,0,108,359,0,0 8/3/2018 15:49:4
0,0,48,354,0,0 8/3/2018 15:49:4
0,0,28,353,0,0 8/3/2018 15:49:4
0,0,0,328,0,0 8/3/2018 15:49:4
0,0,0,324,0,0 8/3/2018 15:49:4
0,0,0,342,0,0 8/3/2018 15:49:4
0,0,0,330,0,0 8/3/2018 15:49:4
0,0,0,326,0,0 8/3/2018 15:49:4
0,0,0,348,0,0 8/3/2018 15:49:4
0,0,3,380,0,0 8/3/2018 15:49:4
0,0,10,339,0,0 8/3/2018 15:49:4
0,0,6,354,0,0 8/3/2018 15:49:4
0,0,7,339,0,0 8/3/2018 15:49:4
0,0,14,336,0,0 8/3/2018 15:49:4
0,0,17,330,0,0 8/3/2018 15:49:4
0,0,23,342,0,0 8/3/2018 15:49:4
0,0,29,356,0,0 8/3/2018 15:49:5
0,0,31,341,0,0 8/3/2018 15:49:5
0,0,43,346,0,0 8/3/2018 15:49:5
0,0,51,368,0,0 8/3/2018 15:49:5
0,0,57,313,0,0 8/3/2018 15:49:5
0,0,63,265,0,0 8/3/2018 15:49:5
0,0,106,255,0,0 8/3/2018 15:49:5
0,0,184,428,0,0 8/3/2018 15:49:5
0,0,272,558,0,0 8/3/2018 15:49:5
0,0,293,574,0,0 8/3/2018 15:49:5
0,0,328,558,0,0 8/3/2018 15:49:5
0,0,348,488,0,0 8/3/2018 15:49:5
0,0,397,463,0,0 8/3/2018 15:49:5
0,0,439,439,0,0 8/3/2018 15:49:5
0,0,453,418,0,0 8/3/2018 15:49:5
0,0,473,433,0,0 8/3/2018 15:49:5
0,0,477,406,0,0 8/3/2018 15:49:5
0,0,425,404,0,0 8/3/2018 15:49:5
0,0,343,315,0,0 8/3/2018 15:49:5
0,0,265,269,0,0 8/3/2018 15:49:5
0,0,217,200,0,0 8/3/2018 15:49:5
0,0,185,229,0,0 8/3/2018 15:49:5
0,0,64,217,0,0 8/3/2018 15:49:5
0,0,32,237,0,0 8/3/2018 15:49:6
0,0,38,249,0,0 8/3/2018 15:49:6
0,0,32,271,0,0 8/3/2018 15:49:6
0,0,24,284,0,0 8/3/2018 15:49:6
0,0,18,280,0,0 8/3/2018 15:49:6
0,0,23,275,0,0 8/3/2018 15:49:6
0,0,16,287,0,0 8/3/2018 15:49:6
0,0,2,292,0,0 8/3/2018 15:49:6
0,0,3,308,0,0 8/3/2018 15:49:6
0,0,0,294,0,0 8/3/2018 15:49:6
0,0,0,282,0,0 8/3/2018 15:49:6
0,0,0,290,0,0 8/3/2018 15:49:6
0,0,0,272,0,0 8/3/2018 15:49:6
0,0,0,255,0,0 8/3/2018 15:49:6
0,0,0,236,0,0 8/3/2018 15:49:6
0,0,6,244,0,0 8/3/2018 15:49:6
0,0,6,232,0,0 8/3/2018 15:49:6
0,0,10,233,0,0 8/3/2018 15:49:6
0,0,47,235,0,0 8/3/2018 15:49:6
0,0,48,222,0,0 8/3/2018 15:49:6
0,0,67,234,0,0 8/3/2018 15:49:6
0,0,76,266,0,0 8/3/2018 15:49:6
0,0,101,276,0,0 8/3/2018 15:49:6
0,0,155,321,0,0 8/3/2018 15:49:7
0,0,238,371,0,0 8/3/2018 15:49:7
0,0,298,491,0,0 8/3/2018 15:49:7
0,0,302,510,0,0 8/3/2018 15:49:7
0,0,352,534,0,0 8/3/2018 15:49:7
0,0,370,540,0,0 8/3/2018 15:49:7
0,0,378,539,0,0 8/3/2018 15:49:7
0,0,363,531,0,0 8/3/2018 15:49:7
0,0,366,535,0,0 8/3/2018 15:49:7
0,0,374,528,0,0 8/3/2018 15:49:7
0,0,355,507,0,0 8/3/2018 15:49:7
0,0,374,477,0,0 8/3/2018 15:49:7
0,0,341,439,0,0 8/3/2018 15:49:7
0,0,307,369,0,0 8/3/2018 15:49:7
0,0,274,282,0,0 8/3/2018 15:49:7
0,0,187,185,0,0 8/3/2018 15:49:7
0,0,100,171,0,0 8/3/2018 15:49:7
0,0,52,173,0,0 8/3/2018 15:49:7
0,0,36,178,0,0 8/3/2018 15:49:7
0,0,35,191,0,0 8/3/2018 15:49:7
0,0,34,208,0,0 8/3/2018 15:49:7
0,0,44,234,0,0 8/3/2018 15:49:7
0,0,48,237,0,0 8/3/2018 15:49:8
0,0,46,228,0,0 8/3/2018 15:49:8
0,0,48,237,0,0 8/3/2018 15:49:8
0,0,47,225,0,0 8/3/2018 15:49:8
0,0,41,227,0,0 8/3/2018 15:49:8
0,0,41,221,0,0 8/3/2018 15:49:8
0,0,47,216,0,0 8/3/2018 15:49:8
0,0,37,218,0,0 8/3/2018 15:49:8
0,0,36,218,0,0 8/3/2018 15:49:8
0,0,39,163,0,0 8/3/2018 15:49:8
0,0,36,156,0,0 8/3/2018 15:49:8
0,0,38,153,0,0 8/3/2018 15:49:8
0,0,44,150,0,0 8/3/2018 15:49:8
0,0,43,170,0,0 8/3/2018 15:49:8
0,0,50,175,0,0 8/3/2018 15:49:8
0,0,61,185,0,0 8/3/2018 15:49:8
0,0,76,188,0,0 8/3/2018 15:49:8
0,0,120,317,0,0 8/3/2018 15:49:8
0,0,235,447,0,0 8/3/2018 15:49:8
0,0,359,573,0,0 8/3/2018 15:49:8
0,0,373,616,0,0 8/3/2018 15:49:8
0,0,400,661,0,0 8/3/2018 15:49:8
0,0,396,681,0,0 8/3/2018 15:49:8
0,0,407,687,0,0 8/3/2018 15:49:9
0,0,379,690,0,0 8/3/2018 15:49:9
0,0,345,687,0,1 8/3/2018 15:49:9
0,0,352,682,0,0 8/3/2018 15:49:9
0,0,295,668,0,0 8/3/2018 15:49:9
0,0,259,657,0,0 8/3/2018 15:49:9
0,0,246,642,0,0 8/3/2018 15:49:9
0,0,217,567,0,0 8/3/2018 15:49:9
0,0,174,425,0,0 8/3/2018 15:49:9
0,0,45,239,0,0 8/3/2018 15:49:9
0,0,9,207,0,0 8/3/2018 15:49:9
0,0,12,211,0,0 8/3/2018 15:49:9
0,0,29,172,0,0 8/3/2018 15:49:9
0,0,22,152,0,0 8/3/2018 15:49:9
0,0,46,124,0,0 8/3/2018 15:49:9
0,0,38,110,0,0 8/3/2018 15:49:9
0,0,38,119,0,0 8/3/2018 15:49:9
0,0,36,97,0,0 8/3/2018 15:49:9
0,0,37,89,0,0 8/3/2018 15:49:9
0,0,37,82,0,0 8/3/2018 15:49:9
0,0,40,128,0,0 8/3/2018 15:49:9
0,0,39,145,0,0 8/3/2018 15:49:9
0,0,14,184,0,0 8/3/2018 15:49:9
0,0,26,248,0,0 8/3/2018 15:49:10
0,0,73,328,0,0 8/3/2018 15:49:10
0,0,155,416,0,0 8/3/2018 15:49:10
0,0,229,518,0,0 8/3/2018 15:49:10
0,0,253,569,0,0 8/3/2018 15:49:10
0,0,298,605,0,0 8/3/2018 15:49:10
0,0,328,631,0,0 8/3/2018 15:49:10
0,0,360,638,0,0 8/3/2018 15:49:10
0,0,406,615,0,0 8/3/2018 15:49:10
0,0,433,571,0,0 8/3/2018 15:49:10
0,0,454,503,0,0 8/3/2018 15:49:10
0,0,455,401,0,0 8/3/2018 15:49:10
0,0,496,312,0,0 8/3/2018 15:49:10
0,0,455,195,0,0 8/3/2018 15:49:10
0,0,436,181,1,0 8/3/2018 15:49:10
0,0,375,178,0,0 8/3/2018 15:49:10
0,0,289,202,0,0 8/3/2018 15:49:10
0,0,186,209,0,0 8/3/2018 15:49:10
0,0,48,224,0,0 8/3/2018 15:49:10
0,0,0,329,0,0 8/3/2018 15:49:10
0,0,17,376,0,0 8/3/2018 15:49:10
0,0,104,403,0,0 8/3/2018 15:49:10
0,0,132,495,0,0 8/3/2018 15:49:11
0,0,115,502,0,0 8/3/2018 15:49:11
0,0,108,484,0,0 8/3/2018 15:49:11
0,0,116,478,0,0 8/3/2018 15:49:11
0,0,102,446,0,0 8/3/2018 15:49:11
0,0,64,396,0,0 8/3/2018 15:49:11
0,0,60,336,0,0 8/3/2018 15:49:11
0,0,14,289,0,0 8/3/2018 15:49:11
0,0,12,289,0,0 8/3/2018 15:49:11
0,0,10,261,0,0 8/3/2018 15:49:11
0,0,6,212,0,0 8/3/2018 15:49:11
0,0,9,221,0,0 8/3/2018 15:49:11
0,0,6,214,0,0 8/3/2018 15:49:11
0,0,7,134,0,0 8/3/2018 15:49:11
0,0,12,121,0,0 8/3/2018 15:49:11
0,0,30,133,0,0 8/3/2018 15:49:11
0,0,39,132,0,0 8/3/2018 15:49:11
0,0,38,100,0,0 8/3/2018 15:49:11
0,0,40,93,0,0 8/3/2018 15:49:11
0,0,42,107,0,0 8/3/2018 15:49:11
0,0,27,75,0,0 8/3/2018 15:49:11
0,0,31,88,0,0 8/3/2018 15:49:11
0,0,36,127,0,0 8/3/2018 15:49:11
0,0,47,156,0,0 8/3/2018 15:49:12
0,0,55,135,0,0 8/3/2018 15:49:12
0,0,81,125,0,0 8/3/2018 15:49:12
0,0,78,98,0,0 8/3/2018 15:49:12
0,0,93,93,0,0 8/3/2018 15:49:12
0,0,95,119,0,0 8/3/2018 15:49:12
0,0,138,120,0,0 8/3/2018 15:49:12
0,0,170,190,0,0 8/3/2018 15:49:12
0,0,172,173,0,0 8/3/2018 15:49:12
0,0,185,166,0,0 8/3/2018 15:49:12
0,0,127,189,0,0 8/3/2018 15:49:12
0,0,103,201,0,0 8/3/2018 15:49:12
0,0,92,210,0,0 8/3/2018 15:49:12
0,0,108,272,0,0 8/3/2018 15:49:12
0,0,107,290,0,0 8/3/2018 15:49:12
0,0,67,325,0,0 8/3/2018 15:49:12
0,0,51,362,0,0 8/3/2018 15:49:12
0,0,50,363,0,0 8/3/2018 15:49:12
0,0,53,373,0,0 8/3/2018 15:49:12
0,0,23,380,0,0 8/3/2018 15:49:12
0,0,0,373,0,0 8/3/2018 15:49:12
0,0,20,351,0,0 8/3/2018 15:49:12
0,0,20,303,0,0 8/3/2018 15:49:12
0,0,9,269,0,0 8/3/2018 15:49:13
0,0,1,256,0,0 8/3/2018 15:49:13
0,0,0,255,0,0 8/3/2018 15:49:13
0,0,0,261,0,0 8/3/2018 15:49:13
0,0,0,295,0,0 8/3/2018 15:49:13
0,0,13,321,0,0 8/3/2018 15:49:13
0,0,17,311,0,0 8/3/2018 15:49:13
0,0,26,250,0,0 8/3/2018 15:49:13
0,0,4,215,0,0 8/3/2018 15:49:13
0,0,0,209,0,0 8/3/2018 15:49:13
0,0,0,178,0,0 8/3/2018 15:49:13
0,0,0,144,0,0 8/3/2018 15:49:13
0,0,0,212,0,0 8/3/2018 15:49:13
0,0,0,295,0,0 8/3/2018 15:49:13
0,0,7,341,0,0 8/3/2018 15:49:13
0,0,11,292,0,0 8/3/2018 15:49:13
0,0,13,225,0,0 8/3/2018 15:49:13
0,0,53,250,0,0 8/3/2018 15:49:13
0,0,55,277,0,0 8/3/2018 15:49:13
0,0,57,350,0,0 8/3/2018 15:49:13
0,0,59,354,0,0 8/3/2018 15:49:13
0,0,61,379,0,0 8/3/2018 15:49:13
0,0,50,391,0,0 8/3/2018 15:49:13
0,0,49,364,0,0 8/3/2018 15:49:14
0,0,39,308,0,0 8/3/2018 15:49:14
0,0,25,289,0,0 8/3/2018 15:49:14
0,0,7,226,0,0 8/3/2018 15:49:14
0,0,5,217,0,0 8/3/2018 15:49:14
0,0,0,200,0,0 8/3/2018 15:49:14
0,0,0,230,0,0 8/3/2018 15:49:14
0,0,0,247,0,0 8/3/2018 15:49:14
0,0,0,250,0,0 8/3/2018 15:49:14
0,0,0,268,0,0 8/3/2018 15:49:14
0,0,7,259,0,0 8/3/2018 15:49:14
0,0,8,254,0,0 8/3/2018 15:49:14
0,0,0,226,0,0 8/3/2018 15:49:14
0,0,0,238,0,0 8/3/2018 15:49:14
0,0,0,249,0,0 8/3/2018 15:49:14
0,0,0,255,0,0 8/3/2018 15:49:14
0,0,0,234,0,0 8/3/2018 15:49:14
0,0,4,241,0,0 8/3/2018 15:49:14
0,0,36,217,0,0 8/3/2018 15:49:14
0,0,36,248,0,0 8/3/2018 15:49:14
0,0,31,249,5,0 8/3/2018 15:49:14
0,0,22,266,0,0 8/3/2018 15:49:14
0,0,0,265,0,0 8/3/2018 15:49:15
0,0,2,267,0,0 8/3/2018 15:49:15
0,0,32,277,0,0 8/3/2018 15:49:15
0,0,30,283,0,0 8/3/2018 15:49:15
0,0,31,306,0,0 8/3/2018 15:49:15
0,0,52,335,0,0 8/3/2018 15:49:15
0,0,53,343,0,0 8/3/2018 15:49:15
0,0,58,355,0,0 8/3/2018 15:49:15
0,0,56,360,0,0 8/3/2018 15:49:15
0,0,59,349,0,0 8/3/2018 15:49:15
0,0,61,320,0,0 8/3/2018 15:49:15
0,0,61,315,0,0 8/3/2018 15:49:15
0,0,53,321,0,0 8/3/2018 15:49:15
0,0,15,291,0,0 8/3/2018 15:49:15
0,0,6,269,0,0 8/3/2018 15:49:15
0,0,1,251,0,0 8/3/2018 15:49:15
0,0,0,223,0,0 8/3/2018 15:49:15
0,0,0,209,0,0 8/3/2018 15:49:15
0,0,0,212,0,0 8/3/2018 15:49:15
0,0,7,216,0,0 8/3/2018 15:49:15
0,0,2,221,0,0 8/3/2018 15:49:15
0,0,9,250,0,0 8/3/2018 15:49:15
0,0,18,246,0,0 8/3/2018 15:49:15
0,0,16,248,0,0 8/3/2018 15:49:16
0,0,21,245,0,0 8/3/2018 15:49:16
