0,0,0,0,0,0 8/3/2018 15:50:5
0,0,0,0,0,0 8/3/2018 15:50:5
0,0,0,0,0,0 8/3/2018 15:50:5
0,0,0,0,0,0 8/3/2018 15:50:5
0,0,0,0,0,0 8/3/2018 15:50:5
0,0,0,0,0,0 8/3/2018 15:50:5
0,0,0,0,0,0 8/3/2018 15:50:5
0,0,0,0,0,0 8/3/2018 15:50:5
0,0,0,0,0,0 8/3/2018 15:50:5
0,0,0,0,0,0 8/3/2018 15:50:5
0,0,0,0,0,0 8/3/2018 15:50:5
0,0,0,0,0,0 8/3/2018 15:50:5
0,0,0,0,0,0 8/3/2018 15:50:5
0,0,0,0,0,0 8/3/2018 15:50:5
0,0,0,0,0,0 8/3/2018 15:50:5
0,0,0,0,0,0 8/3/2018 15:50:5
0,0,0,0,0,0 8/3/2018 15:50:5
0,0,0,0,0,0 8/3/2018 15:50:5
0,0,0,0,0,0 8/3/2018 15:50:5
0,0,0,0,0,0 8/3/2018 15:50:5
0,0,0,0,0,0 8/3/2018 15:50:6
0,0,0,0,0,0 8/3/2018 15:50:6
0,0,0,0,0,0 8/3/2018 15:50:6
0,0,0,0,0,0 8/3/2018 15:50:6
0,0,0,0,0,0 8/3/2018 15:50:6
0,0,0,0,0,0 8/3/2018 15:50:6
0,0,0,0,0,0 8/3/2018 15:50:6
0,0,0,0,0,0 8/3/2018 15:50:6
0,0,0,0,0,0 8/3/2018 15:50:6
0,0,0,0,0,0 8/3/2018 15:50:6
0,0,0,0,0,0 8/3/2018 15:50:6
0,0,0,0,0,0 8/3/2018 15:50:6
0,0,0,0,0,0 8/3/2018 15:50:6
0,0,21,0,0,0 8/3/2018 15:50:6
0,0,0,0,0,0 8/3/2018 15:50:6
0,0,40,33,0,0 8/3/2018 15:50:6
0,0,51,0,0,0 8/3/2018 15:50:6
0,0,11,0,0,0 8/3/2018 15:50:6
0,0,0,0,0,0 8/3/2018 15:50:6
0,0,0,0,0,0 8/3/2018 15:50:6
0,0,0,0,0,0 8/3/2018 15:50:6
0,0,0,0,0,0 8/3/2018 15:50:6
0,0,0,0,0,0 8/3/2018 15:50:7
0,0,0,0,0,0 8/3/2018 15:50:7
0,0,2,0,0,0 8/3/2018 15:50:7
0,0,0,0,0,0 8/3/2018 15:50:7
0,0,0,0,0,0 8/3/2018 15:50:7
0,0,0,0,0,0 8/3/2018 15:50:7
0,0,0,0,0,0 8/3/2018 15:50:7
0,0,0,0,0,0 8/3/2018 15:50:7
0,0,0,0,0,0 8/3/2018 15:50:7
0,0,13,0,0,0 8/3/2018 15:50:7
0,0,0,0,0,0 8/3/2018 15:50:7
0,0,0,0,0,0 8/3/2018 15:50:7
0,0,0,0,0,0 8/3/2018 15:50:7
0,0,0,0,0,0 8/3/2018 15:50:7
0,0,0,0,0,0 8/3/2018 15:50:7
0,0,0,0,0,0 8/3/2018 15:50:7
0,0,0,0,0,0 8/3/2018 15:50:7
0,0,0,0,0,0 8/3/2018 15:50:7
0,0,0,0,0,0 8/3/2018 15:50:7
0,0,0,0,0,0 8/3/2018 15:50:7
0,0,0,0,0,0 8/3/2018 15:50:7
0,0,0,0,0,0 8/3/2018 15:50:7
0,0,0,0,0,0 8/3/2018 15:50:7
0,0,0,0,0,0 8/3/2018 15:50:8
0,0,0,0,0,0 8/3/2018 15:50:8
0,0,0,0,0,0 8/3/2018 15:50:8
0,0,0,0,0,0 8/3/2018 15:50:8
0,0,0,0,0,0 8/3/2018 15:50:8
0,0,0,0,0,0 8/3/2018 15:50:8
0,0,0,0,0,0 8/3/2018 15:50:8
0,0,0,0,0,0 8/3/2018 15:50:8
0,0,0,0,0,0 8/3/2018 15:50:8
0,0,0,0,0,0 8/3/2018 15:50:8
0,0,0,28,0,0 8/3/2018 15:50:8
0,0,0,0,0,0 8/3/2018 15:50:8
0,0,0,0,0,0 8/3/2018 15:50:8
0,0,0,0,0,0 8/3/2018 15:50:8
0,0,0,0,0,0 8/3/2018 15:50:8
0,0,0,0,0,0 8/3/2018 15:50:8
0,0,0,0,0,0 8/3/2018 15:50:8
0,0,0,0,0,0 8/3/2018 15:50:8
0,0,0,0,0,0 8/3/2018 15:50:8
0,0,0,0,0,0 8/3/2018 15:50:8
0,0,0,0,0,0 8/3/2018 15:50:8
0,0,0,142,0,0 8/3/2018 15:50:8
0,0,0,0,0,0 8/3/2018 15:50:8
0,0,0,0,0,0 8/3/2018 15:50:9
0,0,0,0,0,0 8/3/2018 15:50:9
0,0,0,0,0,0 8/3/2018 15:50:9
0,0,0,0,0,0 8/3/2018 15:50:9
0,0,0,0,0,0 8/3/2018 15:50:9
0,0,0,0,0,0 8/3/2018 15:50:9
0,0,0,0,0,0 8/3/2018 15:50:9
0,0,0,0,0,0 8/3/2018 15:50:9
0,0,0,0,0,0 8/3/2018 15:50:9
0,0,0,45,0,0 8/3/2018 15:50:9
0,0,0,0,0,0 8/3/2018 15:50:9
0,0,0,0,0,0 8/3/2018 15:50:9
0,0,0,0,0,0 8/3/2018 15:50:9
0,0,0,0,0,0 8/3/2018 15:50:9
0,0,0,0,0,0 8/3/2018 15:50:9
0,0,0,0,0,0 8/3/2018 15:50:9
0,0,0,0,0,0 8/3/2018 15:50:9
0,0,0,0,0,0 8/3/2018 15:50:9
0,0,0,0,0,0 8/3/2018 15:50:9
0,0,0,0,0,0 8/3/2018 15:50:9
0,0,0,0,0,0 8/3/2018 15:50:9
0,0,0,0,0,0 8/3/2018 15:50:9
0,0,0,0,0,0 8/3/2018 15:50:9
0,0,0,0,0,0 8/3/2018 15:50:10
0,0,0,0,0,0 8/3/2018 15:50:10
0,0,0,0,0,0 8/3/2018 15:50:10
0,0,0,0,0,0 8/3/2018 15:50:10
0,0,0,0,0,0 8/3/2018 15:50:10
0,0,0,0,0,0 8/3/2018 15:50:10
0,0,0,0,0,0 8/3/2018 15:50:10
0,0,0,0,0,0 8/3/2018 15:50:10
0,0,0,0,0,0 8/3/2018 15:50:10
0,0,0,0,0,0 8/3/2018 15:50:10
0,0,0,0,0,0 8/3/2018 15:50:10
0,0,0,0,0,0 8/3/2018 15:50:10
0,0,0,0,0,0 8/3/2018 15:50:10
0,0,0,0,0,0 8/3/2018 15:50:10
0,0,0,0,0,0 8/3/2018 15:50:10
0,0,0,0,0,0 8/3/2018 15:50:10
0,0,0,0,0,0 8/3/2018 15:50:10
0,0,0,0,0,0 8/3/2018 15:50:10
0,0,0,0,0,0 8/3/2018 15:50:10
0,0,0,0,0,0 8/3/2018 15:50:10
0,0,0,0,0,0 8/3/2018 15:50:10
0,0,0,0,0,0 8/3/2018 15:50:10
0,0,0,0,0,0 8/3/2018 15:50:11
0,0,0,0,0,0 8/3/2018 15:50:11
0,0,0,0,0,0 8/3/2018 15:50:11
0,0,0,0,0,0 8/3/2018 15:50:11
0,0,0,0,0,0 8/3/2018 15:50:11
0,0,0,0,0,0 8/3/2018 15:50:11
0,0,0,0,0,0 8/3/2018 15:50:11
0,0,0,0,0,0 8/3/2018 15:50:11
0,0,0,0,0,0 8/3/2018 15:50:11
0,0,0,0,0,0 8/3/2018 15:50:11
0,0,0,0,0,1 8/3/2018 15:50:11
0,0,0,0,0,0 8/3/2018 15:50:11
0,0,0,0,0,0 8/3/2018 15:50:11
0,0,0,52,0,0 8/3/2018 15:50:11
0,0,0,276,0,0 8/3/2018 15:50:11
0,0,0,576,0,0 8/3/2018 15:50:11
0,0,0,667,0,0 8/3/2018 15:50:11
0,0,0,666,0,0 8/3/2018 15:50:11
0,0,0,614,0,0 8/3/2018 15:50:11
0,0,0,511,0,0 8/3/2018 15:50:11
0,0,0,348,0,0 8/3/2018 15:50:11
0,0,0,133,0,0 8/3/2018 15:50:11
0,0,0,3,0,0 8/3/2018 15:50:11
0,0,0,0,0,0 8/3/2018 15:50:12
0,0,0,0,0,0 8/3/2018 15:50:12
0,0,0,0,0,0 8/3/2018 15:50:12
0,0,0,0,0,0 8/3/2018 15:50:12
0,0,0,0,0,0 8/3/2018 15:50:12
0,0,0,0,0,0 8/3/2018 15:50:12
0,0,0,0,0,0 8/3/2018 15:50:12
0,0,0,0,0,0 8/3/2018 15:50:12
0,0,0,0,0,0 8/3/2018 15:50:12
0,0,0,0,0,0 8/3/2018 15:50:12
0,0,0,0,0,0 8/3/2018 15:50:12
0,0,0,0,0,0 8/3/2018 15:50:12
0,0,0,0,0,0 8/3/2018 15:50:12
0,0,0,0,0,0 8/3/2018 15:50:12
0,0,0,0,0,0 8/3/2018 15:50:12
0,0,0,0,0,0 8/3/2018 15:50:12
0,0,0,0,0,0 8/3/2018 15:50:12
0,0,0,0,0,0 8/3/2018 15:50:12
0,0,0,0,0,0 8/3/2018 15:50:12
0,0,0,0,0,0 8/3/2018 15:50:12
0,0,0,0,0,0 8/3/2018 15:50:12
0,0,0,0,0,0 8/3/2018 15:50:12
0,0,0,0,0,0 8/3/2018 15:50:12
0,0,0,71,0,0 8/3/2018 15:50:13
0,0,0,82,0,0 8/3/2018 15:50:13
0,0,0,89,0,0 8/3/2018 15:50:13
0,0,0,104,0,0 8/3/2018 15:50:13
0,0,0,134,0,0 8/3/2018 15:50:13
0,0,0,148,0,0 8/3/2018 15:50:13
0,0,0,140,0,0 8/3/2018 15:50:13
0,0,0,84,0,0 8/3/2018 15:50:13
0,0,0,87,0,0 8/3/2018 15:50:13
0,0,0,0,0,0 8/3/2018 15:50:13
0,0,0,0,0,0 8/3/2018 15:50:13
0,0,0,0,0,0 8/3/2018 15:50:13
0,0,0,0,0,0 8/3/2018 15:50:13
0,0,0,0,0,0 8/3/2018 15:50:13
0,0,0,0,0,0 8/3/2018 15:50:13
0,0,0,0,0,0 8/3/2018 15:50:13
0,0,0,0,0,0 8/3/2018 15:50:13
0,0,0,0,0,0 8/3/2018 15:50:13
0,0,0,0,0,0 8/3/2018 15:50:13
0,0,0,0,0,0 8/3/2018 15:50:13
0,0,0,0,0,0 8/3/2018 15:50:13
0,0,0,0,0,0 8/3/2018 15:50:13
0,0,0,0,0,0 8/3/2018 15:50:14
0,0,2,0,0,0 8/3/2018 15:50:14
0,0,1,0,0,0 8/3/2018 15:50:14
0,0,0,0,0,0 8/3/2018 15:50:14
0,0,0,0,0,0 8/3/2018 15:50:14
0,0,0,0,0,0 8/3/2018 15:50:14
0,0,0,0,0,0 8/3/2018 15:50:14
0,0,0,0,0,0 8/3/2018 15:50:14
0,0,0,0,0,0 8/3/2018 15:50:14
0,0,0,0,0,0 8/3/2018 15:50:14
0,0,0,0,0,0 8/3/2018 15:50:14
0,0,0,0,0,0 8/3/2018 15:50:14
0,0,0,0,0,0 8/3/2018 15:50:14
0,0,0,0,0,0 8/3/2018 15:50:14
0,0,0,0,0,0 8/3/2018 15:50:14
0,0,0,0,0,0 8/3/2018 15:50:14
0,0,0,0,0,0 8/3/2018 15:50:14
0,0,0,0,0,0 8/3/2018 15:50:14
0,0,0,0,0,0 8/3/2018 15:50:14
0,0,0,0,0,0 8/3/2018 15:50:14
0,0,0,0,0,0 8/3/2018 15:50:14
0,0,0,0,0,0 8/3/2018 15:50:14
0,0,0,0,0,0 8/3/2018 15:50:14
0,0,0,0,0,0 8/3/2018 15:50:15
0,0,0,0,0,0 8/3/2018 15:50:15
0,0,0,0,0,0 8/3/2018 15:50:15
0,0,0,0,0,0 8/3/2018 15:50:15
0,0,0,0,0,0 8/3/2018 15:50:15
0,0,0,0,0,0 8/3/2018 15:50:15
0,0,0,0,0,0 8/3/2018 15:50:15
0,0,0,0,0,0 8/3/2018 15:50:15
0,0,0,0,0,0 8/3/2018 15:50:15
0,0,0,0,0,0 8/3/2018 15:50:15
0,0,0,0,0,0 8/3/2018 15:50:15
0,0,0,0,0,0 8/3/2018 15:50:15
0,0,0,0,0,0 8/3/2018 15:50:15
0,0,0,0,0,0 8/3/2018 15:50:15
0,0,0,0,0,0 8/3/2018 15:50:15
0,0,0,0,0,0 8/3/2018 15:50:15
0,0,0,0,0,0 8/3/2018 15:50:15
0,0,0,0,0,0 8/3/2018 15:50:15
0,0,0,0,0,0 8/3/2018 15:50:15
0,0,0,0,0,0 8/3/2018 15:50:15
0,0,0,0,0,0 8/3/2018 15:50:15
0,0,0,0,0,0 8/3/2018 15:50:15
0,0,0,0,0,0 8/3/2018 15:50:15
0,0,0,0,0,0 8/3/2018 15:50:16
0,0,0,0,0,0 8/3/2018 15:50:16
0,0,0,0,0,0 8/3/2018 15:50:16
0,0,0,0,0,0 8/3/2018 15:50:16
0,0,0,0,0,0 8/3/2018 15:50:16
0,0,0,0,0,0 8/3/2018 15:50:16
0,0,0,0,0,0 8/3/2018 15:50:16
0,0,0,0,0,0 8/3/2018 15:50:16
0,0,0,0,0,0 8/3/2018 15:50:16
0,0,0,0,0,0 8/3/2018 15:50:16
0,0,0,0,0,0 8/3/2018 15:50:16
0,0,0,0,0,0 8/3/2018 15:50:16
0,0,0,0,0,0 8/3/2018 15:50:16
0,0,0,0,0,0 8/3/2018 15:50:16
0,0,0,0,0,0 8/3/2018 15:50:16
0,0,0,0,0,0 8/3/2018 15:50:16
0,0,0,0,0,0 8/3/2018 15:50:16
0,0,0,0,0,0 8/3/2018 15:50:16
0,0,0,0,0,0 8/3/2018 15:50:16
0,0,0,0,0,0 8/3/2018 15:50:16
0,0,0,0,0,0 8/3/2018 15:50:16
0,0,0,0,0,0 8/3/2018 15:50:16
0,0,0,0,0,0 8/3/2018 15:50:16
0,0,0,0,0,0 8/3/2018 15:50:17
0,0,0,0,0,0 8/3/2018 15:50:17
0,0,0,0,0,0 8/3/2018 15:50:17
0,0,0,0,0,0 8/3/2018 15:50:17
0,0,0,0,0,0 8/3/2018 15:50:17
0,0,0,0,0,0 8/3/2018 15:50:17
