0,0,0,0,0,0 8/3/2018 15:51:14
0,0,0,0,0,0 8/3/2018 15:51:14
0,0,0,0,0,0 8/3/2018 15:51:14
0,0,0,0,0,0 8/3/2018 15:51:14
0,0,0,0,0,0 8/3/2018 15:51:14
0,0,0,0,0,0 8/3/2018 15:51:14
0,0,0,0,0,0 8/3/2018 15:51:14
0,0,0,0,0,0 8/3/2018 15:51:14
0,0,0,0,0,0 8/3/2018 15:51:14
0,0,0,0,0,0 8/3/2018 15:51:14
0,0,0,0,0,0 8/3/2018 15:51:14
0,0,0,0,0,0 8/3/2018 15:51:14
0,0,0,0,0,0 8/3/2018 15:51:14
0,0,0,0,0,0 8/3/2018 15:51:14
0,0,0,0,0,0 8/3/2018 15:51:14
0,0,0,0,0,0 8/3/2018 15:51:14
0,0,0,0,0,0 8/3/2018 15:51:14
0,0,0,0,0,0 8/3/2018 15:51:15
0,0,0,0,0,0 8/3/2018 15:51:15
0,0,0,0,0,0 8/3/2018 15:51:15
0,0,0,0,0,0 8/3/2018 15:51:15
0,0,0,0,0,0 8/3/2018 15:51:15
0,0,0,0,0,0 8/3/2018 15:51:15
0,0,0,0,0,0 8/3/2018 15:51:15
0,0,0,0,0,0 8/3/2018 15:51:15
0,0,0,0,0,0 8/3/2018 15:51:15
0,0,0,0,0,0 8/3/2018 15:51:15
0,0,0,0,0,0 8/3/2018 15:51:15
0,0,0,40,0,0 8/3/2018 15:51:15
0,0,0,400,0,0 8/3/2018 15:51:15
0,0,0,484,0,0 8/3/2018 15:51:15
0,0,0,509,0,0 8/3/2018 15:51:15
0,0,0,534,0,0 8/3/2018 15:51:15
0,0,0,553,0,0 8/3/2018 15:51:15
0,0,0,577,0,0 8/3/2018 15:51:15
0,0,0,585,0,0 8/3/2018 15:51:15
0,0,0,602,0,0 8/3/2018 15:51:15
0,0,0,618,0,0 8/3/2018 15:51:15
0,0,0,626,0,0 8/3/2018 15:51:15
0,0,0,641,0,0 8/3/2018 15:51:15
0,0,0,633,0,0 8/3/2018 15:51:16
0,0,0,644,0,0 8/3/2018 15:51:16
0,0,0,638,0,0 8/3/2018 15:51:16
0,0,0,647,0,0 8/3/2018 15:51:16
0,0,0,642,0,0 8/3/2018 15:51:16
0,0,0,634,0,0 8/3/2018 15:51:16
0,0,0,638,0,0 8/3/2018 15:51:16
0,0,0,636,0,0 8/3/2018 15:51:16
0,0,0,639,0,0 8/3/2018 15:51:16
0,0,0,643,0,0 8/3/2018 15:51:16
0,0,0,642,0,0 8/3/2018 15:51:16
0,0,0,641,0,0 8/3/2018 15:51:16
0,0,0,642,0,0 8/3/2018 15:51:16
0,0,0,641,0,0 8/3/2018 15:51:16
0,0,0,639,0,0 8/3/2018 15:51:16
0,0,0,639,0,0 8/3/2018 15:51:16
0,0,0,641,0,0 8/3/2018 15:51:16
0,0,0,640,0,0 8/3/2018 15:51:16
0,0,0,635,0,0 8/3/2018 15:51:16
0,0,0,635,0,0 8/3/2018 15:51:16
0,0,0,641,0,0 8/3/2018 15:51:16
0,0,0,642,0,0 8/3/2018 15:51:16
0,0,0,642,0,0 8/3/2018 15:51:16
0,0,0,639,0,0 8/3/2018 15:51:17
0,0,0,631,0,0 8/3/2018 15:51:17
0,0,0,633,0,0 8/3/2018 15:51:17
0,0,0,628,0,0 8/3/2018 15:51:17
0,0,0,627,0,0 8/3/2018 15:51:17
0,0,0,629,0,0 8/3/2018 15:51:17
0,0,0,623,0,0 8/3/2018 15:51:17
0,0,0,624,0,0 8/3/2018 15:51:17
0,0,0,620,0,0 8/3/2018 15:51:17
0,0,0,617,0,0 8/3/2018 15:51:17
0,0,0,617,0,0 8/3/2018 15:51:17
0,0,0,613,0,0 8/3/2018 15:51:17
0,0,0,628,0,0 8/3/2018 15:51:17
0,0,0,626,0,0 8/3/2018 15:51:17
0,0,0,620,0,0 8/3/2018 15:51:17
0,0,0,617,0,0 8/3/2018 15:51:17
0,0,0,576,0,0 8/3/2018 15:51:17
0,0,0,560,0,0 8/3/2018 15:51:17
0,0,0,564,0,0 8/3/2018 15:51:17
0,0,0,574,0,0 8/3/2018 15:51:17
0,0,0,587,0,0 8/3/2018 15:51:17
0,0,0,589,0,0 8/3/2018 15:51:17
0,0,0,590,0,0 8/3/2018 15:51:18
0,0,0,591,0,0 8/3/2018 15:51:18
0,0,0,598,0,0 8/3/2018 15:51:18
0,0,0,601,0,0 8/3/2018 15:51:18
0,0,0,604,0,0 8/3/2018 15:51:18
0,0,0,607,0,0 8/3/2018 15:51:18
0,0,0,620,0,0 8/3/2018 15:51:18
0,0,0,625,0,0 8/3/2018 15:51:18
0,0,0,627,0,0 8/3/2018 15:51:18
0,0,0,627,0,0 8/3/2018 15:51:18
0,0,0,626,0,0 8/3/2018 15:51:18
0,0,0,623,0,0 8/3/2018 15:51:18
0,0,0,622,0,0 8/3/2018 15:51:18
0,0,0,623,1,0 8/3/2018 15:51:18
0,0,0,620,0,0 8/3/2018 15:51:18
0,0,0,617,0,0 8/3/2018 15:51:18
0,0,0,607,0,0 8/3/2018 15:51:18
0,0,0,602,0,0 8/3/2018 15:51:18
0,0,0,598,0,0 8/3/2018 15:51:18
0,0,0,594,2,0 8/3/2018 15:51:18
0,0,0,596,0,0 8/3/2018 15:51:18
0,0,0,598,0,0 8/3/2018 15:51:18
0,0,0,593,0,0 8/3/2018 15:51:18
0,0,0,590,0,0 8/3/2018 15:51:19
0,0,0,567,0,0 8/3/2018 15:51:19
0,0,0,572,0,0 8/3/2018 15:51:19
0,0,0,576,0,0 8/3/2018 15:51:19
0,0,0,592,0,0 8/3/2018 15:51:19
0,0,0,590,0,0 8/3/2018 15:51:19
0,0,0,586,0,0 8/3/2018 15:51:19
0,0,0,586,0,0 8/3/2018 15:51:19
0,0,0,593,0,0 8/3/2018 15:51:19
0,0,0,601,0,0 8/3/2018 15:51:19
0,0,0,613,0,0 8/3/2018 15:51:19
0,0,0,606,0,0 8/3/2018 15:51:19
0,0,0,607,0,0 8/3/2018 15:51:19
0,0,0,613,0,0 8/3/2018 15:51:19
0,0,0,606,0,0 8/3/2018 15:51:19
0,0,0,602,0,0 8/3/2018 15:51:19
0,0,0,596,0,0 8/3/2018 15:51:19
0,0,0,592,0,0 8/3/2018 15:51:19
0,0,0,587,0,0 8/3/2018 15:51:19
0,0,0,566,0,0 8/3/2018 15:51:19
0,0,0,559,0,0 8/3/2018 15:51:19
0,0,0,540,0,0 8/3/2018 15:51:19
0,0,0,519,0,0 8/3/2018 15:51:19
0,0,0,499,0,0 8/3/2018 15:51:20
0,0,0,499,0,0 8/3/2018 15:51:20
0,0,0,503,0,0 8/3/2018 15:51:20
0,0,0,507,0,0 8/3/2018 15:51:20
0,0,0,503,0,0 8/3/2018 15:51:20
0,0,0,506,0,0 8/3/2018 15:51:20
0,0,0,505,0,0 8/3/2018 15:51:20
0,0,0,497,0,0 8/3/2018 15:51:20
0,0,0,468,0,0 8/3/2018 15:51:20
0,0,0,465,0,0 8/3/2018 15:51:20
0,0,0,442,0,0 8/3/2018 15:51:20
0,0,0,415,0,0 8/3/2018 15:51:20
0,0,0,428,0,0 8/3/2018 15:51:20
0,0,0,429,0,0 8/3/2018 15:51:20
0,0,0,398,0,0 8/3/2018 15:51:20
0,0,0,454,0,0 8/3/2018 15:51:20
0,0,0,439,0,0 8/3/2018 15:51:20
0,0,0,430,0,0 8/3/2018 15:51:20
0,0,0,406,0,0 8/3/2018 15:51:20
0,0,0,354,0,0 8/3/2018 15:51:20
0,0,0,302,0,0 8/3/2018 15:51:20
0,0,0,278,0,0 8/3/2018 15:51:20
0,0,0,243,0,0 8/3/2018 15:51:20
0,0,0,160,0,0 8/3/2018 15:51:21
0,0,0,184,0,0 8/3/2018 15:51:21
0,0,0,249,0,0 8/3/2018 15:51:21
0,0,0,335,0,0 8/3/2018 15:51:21
0,0,0,411,0,0 8/3/2018 15:51:21
0,0,0,461,0,0 8/3/2018 15:51:21
0,0,0,476,0,0 8/3/2018 15:51:21
0,0,0,497,0,0 8/3/2018 15:51:21
0,0,0,481,0,0 8/3/2018 15:51:21
0,0,0,513,0,0 8/3/2018 15:51:21
0,0,0,521,0,0 8/3/2018 15:51:21
0,0,0,519,0,0 8/3/2018 15:51:21
0,0,0,497,0,0 8/3/2018 15:51:21
0,0,0,483,0,0 8/3/2018 15:51:21
0,0,0,502,0,0 8/3/2018 15:51:21
0,0,0,508,0,0 8/3/2018 15:51:21
0,0,0,505,0,0 8/3/2018 15:51:21
0,0,0,510,0,0 8/3/2018 15:51:21
0,0,0,508,0,0 8/3/2018 15:51:21
0,0,0,508,0,0 8/3/2018 15:51:21
0,0,0,496,0,0 8/3/2018 15:51:21
0,0,0,468,0,0 8/3/2018 15:51:21
0,0,0,475,0,0 8/3/2018 15:51:22
0,0,0,451,0,0 8/3/2018 15:51:22
0,0,0,427,0,0 8/3/2018 15:51:22
0,0,0,389,0,0 8/3/2018 15:51:22
0,0,0,283,0,0 8/3/2018 15:51:22
0,0,0,112,0,0 8/3/2018 15:51:22
0,0,0,1,0,0 8/3/2018 15:51:22
0,0,0,0,0,0 8/3/2018 15:51:22
0,0,0,0,0,0 8/3/2018 15:51:22
0,0,0,0,0,0 8/3/2018 15:51:22
0,0,0,0,0,0 8/3/2018 15:51:22
0,0,0,0,0,0 8/3/2018 15:51:22
0,0,0,0,0,0 8/3/2018 15:51:22
0,0,0,0,0,0 8/3/2018 15:51:22
0,0,0,0,0,0 8/3/2018 15:51:22
0,0,0,0,0,0 8/3/2018 15:51:22
0,0,0,0,0,0 8/3/2018 15:51:22
0,0,0,41,0,0 8/3/2018 15:51:22
0,0,0,167,0,0 8/3/2018 15:51:22
0,0,0,289,0,0 8/3/2018 15:51:22
0,0,0,376,0,0 8/3/2018 15:51:22
0,0,0,421,0,0 8/3/2018 15:51:22
0,0,0,450,0,0 8/3/2018 15:51:22
0,0,0,501,0,0 8/3/2018 15:51:23
0,0,0,551,0,0 8/3/2018 15:51:23
0,0,0,555,0,0 8/3/2018 15:51:23
0,0,0,549,0,0 8/3/2018 15:51:23
0,0,0,535,0,0 8/3/2018 15:51:23
0,0,0,524,0,0 8/3/2018 15:51:23
0,0,0,501,0,0 8/3/2018 15:51:23
0,0,0,490,0,0 8/3/2018 15:51:23
0,0,0,478,0,0 8/3/2018 15:51:23
0,0,0,479,0,0 8/3/2018 15:51:23
0,0,0,473,0,0 8/3/2018 15:51:23
0,0,0,466,0,0 8/3/2018 15:51:23
0,0,0,463,0,0 8/3/2018 15:51:23
0,0,0,464,0,0 8/3/2018 15:51:23
0,0,0,454,0,0 8/3/2018 15:51:23
0,0,0,461,0,0 8/3/2018 15:51:23
0,0,0,440,0,0 8/3/2018 15:51:23
0,0,0,426,0,0 8/3/2018 15:51:23
0,0,0,389,0,0 8/3/2018 15:51:23
0,0,0,373,0,0 8/3/2018 15:51:23
0,0,0,364,0,0 8/3/2018 15:51:23
0,0,0,331,0,0 8/3/2018 15:51:23
0,0,0,296,0,0 8/3/2018 15:51:23
0,0,0,294,0,0 8/3/2018 15:51:24
0,0,0,315,0,0 8/3/2018 15:51:24
0,0,0,319,0,0 8/3/2018 15:51:24
0,0,0,342,0,0 8/3/2018 15:51:24
0,0,0,386,0,0 8/3/2018 15:51:24
0,0,0,390,0,0 8/3/2018 15:51:24
0,0,0,357,0,0 8/3/2018 15:51:24
0,0,0,288,0,0 8/3/2018 15:51:24
0,0,0,280,0,0 8/3/2018 15:51:24
0,0,0,240,0,0 8/3/2018 15:51:24
0,0,0,201,0,0 8/3/2018 15:51:24
0,0,0,200,0,0 8/3/2018 15:51:24
0,0,0,205,0,0 8/3/2018 15:51:24
0,0,0,173,0,0 8/3/2018 15:51:24
0,0,0,183,0,0 8/3/2018 15:51:24
0,0,0,177,0,0 8/3/2018 15:51:24
0,0,0,216,0,0 8/3/2018 15:51:24
0,0,0,281,0,0 8/3/2018 15:51:24
0,0,0,352,0,0 8/3/2018 15:51:24
0,0,0,407,0,0 8/3/2018 15:51:24
0,0,0,459,0,0 8/3/2018 15:51:24
0,0,0,504,0,0 8/3/2018 15:51:24
0,0,6,548,0,0 8/3/2018 15:51:25
0,0,8,572,0,0 8/3/2018 15:51:25
0,0,10,579,0,0 8/3/2018 15:51:25
0,0,10,597,0,0 8/3/2018 15:51:25
0,0,15,597,0,0 8/3/2018 15:51:25
0,0,10,613,0,0 8/3/2018 15:51:25
0,0,9,617,0,0 8/3/2018 15:51:25
0,0,6,629,0,0 8/3/2018 15:51:25
0,0,5,638,0,0 8/3/2018 15:51:25
0,0,0,640,0,0 8/3/2018 15:51:25
0,0,4,641,0,0 8/3/2018 15:51:25
0,0,0,639,0,0 8/3/2018 15:51:25
0,0,1,640,0,0 8/3/2018 15:51:25
0,0,0,638,0,0 8/3/2018 15:51:25
0,0,0,642,0,0 8/3/2018 15:51:25
0,0,2,649,0,0 8/3/2018 15:51:25
0,0,1,649,0,0 8/3/2018 15:51:25
0,0,0,640,0,0 8/3/2018 15:51:25
0,0,0,638,0,0 8/3/2018 15:51:25
0,0,0,614,0,0 8/3/2018 15:51:25
0,0,0,596,0,0 8/3/2018 15:51:25
0,0,0,571,0,0 8/3/2018 15:51:25
0,0,0,547,0,0 8/3/2018 15:51:25
0,1,0,525,0,0 8/3/2018 15:51:26
0,0,0,491,0,0 8/3/2018 15:51:26
0,0,0,419,0,0 8/3/2018 15:51:26
0,0,0,372,0,0 8/3/2018 15:51:26
0,0,0,290,0,0 8/3/2018 15:51:26
0,0,0,246,0,0 8/3/2018 15:51:26
0,0,0,200,0,0 8/3/2018 15:51:26
0,0,0,225,0,0 8/3/2018 15:51:26
0,0,0,159,0,0 8/3/2018 15:51:26
0,0,0,103,0,0 8/3/2018 15:51:26
0,0,0,95,0,0 8/3/2018 15:51:26
0,0,0,72,0,0 8/3/2018 15:51:26
0,0,0,59,0,0 8/3/2018 15:51:26
0,0,0,78,0,0 8/3/2018 15:51:26
0,0,0,119,0,0 8/3/2018 15:51:26
0,0,0,151,0,0 8/3/2018 15:51:26
0,0,0,158,0,0 8/3/2018 15:51:26
0,0,0,196,0,0 8/3/2018 15:51:26
0,0,0,275,0,0 8/3/2018 15:51:26
0,0,0,315,0,0 8/3/2018 15:51:26
0,0,0,353,0,0 8/3/2018 15:51:26
0,0,0,352,0,0 8/3/2018 15:51:26
0,0,0,369,0,0 8/3/2018 15:51:26
0,0,0,365,0,0 8/3/2018 15:51:27
0,0,0,370,0,0 8/3/2018 15:51:27
0,0,0,335,0,0 8/3/2018 15:51:27
0,0,0,332,0,0 8/3/2018 15:51:27
0,0,0,334,0,0 8/3/2018 15:51:27
0,0,0,341,0,0 8/3/2018 15:51:27
0,0,0,356,0,0 8/3/2018 15:51:27
0,0,0,360,0,0 8/3/2018 15:51:27
0,0,0,360,0,0 8/3/2018 15:51:27
0,0,0,362,0,0 8/3/2018 15:51:27
0,0,0,362,0,0 8/3/2018 15:51:27
0,0,0,385,0,0 8/3/2018 15:51:27
0,0,0,410,0,0 8/3/2018 15:51:27
0,0,0,411,0,0 8/3/2018 15:51:27
0,0,0,412,0,0 8/3/2018 15:51:27
0,0,0,435,0,0 8/3/2018 15:51:27
0,0,0,462,0,0 8/3/2018 15:51:27
0,0,0,442,0,0 8/3/2018 15:51:27
0,0,0,457,0,0 8/3/2018 15:51:27
0,0,0,451,0,0 8/3/2018 15:51:27
0,0,0,422,0,0 8/3/2018 15:51:27
0,0,0,414,0,0 8/3/2018 15:51:27
