0,0,0,0,0,0 8/3/2018 15:53:34
0,0,0,0,0,0 8/3/2018 15:53:34
0,0,0,0,0,0 8/3/2018 15:53:34
0,0,0,0,0,0 8/3/2018 15:53:34
0,0,0,0,0,0 8/3/2018 15:53:34
0,0,0,0,0,0 8/3/2018 15:53:34
0,0,0,0,0,0 8/3/2018 15:53:35
0,0,0,0,0,0 8/3/2018 15:53:35
0,0,0,0,0,0 8/3/2018 15:53:35
0,0,0,0,0,0 8/3/2018 15:53:35
0,0,0,0,0,0 8/3/2018 15:53:35
0,0,0,0,0,0 8/3/2018 15:53:35
0,0,0,0,0,0 8/3/2018 15:53:35
0,0,0,0,0,0 8/3/2018 15:53:35
0,0,0,0,0,0 8/3/2018 15:53:35
0,0,0,0,0,0 8/3/2018 15:53:35
0,0,0,0,0,0 8/3/2018 15:53:35
0,0,0,0,0,0 8/3/2018 15:53:35
0,0,0,0,0,0 8/3/2018 15:53:35
0,0,0,0,0,0 8/3/2018 15:53:35
0,0,0,0,0,0 8/3/2018 15:53:35
0,0,0,0,0,0 8/3/2018 15:53:35
0,0,0,0,0,0 8/3/2018 15:53:35
0,0,0,0,0,0 8/3/2018 15:53:35
0,0,0,0,0,0 8/3/2018 15:53:35
0,0,0,0,0,0 8/3/2018 15:53:35
0,0,0,0,0,0 8/3/2018 15:53:35
0,0,0,0,0,0 8/3/2018 15:53:35
0,0,0,0,0,0 8/3/2018 15:53:36
0,0,0,0,0,0 8/3/2018 15:53:36
0,0,0,27,0,0 8/3/2018 15:53:36
0,0,0,78,0,0 8/3/2018 15:53:36
0,0,5,119,0,0 8/3/2018 15:53:36
0,0,6,199,0,0 8/3/2018 15:53:36
0,0,7,270,0,0 8/3/2018 15:53:36
0,0,0,377,0,0 8/3/2018 15:53:36
0,0,3,348,0,0 8/3/2018 15:53:36
0,0,1,357,0,0 8/3/2018 15:53:36
0,0,4,380,0,0 8/3/2018 15:53:36
0,0,0,394,0,0 8/3/2018 15:53:36
0,0,2,400,0,0 8/3/2018 15:53:36
0,0,22,394,0,0 8/3/2018 15:53:36
0,0,22,391,0,0 8/3/2018 15:53:36
0,0,2,388,0,0 8/3/2018 15:53:36
0,0,23,384,0,0 8/3/2018 15:53:36
0,0,26,381,0,0 8/3/2018 15:53:36
0,0,25,384,0,0 8/3/2018 15:53:36
0,0,25,384,0,0 8/3/2018 15:53:36
0,0,25,373,0,0 8/3/2018 15:53:36
0,0,0,315,0,0 8/3/2018 15:53:36
0,0,0,44,0,0 8/3/2018 15:53:36
0,0,0,0,0,0 8/3/2018 15:53:37
0,0,0,0,0,0 8/3/2018 15:53:37
0,0,0,0,0,0 8/3/2018 15:53:37
0,0,0,0,0,0 8/3/2018 15:53:37
0,0,0,0,0,0 8/3/2018 15:53:37
0,0,0,0,0,0 8/3/2018 15:53:37
0,0,0,0,0,0 8/3/2018 15:53:37
0,0,0,0,0,0 8/3/2018 15:53:37
0,0,0,0,0,0 8/3/2018 15:53:37
0,0,0,0,0,0 8/3/2018 15:53:37
0,0,0,0,0,0 8/3/2018 15:53:37
0,0,0,0,0,0 8/3/2018 15:53:37
0,0,0,0,0,0 8/3/2018 15:53:37
0,0,0,0,0,0 8/3/2018 15:53:37
0,0,0,0,0,0 8/3/2018 15:53:37
0,0,0,0,0,0 8/3/2018 15:53:37
0,0,0,0,0,0 8/3/2018 15:53:37
0,0,0,0,0,0 8/3/2018 15:53:37
0,0,0,0,0,0 8/3/2018 15:53:37
0,0,0,0,0,0 8/3/2018 15:53:37
0,0,0,0,1,0 8/3/2018 15:53:37
0,0,0,0,0,0 8/3/2018 15:53:37
0,0,0,29,0,0 8/3/2018 15:53:37
0,0,0,52,0,0 8/3/2018 15:53:38
0,0,0,48,0,0 8/3/2018 15:53:38
0,0,0,51,0,0 8/3/2018 15:53:38
0,0,7,55,0,0 8/3/2018 15:53:38
0,0,9,67,0,0 8/3/2018 15:53:38
0,0,10,74,0,0 8/3/2018 15:53:38
0,0,10,96,0,0 8/3/2018 15:53:38
0,0,8,105,0,0 8/3/2018 15:53:38
0,0,6,108,0,0 8/3/2018 15:53:38
0,0,5,97,0,0 8/3/2018 15:53:38
0,0,0,58,0,0 8/3/2018 15:53:38
0,0,0,0,0,0 8/3/2018 15:53:38
0,0,0,0,0,0 8/3/2018 15:53:38
0,0,0,0,0,0 8/3/2018 15:53:38
0,0,0,0,0,0 8/3/2018 15:53:38
0,0,0,0,0,0 8/3/2018 15:53:38
0,0,0,0,0,0 8/3/2018 15:53:38
0,0,0,0,0,0 8/3/2018 15:53:38
0,0,0,0,0,0 8/3/2018 15:53:38
0,0,0,0,0,0 8/3/2018 15:53:38
0,0,0,0,0,0 8/3/2018 15:53:38
0,0,0,0,0,0 8/3/2018 15:53:38
0,0,0,0,0,0 8/3/2018 15:53:38
0,0,0,0,0,0 8/3/2018 15:53:39
0,0,0,0,0,0 8/3/2018 15:53:39
0,0,0,0,0,0 8/3/2018 15:53:39
0,0,0,46,0,0 8/3/2018 15:53:39
0,0,0,147,0,0 8/3/2018 15:53:39
0,0,0,307,0,0 8/3/2018 15:53:39
0,0,1,444,0,0 8/3/2018 15:53:39
0,0,0,497,0,0 8/3/2018 15:53:39
0,0,0,534,0,0 8/3/2018 15:53:39
0,0,0,561,0,0 8/3/2018 15:53:39
0,0,0,569,0,0 8/3/2018 15:53:39
0,0,0,569,0,0 8/3/2018 15:53:39
0,0,0,573,0,0 8/3/2018 15:53:39
0,0,0,561,0,0 8/3/2018 15:53:39
0,0,0,543,0,0 8/3/2018 15:53:39
0,0,0,496,0,0 8/3/2018 15:53:39
0,0,0,348,0,0 8/3/2018 15:53:39
0,0,0,162,0,0 8/3/2018 15:53:39
0,0,0,45,0,0 8/3/2018 15:53:39
0,0,0,0,0,0 8/3/2018 15:53:39
0,0,0,0,0,0 8/3/2018 15:53:39
0,0,0,0,0,0 8/3/2018 15:53:39
0,0,0,0,0,0 8/3/2018 15:53:40
0,0,0,0,0,0 8/3/2018 15:53:40
0,0,0,0,0,0 8/3/2018 15:53:40
0,0,0,0,0,0 8/3/2018 15:53:40
0,0,0,0,0,0 8/3/2018 15:53:40
0,0,0,0,0,0 8/3/2018 15:53:40
0,0,0,0,0,0 8/3/2018 15:53:40
0,0,0,0,0,0 8/3/2018 15:53:40
0,0,0,0,0,0 8/3/2018 15:53:40
0,0,0,0,0,0 8/3/2018 15:53:40
0,0,0,0,0,0 8/3/2018 15:53:40
0,0,0,0,0,0 8/3/2018 15:53:40
0,0,0,0,0,0 8/3/2018 15:53:40
0,0,0,0,0,0 8/3/2018 15:53:40
0,0,0,26,0,0 8/3/2018 15:53:40
0,0,0,66,0,0 8/3/2018 15:53:40
0,0,0,86,0,0 8/3/2018 15:53:40
0,0,0,87,0,0 8/3/2018 15:53:40
0,0,0,92,0,0 8/3/2018 15:53:40
0,0,0,92,0,0 8/3/2018 15:53:40
0,0,0,82,0,0 8/3/2018 15:53:40
0,0,0,69,0,0 8/3/2018 15:53:40
0,0,0,62,0,0 8/3/2018 15:53:40
0,0,0,53,0,0 8/3/2018 15:53:41
0,0,0,41,0,0 8/3/2018 15:53:41
0,0,0,0,0,0 8/3/2018 15:53:41
0,0,0,0,0,0 8/3/2018 15:53:41
0,0,0,0,0,0 8/3/2018 15:53:41
0,0,0,0,0,0 8/3/2018 15:53:41
0,0,0,0,0,0 8/3/2018 15:53:41
0,0,0,0,0,0 8/3/2018 15:53:41
0,0,0,0,0,0 8/3/2018 15:53:41
0,0,0,0,0,0 8/3/2018 15:53:41
0,0,0,0,0,0 8/3/2018 15:53:41
0,0,0,0,0,0 8/3/2018 15:53:41
0,0,0,0,0,0 8/3/2018 15:53:41
0,0,0,0,0,0 8/3/2018 15:53:41
0,0,0,0,0,0 8/3/2018 15:53:41
0,0,0,0,0,0 8/3/2018 15:53:41
0,0,0,0,0,0 8/3/2018 15:53:41
0,0,0,0,0,0 8/3/2018 15:53:41
0,0,0,0,0,0 8/3/2018 15:53:41
0,0,0,0,0,0 8/3/2018 15:53:41
0,0,0,0,0,0 8/3/2018 15:53:41
0,0,0,0,0,0 8/3/2018 15:53:41
0,0,0,0,0,0 8/3/2018 15:53:41
0,0,0,0,0,0 8/3/2018 15:53:42
0,0,0,0,0,0 8/3/2018 15:53:42
0,0,0,0,0,0 8/3/2018 15:53:42
0,0,0,301,0,0 8/3/2018 15:53:42
0,0,0,536,0,0 8/3/2018 15:53:42
0,0,0,645,0,0 8/3/2018 15:53:42
0,0,0,685,0,0 8/3/2018 15:53:42
0,0,0,709,0,0 8/3/2018 15:53:42
0,0,0,725,0,0 8/3/2018 15:53:42
0,0,0,737,0,0 8/3/2018 15:53:42
0,0,0,742,0,0 8/3/2018 15:53:42
0,0,0,744,0,0 8/3/2018 15:53:42
0,0,0,744,0,0 8/3/2018 15:53:42
0,0,0,746,0,0 8/3/2018 15:53:42
0,0,0,753,0,0 8/3/2018 15:53:42
0,0,0,755,0,0 8/3/2018 15:53:42
0,0,0,751,0,0 8/3/2018 15:53:42
0,0,0,716,0,0 8/3/2018 15:53:42
0,0,0,632,0,0 8/3/2018 15:53:42
0,0,0,444,0,0 8/3/2018 15:53:42
0,0,0,251,0,0 8/3/2018 15:53:42
0,0,0,59,0,0 8/3/2018 15:53:42
0,0,0,2,0,0 8/3/2018 15:53:43
0,0,0,0,0,0 8/3/2018 15:53:43
0,0,0,0,0,0 8/3/2018 15:53:43
0,0,0,0,0,0 8/3/2018 15:53:43
0,0,0,0,0,0 8/3/2018 15:53:43
0,0,0,0,0,0 8/3/2018 15:53:43
0,0,0,0,0,0 8/3/2018 15:53:43
0,0,0,0,0,0 8/3/2018 15:53:43
0,0,0,0,0,0 8/3/2018 15:53:43
0,0,0,0,0,0 8/3/2018 15:53:43
0,0,0,0,0,0 8/3/2018 15:53:43
0,0,0,0,0,0 8/3/2018 15:53:43
0,0,0,0,0,0 8/3/2018 15:53:43
0,0,0,0,0,0 8/3/2018 15:53:43
0,0,0,0,0,0 8/3/2018 15:53:43
0,0,0,0,0,0 8/3/2018 15:53:43
0,0,0,0,0,0 8/3/2018 15:53:43
0,0,0,0,0,0 8/3/2018 15:53:43
0,0,0,0,0,0 8/3/2018 15:53:43
0,0,0,0,0,0 8/3/2018 15:53:43
0,0,0,0,0,0 8/3/2018 15:53:43
0,0,0,0,0,0 8/3/2018 15:53:43
0,0,0,0,0,0 8/3/2018 15:53:43
0,0,0,0,0,0 8/3/2018 15:53:44
0,0,0,0,0,0 8/3/2018 15:53:44
0,0,0,0,0,0 8/3/2018 15:53:44
0,0,3,44,0,0 8/3/2018 15:53:44
0,0,8,47,0,0 8/3/2018 15:53:44
0,0,27,43,0,0 8/3/2018 15:53:44
0,0,36,47,0,0 8/3/2018 15:53:44
0,0,45,44,0,0 8/3/2018 15:53:44
0,0,43,42,0,0 8/3/2018 15:53:44
0,0,44,38,0,0 8/3/2018 15:53:44
0,0,43,24,0,0 8/3/2018 15:53:44
0,0,45,23,0,0 8/3/2018 15:53:44
0,0,41,0,0,0 8/3/2018 15:53:44
0,0,30,0,0,0 8/3/2018 15:53:44
0,0,2,0,0,0 8/3/2018 15:53:44
0,0,0,0,0,0 8/3/2018 15:53:44
0,0,0,0,0,0 8/3/2018 15:53:44
0,0,0,0,0,0 8/3/2018 15:53:44
0,0,0,0,0,0 8/3/2018 15:53:44
0,0,0,0,0,0 8/3/2018 15:53:44
0,0,0,0,0,0 8/3/2018 15:53:44
0,0,0,0,0,0 8/3/2018 15:53:44
0,0,0,0,0,0 8/3/2018 15:53:44
0,0,0,0,0,0 8/3/2018 15:53:45
0,0,0,0,0,0 8/3/2018 15:53:45
0,0,0,0,0,0 8/3/2018 15:53:45
0,0,0,0,0,0 8/3/2018 15:53:45
0,0,0,0,0,0 8/3/2018 15:53:45
0,0,0,0,0,0 8/3/2018 15:53:45
0,0,0,0,0,0 8/3/2018 15:53:45
0,0,0,0,0,0 8/3/2018 15:53:45
0,0,0,0,0,0 8/3/2018 15:53:45
0,0,0,0,0,0 8/3/2018 15:53:45
0,0,0,0,0,0 8/3/2018 15:53:45
0,0,0,0,0,0 8/3/2018 15:53:45
0,0,0,0,0,0 8/3/2018 15:53:45
0,0,0,0,0,0 8/3/2018 15:53:45
0,0,0,0,0,0 8/3/2018 15:53:45
0,0,0,0,0,0 8/3/2018 15:53:45
0,0,0,0,0,0 8/3/2018 15:53:45
0,0,0,0,0,0 8/3/2018 15:53:45
0,0,0,0,0,0 8/3/2018 15:53:45
0,0,0,0,0,0 8/3/2018 15:53:45
0,0,0,0,0,0 8/3/2018 15:53:45
0,0,0,0,0,0 8/3/2018 15:53:45
0,0,0,0,1,0 8/3/2018 15:53:45
0,0,0,0,0,0 8/3/2018 15:53:46
0,0,0,0,0,0 8/3/2018 15:53:46
0,0,0,0,0,0 8/3/2018 15:53:46
0,0,0,0,0,0 8/3/2018 15:53:46
0,0,0,0,0,0 8/3/2018 15:53:46
0,0,0,0,0,0 8/3/2018 15:53:46
0,0,0,0,0,0 8/3/2018 15:53:46
0,0,0,0,0,0 8/3/2018 15:53:46
0,0,0,0,0,0 8/3/2018 15:53:46
0,0,0,0,0,0 8/3/2018 15:53:46
0,0,0,0,0,0 8/3/2018 15:53:46
0,0,0,0,0,0 8/3/2018 15:53:46
0,0,0,0,0,0 8/3/2018 15:53:46
0,0,0,0,0,0 8/3/2018 15:53:46
0,0,0,0,0,0 8/3/2018 15:53:46
0,0,0,0,0,0 8/3/2018 15:53:46
0,0,0,0,0,0 8/3/2018 15:53:46
0,0,0,0,0,0 8/3/2018 15:53:46
0,0,0,0,0,0 8/3/2018 15:53:46
0,0,0,0,0,0 8/3/2018 15:53:46
0,0,0,0,0,0 8/3/2018 15:53:46
0,0,0,0,0,0 8/3/2018 15:53:46
0,0,0,0,0,0 8/3/2018 15:53:47
0,0,0,0,0,0 8/3/2018 15:53:47
0,0,0,0,0,0 8/3/2018 15:53:47
0,0,16,24,0,0 8/3/2018 15:53:47
0,0,14,36,0,0 8/3/2018 15:53:47
0,0,0,53,0,0 8/3/2018 15:53:47
0,0,0,71,0,0 8/3/2018 15:53:47
0,0,0,75,0,0 8/3/2018 15:53:47
0,0,19,52,0,0 8/3/2018 15:53:47
0,0,29,50,0,0 8/3/2018 15:53:47
0,0,0,47,0,0 8/3/2018 15:53:47
0,0,0,42,0,0 8/3/2018 15:53:47
0,0,0,41,0,0 8/3/2018 15:53:47
0,0,0,35,0,0 8/3/2018 15:53:47
0,0,0,23,0,0 8/3/2018 15:53:47
0,0,0,23,0,0 8/3/2018 15:53:47
0,0,0,26,0,0 8/3/2018 15:53:47
0,0,17,24,0,0 8/3/2018 15:53:47
0,0,20,28,0,0 8/3/2018 15:53:47
0,0,26,27,0,0 8/3/2018 15:53:47
0,0,32,28,0,0 8/3/2018 15:53:47
0,0,18,0,0,0 8/3/2018 15:53:47
0,0,7,0,0,0 8/3/2018 15:53:47
