0,0,0,0,0,0 8/3/2018 13:27:42
0,0,0,0,0,0 8/3/2018 13:27:42
0,0,0,0,0,0 8/3/2018 13:27:42
0,0,0,0,0,0 8/3/2018 13:27:43
0,0,0,0,0,0 8/3/2018 13:27:43
0,0,0,0,0,0 8/3/2018 13:27:43
0,0,0,0,0,0 8/3/2018 13:27:43
0,0,0,0,0,0 8/3/2018 13:27:43
0,0,0,0,0,0 8/3/2018 13:27:43
0,0,0,0,0,0 8/3/2018 13:27:43
0,0,0,0,0,0 8/3/2018 13:27:43
0,0,0,0,0,0 8/3/2018 13:27:43
0,0,0,0,0,0 8/3/2018 13:27:43
0,0,0,0,0,0 8/3/2018 13:27:43
0,0,0,0,0,0 8/3/2018 13:27:43
0,0,0,0,0,0 8/3/2018 13:27:43
0,0,0,0,0,0 8/3/2018 13:27:43
0,0,0,0,0,0 8/3/2018 13:27:43
0,0,0,0,0,0 8/3/2018 13:27:43
0,0,0,0,0,0 8/3/2018 13:27:43
0,0,0,0,0,0 8/3/2018 13:27:43
0,0,0,0,0,0 8/3/2018 13:27:43
0,0,0,0,0,0 8/3/2018 13:27:43
0,0,0,0,0,0 8/3/2018 13:27:43
0,0,0,0,0,0 8/3/2018 13:27:43
0,0,0,0,0,0 8/3/2018 13:27:44
0,0,0,0,0,0 8/3/2018 13:27:44
0,0,0,0,0,0 8/3/2018 13:27:44
0,0,0,0,0,0 8/3/2018 13:27:44
0,0,0,0,0,0 8/3/2018 13:27:44
0,0,0,0,1,0 8/3/2018 13:27:44
0,0,0,0,0,0 8/3/2018 13:27:44
0,0,0,0,0,0 8/3/2018 13:27:44
0,0,0,0,0,0 8/3/2018 13:27:44
0,0,0,0,0,0 8/3/2018 13:27:44
0,0,0,0,0,0 8/3/2018 13:27:44
0,0,0,0,0,0 8/3/2018 13:27:44
0,0,0,0,0,0 8/3/2018 13:27:44
0,0,0,0,0,0 8/3/2018 13:27:44
0,0,0,0,0,0 8/3/2018 13:27:44
0,0,0,0,0,0 8/3/2018 13:27:44
0,0,0,1,0,0 8/3/2018 13:27:44
0,0,0,0,0,0 8/3/2018 13:27:44
0,0,0,0,0,0 8/3/2018 13:27:44
0,0,0,0,0,0 8/3/2018 13:27:44
0,0,0,0,0,0 8/3/2018 13:27:44
0,0,0,0,0,0 8/3/2018 13:27:44
0,0,0,0,0,0 8/3/2018 13:27:44
0,0,0,0,0,0 8/3/2018 13:27:45
0,0,0,0,0,0 8/3/2018 13:27:45
0,0,0,0,0,0 8/3/2018 13:27:45
0,0,0,0,0,0 8/3/2018 13:27:45
0,0,0,0,0,0 8/3/2018 13:27:45
0,0,0,0,0,0 8/3/2018 13:27:45
0,0,0,0,0,0 8/3/2018 13:27:45
0,0,0,0,0,0 8/3/2018 13:27:45
0,0,0,0,0,0 8/3/2018 13:27:45
0,0,29,0,0,0 8/3/2018 13:27:45
0,0,21,0,0,0 8/3/2018 13:27:45
0,0,25,0,0,0 8/3/2018 13:27:45
0,0,25,0,0,0 8/3/2018 13:27:45
0,0,27,0,0,0 8/3/2018 13:27:45
0,0,25,0,0,0 8/3/2018 13:27:45
0,0,17,0,0,0 8/3/2018 13:27:45
0,0,76,0,0,0 8/3/2018 13:27:45
0,0,0,0,0,0 8/3/2018 13:27:45
0,0,66,0,0,0 8/3/2018 13:27:45
0,0,73,0,3,0 8/3/2018 13:27:45
0,0,61,0,0,0 8/3/2018 13:27:45
0,0,0,0,0,0 8/3/2018 13:27:45
0,0,8,0,0,0 8/3/2018 13:27:45
0,0,0,0,0,0 8/3/2018 13:27:46
0,0,0,0,0,0 8/3/2018 13:27:46
0,0,0,0,0,0 8/3/2018 13:27:46
0,0,0,0,0,0 8/3/2018 13:27:46
0,0,0,0,0,0 8/3/2018 13:27:46
0,0,0,0,0,0 8/3/2018 13:27:46
0,0,0,0,0,0 8/3/2018 13:27:46
0,0,0,0,0,0 8/3/2018 13:27:46
0,0,0,0,0,0 8/3/2018 13:27:46
0,0,0,0,0,0 8/3/2018 13:27:46
0,0,0,0,0,0 8/3/2018 13:27:46
0,0,0,0,0,0 8/3/2018 13:27:46
0,0,0,0,0,0 8/3/2018 13:27:46
0,0,0,0,0,0 8/3/2018 13:27:46
0,0,0,0,0,0 8/3/2018 13:27:46
0,0,0,0,0,0 8/3/2018 13:27:46
0,0,0,0,0,0 8/3/2018 13:27:46
0,0,0,0,0,0 8/3/2018 13:27:46
0,0,1,0,0,0 8/3/2018 13:27:46
0,0,1,0,0,0 8/3/2018 13:27:46
0,0,2,0,0,0 8/3/2018 13:27:46
0,0,2,0,0,0 8/3/2018 13:27:46
0,0,1,0,0,0 8/3/2018 13:27:47
0,0,0,0,0,0 8/3/2018 13:27:47
0,0,0,0,0,0 8/3/2018 13:27:47
0,0,0,0,0,0 8/3/2018 13:27:47
0,0,0,0,0,0 8/3/2018 13:27:47
0,0,0,0,0,0 8/3/2018 13:27:47
0,0,0,0,0,0 8/3/2018 13:27:47
0,0,0,0,0,0 8/3/2018 13:27:47
0,0,0,0,0,0 8/3/2018 13:27:47
0,0,0,0,0,0 8/3/2018 13:27:47
0,0,0,0,0,0 8/3/2018 13:27:47
0,0,0,0,0,0 8/3/2018 13:27:47
0,0,0,0,0,0 8/3/2018 13:27:47
0,0,0,0,0,0 8/3/2018 13:27:47
0,0,0,0,0,0 8/3/2018 13:27:47
0,0,5,0,0,0 8/3/2018 13:27:47
0,0,2,0,0,0 8/3/2018 13:27:47
0,0,1,0,0,0 8/3/2018 13:27:47
0,0,3,16,0,0 8/3/2018 13:27:47
0,0,16,0,0,0 8/3/2018 13:27:47
0,0,7,0,0,0 8/3/2018 13:27:47
0,0,4,0,0,0 8/3/2018 13:27:47
0,0,0,0,0,0 8/3/2018 13:27:47
0,0,0,11,0,0 8/3/2018 13:27:48
0,0,0,0,0,0 8/3/2018 13:27:48
0,0,0,0,0,0 8/3/2018 13:27:48
0,0,0,0,0,0 8/3/2018 13:27:48
0,0,0,34,0,0 8/3/2018 13:27:48
0,0,0,49,2,0 8/3/2018 13:27:48
0,0,0,81,0,0 8/3/2018 13:27:48
0,0,0,91,0,0 8/3/2018 13:27:48
0,0,0,43,0,0 8/3/2018 13:27:48
0,0,0,21,0,0 8/3/2018 13:27:48
0,0,0,8,0,0 8/3/2018 13:27:48
0,0,0,26,0,0 8/3/2018 13:27:48
0,0,0,42,0,0 8/3/2018 13:27:48
0,0,0,1,0,0 8/3/2018 13:27:48
0,0,0,0,0,0 8/3/2018 13:27:48
0,0,0,0,0,0 8/3/2018 13:27:48
0,0,0,0,0,0 8/3/2018 13:27:48
0,0,0,0,0,0 8/3/2018 13:27:48
0,0,0,0,0,0 8/3/2018 13:27:48
0,0,0,0,0,0 8/3/2018 13:27:48
0,0,2,0,0,0 8/3/2018 13:27:48
0,0,0,0,0,0 8/3/2018 13:27:48
0,0,0,0,0,0 8/3/2018 13:27:48
0,0,0,0,0,0 8/3/2018 13:27:49
0,0,0,0,0,0 8/3/2018 13:27:49
0,0,0,0,0,0 8/3/2018 13:27:49
0,0,0,0,0,0 8/3/2018 13:27:49
0,0,0,0,0,0 8/3/2018 13:27:49
0,0,0,0,0,0 8/3/2018 13:27:49
0,0,0,0,0,0 8/3/2018 13:27:49
0,0,0,0,0,0 8/3/2018 13:27:49
0,0,0,0,0,0 8/3/2018 13:27:49
0,0,0,0,0,0 8/3/2018 13:27:49
0,0,0,0,0,0 8/3/2018 13:27:49
0,0,0,0,0,0 8/3/2018 13:27:49
0,0,0,0,0,0 8/3/2018 13:27:49
0,0,0,0,0,0 8/3/2018 13:27:49
0,0,0,0,0,0 8/3/2018 13:27:49
0,0,0,0,0,0 8/3/2018 13:27:49
0,0,0,0,0,0 8/3/2018 13:27:49
0,0,0,0,0,0 8/3/2018 13:27:49
0,0,0,0,0,0 8/3/2018 13:27:49
0,0,0,0,0,0 8/3/2018 13:27:49
0,0,0,0,0,0 8/3/2018 13:27:49
0,0,0,0,0,0 8/3/2018 13:27:49
0,0,0,0,0,0 8/3/2018 13:27:49
0,0,0,0,0,0 8/3/2018 13:27:50
0,0,0,0,0,0 8/3/2018 13:27:50
0,0,0,0,0,0 8/3/2018 13:27:50
0,0,0,0,0,0 8/3/2018 13:27:50
0,0,0,0,0,0 8/3/2018 13:27:50
0,0,0,0,0,0 8/3/2018 13:27:50
0,0,0,0,0,0 8/3/2018 13:27:50
0,0,0,0,0,0 8/3/2018 13:27:50
0,0,0,0,0,0 8/3/2018 13:27:50
0,0,0,0,0,0 8/3/2018 13:27:50
0,0,0,0,0,0 8/3/2018 13:27:50
0,0,0,0,0,0 8/3/2018 13:27:50
0,0,0,0,0,0 8/3/2018 13:27:50
0,0,0,0,0,0 8/3/2018 13:27:50
0,0,0,0,0,0 8/3/2018 13:27:50
0,0,0,0,0,0 8/3/2018 13:27:50
0,0,0,0,0,0 8/3/2018 13:27:50
0,0,0,0,0,0 8/3/2018 13:27:50
0,0,0,0,0,0 8/3/2018 13:27:50
0,0,0,0,0,0 8/3/2018 13:27:50
0,0,0,0,0,0 8/3/2018 13:27:50
0,0,0,0,0,0 8/3/2018 13:27:50
0,0,0,0,0,0 8/3/2018 13:27:51
0,0,0,0,0,0 8/3/2018 13:27:51
0,0,0,0,0,0 8/3/2018 13:27:51
0,0,0,0,0,0 8/3/2018 13:27:51
0,0,0,0,0,0 8/3/2018 13:27:51
0,0,0,0,0,0 8/3/2018 13:27:51
0,0,0,0,0,0 8/3/2018 13:27:51
0,0,0,0,0,0 8/3/2018 13:27:51
0,0,0,0,0,0 8/3/2018 13:27:51
0,0,0,0,0,0 8/3/2018 13:27:51
0,0,0,0,0,0 8/3/2018 13:27:51
0,0,0,0,0,0 8/3/2018 13:27:51
0,0,0,0,0,0 8/3/2018 13:27:51
0,0,0,0,0,0 8/3/2018 13:27:51
0,0,0,0,0,0 8/3/2018 13:27:51
0,0,0,0,0,0 8/3/2018 13:27:51
0,0,0,0,0,0 8/3/2018 13:27:51
0,0,0,0,0,0 8/3/2018 13:27:51
0,0,0,0,0,0 8/3/2018 13:27:51
0,0,0,0,0,0 8/3/2018 13:27:51
0,0,0,0,0,0 8/3/2018 13:27:51
0,0,0,0,0,0 8/3/2018 13:27:51
0,0,0,0,0,0 8/3/2018 13:27:51
0,0,0,0,0,0 8/3/2018 13:27:52
0,0,0,0,0,0 8/3/2018 13:27:52
0,0,0,0,0,0 8/3/2018 13:27:52
0,0,0,0,0,0 8/3/2018 13:27:52
0,0,0,0,0,0 8/3/2018 13:27:52
0,0,0,0,0,0 8/3/2018 13:27:52
0,0,0,0,0,0 8/3/2018 13:27:52
0,0,0,0,0,0 8/3/2018 13:27:52
0,0,0,0,0,0 8/3/2018 13:27:52
0,0,0,0,0,0 8/3/2018 13:27:52
0,0,0,0,0,0 8/3/2018 13:27:52
0,0,0,0,0,0 8/3/2018 13:27:52
0,0,0,0,0,0 8/3/2018 13:27:52
0,0,0,0,0,0 8/3/2018 13:27:52
0,0,0,0,0,0 8/3/2018 13:27:52
0,0,0,0,0,0 8/3/2018 13:27:52
0,0,0,0,0,0 8/3/2018 13:27:52
0,0,0,0,0,0 8/3/2018 13:27:52
0,0,0,0,0,0 8/3/2018 13:27:52
0,0,0,0,0,0 8/3/2018 13:27:52
0,0,0,0,0,0 8/3/2018 13:27:52
0,0,0,0,0,0 8/3/2018 13:27:52
0,0,0,0,0,0 8/3/2018 13:27:52
0,0,0,0,0,0 8/3/2018 13:27:53
0,0,0,0,0,0 8/3/2018 13:27:53
0,0,0,0,0,0 8/3/2018 13:27:53
0,0,0,0,0,0 8/3/2018 13:27:53
0,0,0,0,0,0 8/3/2018 13:27:53
0,0,0,0,0,0 8/3/2018 13:27:53
0,0,0,0,0,0 8/3/2018 13:27:53
0,0,0,0,0,0 8/3/2018 13:27:53
0,0,0,0,0,0 8/3/2018 13:27:53
0,0,0,0,0,0 8/3/2018 13:27:53
0,0,0,0,0,0 8/3/2018 13:27:53
0,0,0,0,0,0 8/3/2018 13:27:53
0,0,0,0,0,0 8/3/2018 13:27:53
0,0,0,0,0,0 8/3/2018 13:27:53
0,0,0,0,0,0 8/3/2018 13:27:53
0,0,1,0,0,0 8/3/2018 13:27:53
0,0,6,0,0,0 8/3/2018 13:27:53
0,0,0,0,0,0 8/3/2018 13:27:53
0,0,0,0,0,0 8/3/2018 13:27:53
0,0,0,0,0,0 8/3/2018 13:27:53
0,0,0,0,0,0 8/3/2018 13:27:53
0,0,0,0,0,0 8/3/2018 13:27:53
0,0,0,0,0,0 8/3/2018 13:27:54
0,0,0,0,0,0 8/3/2018 13:27:54
