0,0,0,0,0,0 8/3/2018 13:28:37
0,0,0,0,0,0 8/3/2018 13:28:37
0,0,0,0,0,0 8/3/2018 13:28:38
0,0,0,0,0,0 8/3/2018 13:28:38
0,0,0,0,0,0 8/3/2018 13:28:38
0,0,0,0,0,0 8/3/2018 13:28:38
0,0,0,0,0,0 8/3/2018 13:28:38
0,0,0,0,0,0 8/3/2018 13:28:38
0,0,0,0,0,0 8/3/2018 13:28:38
0,0,0,0,0,0 8/3/2018 13:28:38
0,0,0,0,0,0 8/3/2018 13:28:38
0,0,0,0,0,0 8/3/2018 13:28:38
0,0,0,0,0,0 8/3/2018 13:28:38
0,0,0,0,0,0 8/3/2018 13:28:38
0,0,0,0,0,0 8/3/2018 13:28:38
0,0,0,0,0,0 8/3/2018 13:28:38
0,0,0,0,0,0 8/3/2018 13:28:38
0,0,0,0,0,0 8/3/2018 13:28:38
0,0,0,0,0,0 8/3/2018 13:28:38
0,0,0,0,0,0 8/3/2018 13:28:38
0,0,0,0,0,0 8/3/2018 13:28:38
0,0,0,0,0,0 8/3/2018 13:28:38
0,0,0,0,0,0 8/3/2018 13:28:38
0,0,0,0,0,0 8/3/2018 13:28:38
0,0,0,0,0,0 8/3/2018 13:28:39
0,0,0,0,0,0 8/3/2018 13:28:39
0,0,0,0,0,0 8/3/2018 13:28:39
0,0,0,0,0,0 8/3/2018 13:28:39
0,0,0,0,0,0 8/3/2018 13:28:39
0,0,0,0,0,0 8/3/2018 13:28:39
0,0,0,0,0,0 8/3/2018 13:28:39
0,0,0,0,0,0 8/3/2018 13:28:39
0,0,0,0,0,0 8/3/2018 13:28:39
0,0,0,0,0,0 8/3/2018 13:28:39
0,0,0,0,0,0 8/3/2018 13:28:39
0,0,0,0,0,0 8/3/2018 13:28:39
0,0,0,0,0,0 8/3/2018 13:28:39
0,0,0,0,0,0 8/3/2018 13:28:39
0,0,0,0,0,0 8/3/2018 13:28:39
0,0,0,0,0,0 8/3/2018 13:28:39
0,0,0,0,0,0 8/3/2018 13:28:39
0,0,0,0,0,0 8/3/2018 13:28:39
0,0,0,0,0,0 8/3/2018 13:28:39
0,0,0,0,0,0 8/3/2018 13:28:39
0,0,0,0,0,0 8/3/2018 13:28:39
0,0,0,0,0,0 8/3/2018 13:28:39
0,0,0,0,0,0 8/3/2018 13:28:39
0,0,0,0,0,0 8/3/2018 13:28:40
0,0,0,0,0,0 8/3/2018 13:28:40
0,0,0,0,0,0 8/3/2018 13:28:40
0,0,0,0,0,0 8/3/2018 13:28:40
0,0,0,0,0,0 8/3/2018 13:28:40
0,0,0,0,0,0 8/3/2018 13:28:40
0,0,0,0,0,0 8/3/2018 13:28:40
0,0,0,0,0,0 8/3/2018 13:28:40
0,0,0,0,0,0 8/3/2018 13:28:40
0,0,0,0,0,0 8/3/2018 13:28:40
0,0,0,0,0,0 8/3/2018 13:28:40
0,0,0,0,0,0 8/3/2018 13:28:40
0,0,0,0,0,0 8/3/2018 13:28:40
0,0,0,0,0,0 8/3/2018 13:28:40
0,0,0,0,0,0 8/3/2018 13:28:40
0,0,0,0,0,0 8/3/2018 13:28:40
0,0,0,0,0,0 8/3/2018 13:28:40
0,0,0,0,0,0 8/3/2018 13:28:40
0,0,0,0,0,0 8/3/2018 13:28:40
0,0,0,0,0,0 8/3/2018 13:28:40
0,0,0,0,0,0 8/3/2018 13:28:40
0,0,0,0,0,0 8/3/2018 13:28:40
0,0,0,0,0,0 8/3/2018 13:28:40
0,0,0,0,0,0 8/3/2018 13:28:41
0,0,0,0,0,0 8/3/2018 13:28:41
0,0,0,0,0,0 8/3/2018 13:28:41
0,0,0,0,0,0 8/3/2018 13:28:41
0,0,0,0,0,0 8/3/2018 13:28:41
0,0,0,0,0,0 8/3/2018 13:28:41
0,0,0,0,0,0 8/3/2018 13:28:41
0,0,0,0,0,0 8/3/2018 13:28:41
0,0,0,0,0,0 8/3/2018 13:28:41
0,0,0,0,0,0 8/3/2018 13:28:41
0,0,0,0,0,0 8/3/2018 13:28:41
0,0,0,0,0,0 8/3/2018 13:28:41
0,0,0,0,0,0 8/3/2018 13:28:41
0,0,0,0,0,0 8/3/2018 13:28:41
0,0,0,0,0,0 8/3/2018 13:28:41
0,0,0,0,0,0 8/3/2018 13:28:41
0,0,0,0,0,0 8/3/2018 13:28:41
0,0,0,0,0,0 8/3/2018 13:28:41
0,0,0,0,0,0 8/3/2018 13:28:41
0,0,0,0,0,0 8/3/2018 13:28:41
0,0,0,0,0,0 8/3/2018 13:28:41
0,0,0,0,0,0 8/3/2018 13:28:41
0,0,0,0,0,0 8/3/2018 13:28:41
0,0,0,0,0,0 8/3/2018 13:28:42
0,0,0,0,0,0 8/3/2018 13:28:42
0,0,0,0,0,0 8/3/2018 13:28:42
0,0,0,0,0,0 8/3/2018 13:28:42
0,0,0,0,0,0 8/3/2018 13:28:42
0,0,0,0,0,0 8/3/2018 13:28:42
0,0,0,0,0,0 8/3/2018 13:28:42
0,0,0,0,0,0 8/3/2018 13:28:42
0,0,0,0,0,0 8/3/2018 13:28:42
0,0,0,0,0,0 8/3/2018 13:28:42
0,0,0,0,0,0 8/3/2018 13:28:42
0,0,0,0,0,0 8/3/2018 13:28:42
0,0,0,0,0,0 8/3/2018 13:28:42
0,0,0,0,0,0 8/3/2018 13:28:42
0,0,2,0,2,0 8/3/2018 13:28:42
0,0,0,0,0,0 8/3/2018 13:28:42
0,0,0,0,0,0 8/3/2018 13:28:42
0,0,0,0,0,0 8/3/2018 13:28:42
0,0,0,0,0,0 8/3/2018 13:28:42
0,0,0,0,0,0 8/3/2018 13:28:42
0,0,0,0,0,0 8/3/2018 13:28:42
0,0,0,0,0,0 8/3/2018 13:28:42
0,0,0,0,0,0 8/3/2018 13:28:43
0,0,0,0,0,0 8/3/2018 13:28:43
0,0,0,0,0,0 8/3/2018 13:28:43
0,0,0,0,0,0 8/3/2018 13:28:43
0,0,0,0,0,0 8/3/2018 13:28:43
0,0,0,0,0,0 8/3/2018 13:28:43
0,0,0,0,0,0 8/3/2018 13:28:43
0,0,0,0,0,0 8/3/2018 13:28:43
0,0,0,0,0,0 8/3/2018 13:28:43
0,0,0,0,0,0 8/3/2018 13:28:43
0,0,0,0,0,0 8/3/2018 13:28:43
0,0,0,0,0,0 8/3/2018 13:28:43
0,0,0,0,0,0 8/3/2018 13:28:43
0,0,0,0,0,0 8/3/2018 13:28:43
0,0,0,0,0,0 8/3/2018 13:28:43
0,0,0,0,0,0 8/3/2018 13:28:43
0,0,0,0,0,0 8/3/2018 13:28:43
0,0,0,0,0,0 8/3/2018 13:28:43
0,0,0,0,0,0 8/3/2018 13:28:43
0,0,0,0,0,0 8/3/2018 13:28:43
0,0,0,0,0,0 8/3/2018 13:28:43
0,0,0,0,0,0 8/3/2018 13:28:43
0,0,0,0,0,0 8/3/2018 13:28:43
0,0,0,0,0,0 8/3/2018 13:28:44
0,0,0,0,0,0 8/3/2018 13:28:44
0,0,0,0,0,0 8/3/2018 13:28:44
0,0,0,0,0,0 8/3/2018 13:28:44
0,0,0,0,0,0 8/3/2018 13:28:44
0,0,0,0,0,0 8/3/2018 13:28:44
0,0,0,0,0,0 8/3/2018 13:28:44
0,0,0,0,0,0 8/3/2018 13:28:44
0,0,0,0,0,0 8/3/2018 13:28:44
0,0,0,0,0,0 8/3/2018 13:28:44
0,0,0,0,0,0 8/3/2018 13:28:44
0,0,0,0,0,0 8/3/2018 13:28:44
0,0,0,0,0,0 8/3/2018 13:28:44
0,0,0,0,0,0 8/3/2018 13:28:44
0,0,0,0,0,0 8/3/2018 13:28:44
0,0,0,0,0,0 8/3/2018 13:28:44
0,0,0,0,0,0 8/3/2018 13:28:44
0,0,0,0,0,0 8/3/2018 13:28:44
0,0,0,0,0,0 8/3/2018 13:28:44
0,0,0,0,0,0 8/3/2018 13:28:44
0,0,0,0,0,0 8/3/2018 13:28:44
0,0,0,0,0,0 8/3/2018 13:28:44
0,0,0,0,0,0 8/3/2018 13:28:44
0,0,0,0,0,0 8/3/2018 13:28:45
0,0,0,0,0,0 8/3/2018 13:28:45
0,0,0,0,0,0 8/3/2018 13:28:45
0,0,0,0,0,0 8/3/2018 13:28:45
0,0,0,0,0,0 8/3/2018 13:28:45
0,0,0,0,0,0 8/3/2018 13:28:45
0,0,0,0,0,0 8/3/2018 13:28:45
0,0,0,0,0,0 8/3/2018 13:28:45
0,0,0,0,0,0 8/3/2018 13:28:45
0,0,0,0,0,0 8/3/2018 13:28:45
0,0,0,0,0,0 8/3/2018 13:28:45
0,0,0,0,0,0 8/3/2018 13:28:45
0,0,0,0,0,0 8/3/2018 13:28:45
0,0,0,0,0,0 8/3/2018 13:28:45
0,0,0,0,0,0 8/3/2018 13:28:45
0,0,0,0,0,0 8/3/2018 13:28:45
0,0,0,0,0,0 8/3/2018 13:28:45
0,0,0,0,0,0 8/3/2018 13:28:45
0,0,0,0,0,0 8/3/2018 13:28:45
0,0,0,0,0,0 8/3/2018 13:28:45
0,0,0,0,0,0 8/3/2018 13:28:45
0,0,0,0,0,0 8/3/2018 13:28:45
0,0,0,0,0,0 8/3/2018 13:28:45
0,0,0,0,0,0 8/3/2018 13:28:46
0,0,0,0,0,0 8/3/2018 13:28:46
0,0,0,0,0,0 8/3/2018 13:28:46
0,0,0,0,0,0 8/3/2018 13:28:46
0,0,0,0,0,0 8/3/2018 13:28:46
0,0,0,0,0,0 8/3/2018 13:28:46
0,0,0,0,0,0 8/3/2018 13:28:46
0,0,0,0,0,0 8/3/2018 13:28:46
0,0,0,0,0,0 8/3/2018 13:28:46
0,0,0,0,0,0 8/3/2018 13:28:46
0,0,0,0,0,0 8/3/2018 13:28:46
0,0,0,0,0,0 8/3/2018 13:28:46
0,0,0,0,0,0 8/3/2018 13:28:46
0,0,0,0,0,0 8/3/2018 13:28:46
0,0,0,0,0,0 8/3/2018 13:28:46
0,0,0,0,0,0 8/3/2018 13:28:46
0,0,0,0,0,0 8/3/2018 13:28:46
0,0,0,0,0,0 8/3/2018 13:28:46
0,0,0,0,0,0 8/3/2018 13:28:46
0,0,0,0,0,0 8/3/2018 13:28:46
0,0,0,0,0,0 8/3/2018 13:28:46
0,0,0,0,0,0 8/3/2018 13:28:46
0,0,0,0,0,0 8/3/2018 13:28:47
0,0,0,0,0,0 8/3/2018 13:28:47
0,0,0,0,0,0 8/3/2018 13:28:47
0,0,0,0,0,0 8/3/2018 13:28:47
0,0,0,0,0,0 8/3/2018 13:28:47
0,0,0,0,0,0 8/3/2018 13:28:47
0,0,0,0,0,0 8/3/2018 13:28:47
0,0,0,0,0,0 8/3/2018 13:28:47
0,0,0,0,0,0 8/3/2018 13:28:47
0,0,0,0,0,0 8/3/2018 13:28:47
0,0,0,0,0,0 8/3/2018 13:28:47
0,0,0,0,0,0 8/3/2018 13:28:47
0,0,0,0,0,0 8/3/2018 13:28:47
0,0,0,0,0,0 8/3/2018 13:28:47
0,0,0,0,0,0 8/3/2018 13:28:47
0,0,0,0,0,0 8/3/2018 13:28:47
0,0,0,0,0,0 8/3/2018 13:28:47
0,0,0,0,0,0 8/3/2018 13:28:47
0,0,0,0,0,0 8/3/2018 13:28:47
0,0,0,0,0,0 8/3/2018 13:28:47
0,0,0,0,0,0 8/3/2018 13:28:47
0,0,0,0,0,0 8/3/2018 13:28:47
0,0,0,0,0,0 8/3/2018 13:28:47
0,0,0,0,0,0 8/3/2018 13:28:48
0,0,0,0,0,0 8/3/2018 13:28:48
0,0,0,0,0,0 8/3/2018 13:28:48
0,0,0,0,0,0 8/3/2018 13:28:48
0,0,0,0,0,0 8/3/2018 13:28:48
0,0,0,0,0,0 8/3/2018 13:28:48
0,0,0,0,0,0 8/3/2018 13:28:48
0,0,0,0,0,0 8/3/2018 13:28:48
0,0,0,0,0,0 8/3/2018 13:28:48
0,0,0,0,0,0 8/3/2018 13:28:48
0,0,0,0,0,0 8/3/2018 13:28:48
0,0,0,0,0,0 8/3/2018 13:28:48
0,0,0,0,0,0 8/3/2018 13:28:48
0,0,0,0,0,0 8/3/2018 13:28:48
0,0,0,0,0,0 8/3/2018 13:28:48
0,0,0,0,0,0 8/3/2018 13:28:48
0,0,0,0,0,0 8/3/2018 13:28:48
0,0,0,0,0,0 8/3/2018 13:28:48
0,0,0,0,0,0 8/3/2018 13:28:48
0,0,0,0,0,0 8/3/2018 13:28:48
0,0,0,0,0,0 8/3/2018 13:28:48
0,0,0,0,0,0 8/3/2018 13:28:48
0,0,0,0,0,0 8/3/2018 13:28:48
0,0,0,0,0,0 8/3/2018 13:28:49
0,0,0,0,0,0 8/3/2018 13:28:49
0,0,0,0,0,0 8/3/2018 13:28:49
