0,0,5,0,0,0 8/3/2018 13:29:30
0,0,15,0,0,0 8/3/2018 13:29:30
0,0,17,0,0,0 8/3/2018 13:29:30
0,0,20,0,0,0 8/3/2018 13:29:30
0,0,9,0,0,0 8/3/2018 13:29:30
0,0,28,0,0,0 8/3/2018 13:29:30
0,0,97,0,0,0 8/3/2018 13:29:30
0,0,103,0,0,0 8/3/2018 13:29:30
0,0,94,0,0,0 8/3/2018 13:29:30
0,0,93,0,0,0 8/3/2018 13:29:30
0,0,91,0,0,0 8/3/2018 13:29:30
0,0,98,0,0,0 8/3/2018 13:29:30
0,0,97,0,0,0 8/3/2018 13:29:30
0,0,99,0,0,0 8/3/2018 13:29:30
0,0,101,0,0,0 8/3/2018 13:29:31
0,0,102,0,0,0 8/3/2018 13:29:31
0,0,59,0,0,0 8/3/2018 13:29:31
0,0,65,0,0,0 8/3/2018 13:29:31
0,0,59,0,0,0 8/3/2018 13:29:31
0,0,63,0,0,0 8/3/2018 13:29:31
0,0,63,0,0,0 8/3/2018 13:29:31
0,0,64,0,0,0 8/3/2018 13:29:31
0,0,59,0,0,0 8/3/2018 13:29:31
0,0,27,0,0,0 8/3/2018 13:29:31
0,0,0,0,0,0 8/3/2018 13:29:31
0,0,0,0,0,0 8/3/2018 13:29:31
0,0,0,0,0,0 8/3/2018 13:29:31
0,0,0,0,0,0 8/3/2018 13:29:31
0,0,0,0,0,0 8/3/2018 13:29:31
0,0,0,0,0,0 8/3/2018 13:29:31
0,0,0,0,0,0 8/3/2018 13:29:31
0,0,0,0,0,0 8/3/2018 13:29:31
0,0,20,0,0,0 8/3/2018 13:29:31
0,0,0,0,0,0 8/3/2018 13:29:31
0,0,0,0,0,0 8/3/2018 13:29:31
0,0,0,0,0,0 8/3/2018 13:29:31
0,0,0,0,0,0 8/3/2018 13:29:31
0,0,0,0,0,0 8/3/2018 13:29:32
0,0,0,0,0,0 8/3/2018 13:29:32
0,0,0,0,0,0 8/3/2018 13:29:32
0,0,0,0,0,0 8/3/2018 13:29:32
0,0,28,0,0,0 8/3/2018 13:29:32
0,0,21,0,0,0 8/3/2018 13:29:32
0,0,9,0,0,0 8/3/2018 13:29:32
0,0,0,0,0,0 8/3/2018 13:29:32
0,0,0,0,0,0 8/3/2018 13:29:32
0,0,0,0,0,0 8/3/2018 13:29:32
0,0,0,0,0,0 8/3/2018 13:29:32
0,0,0,0,0,0 8/3/2018 13:29:32
0,0,0,0,0,0 8/3/2018 13:29:32
0,0,0,0,0,0 8/3/2018 13:29:32
0,0,0,0,0,0 8/3/2018 13:29:32
0,0,0,0,0,0 8/3/2018 13:29:32
0,0,0,0,0,0 8/3/2018 13:29:32
0,0,0,0,0,0 8/3/2018 13:29:32
0,0,0,0,0,0 8/3/2018 13:29:32
0,0,0,0,0,0 8/3/2018 13:29:32
0,0,0,0,0,0 8/3/2018 13:29:32
0,0,0,0,0,0 8/3/2018 13:29:32
0,0,0,0,0,0 8/3/2018 13:29:32
0,0,0,0,0,0 8/3/2018 13:29:33
0,0,0,0,0,0 8/3/2018 13:29:33
0,0,0,0,0,0 8/3/2018 13:29:33
0,0,0,0,0,0 8/3/2018 13:29:33
0,0,0,0,0,0 8/3/2018 13:29:33
0,0,0,0,0,0 8/3/2018 13:29:33
0,0,0,0,0,0 8/3/2018 13:29:33
0,0,0,0,0,0 8/3/2018 13:29:33
0,0,0,0,0,0 8/3/2018 13:29:33
0,0,0,0,0,0 8/3/2018 13:29:33
0,0,0,0,0,0 8/3/2018 13:29:33
0,0,0,0,0,0 8/3/2018 13:29:33
0,0,0,0,0,0 8/3/2018 13:29:33
0,0,0,0,0,0 8/3/2018 13:29:33
0,0,0,0,0,0 8/3/2018 13:29:33
0,0,0,0,0,0 8/3/2018 13:29:33
0,0,0,0,0,0 8/3/2018 13:29:33
0,0,0,0,0,0 8/3/2018 13:29:33
0,0,0,0,0,0 8/3/2018 13:29:33
0,0,0,0,0,0 8/3/2018 13:29:33
0,0,0,0,0,0 8/3/2018 13:29:33
0,0,0,0,0,0 8/3/2018 13:29:33
0,0,0,0,0,0 8/3/2018 13:29:34
0,0,0,0,0,0 8/3/2018 13:29:34
0,0,0,0,0,0 8/3/2018 13:29:34
0,0,0,0,0,0 8/3/2018 13:29:34
0,0,0,0,0,0 8/3/2018 13:29:34
0,0,0,0,0,0 8/3/2018 13:29:34
0,0,0,0,0,0 8/3/2018 13:29:34
0,0,0,0,0,0 8/3/2018 13:29:34
0,0,0,0,0,0 8/3/2018 13:29:34
0,0,0,0,0,0 8/3/2018 13:29:34
0,0,0,0,0,0 8/3/2018 13:29:34
0,0,0,0,0,0 8/3/2018 13:29:34
0,0,0,0,0,0 8/3/2018 13:29:34
0,0,0,0,0,0 8/3/2018 13:29:34
0,0,0,0,0,0 8/3/2018 13:29:34
0,0,0,0,0,0 8/3/2018 13:29:34
0,0,0,0,0,0 8/3/2018 13:29:34
0,0,0,0,0,0 8/3/2018 13:29:34
0,0,0,0,0,0 8/3/2018 13:29:34
0,0,0,0,0,0 8/3/2018 13:29:34
0,0,0,0,0,0 8/3/2018 13:29:34
0,0,0,0,0,0 8/3/2018 13:29:34
0,0,0,0,0,0 8/3/2018 13:29:34
0,0,0,0,0,0 8/3/2018 13:29:35
0,0,0,0,0,0 8/3/2018 13:29:35
0,0,0,0,0,0 8/3/2018 13:29:35
0,0,0,0,0,0 8/3/2018 13:29:35
0,0,0,0,0,0 8/3/2018 13:29:35
0,0,0,0,0,0 8/3/2018 13:29:35
0,0,0,0,0,0 8/3/2018 13:29:35
0,0,0,0,0,0 8/3/2018 13:29:35
0,0,0,0,0,0 8/3/2018 13:29:35
0,0,0,0,0,0 8/3/2018 13:29:35
0,0,0,0,0,0 8/3/2018 13:29:35
0,0,0,0,0,0 8/3/2018 13:29:35
0,0,0,0,0,0 8/3/2018 13:29:35
0,0,0,0,0,0 8/3/2018 13:29:35
0,0,0,0,0,0 8/3/2018 13:29:35
0,0,0,0,0,0 8/3/2018 13:29:35
0,0,0,0,0,0 8/3/2018 13:29:35
0,0,0,0,0,0 8/3/2018 13:29:35
0,0,0,0,0,0 8/3/2018 13:29:35
0,0,0,0,0,0 8/3/2018 13:29:35
0,0,0,0,0,0 8/3/2018 13:29:35
0,0,0,0,0,0 8/3/2018 13:29:35
0,0,0,0,0,0 8/3/2018 13:29:35
0,0,0,0,0,0 8/3/2018 13:29:36
0,0,0,0,0,0 8/3/2018 13:29:36
0,0,0,0,0,0 8/3/2018 13:29:36
0,0,0,0,0,0 8/3/2018 13:29:36
0,0,1,0,0,0 8/3/2018 13:29:36
0,0,8,0,0,0 8/3/2018 13:29:36
0,0,0,0,0,0 8/3/2018 13:29:36
0,0,0,0,0,0 8/3/2018 13:29:36
0,0,0,0,0,0 8/3/2018 13:29:36
0,0,0,0,0,0 8/3/2018 13:29:36
0,0,0,0,0,0 8/3/2018 13:29:36
0,0,0,0,0,0 8/3/2018 13:29:36
0,0,0,0,0,0 8/3/2018 13:29:36
0,0,0,0,0,0 8/3/2018 13:29:36
0,0,0,0,0,0 8/3/2018 13:29:36
0,0,0,0,0,0 8/3/2018 13:29:36
0,0,0,0,0,0 8/3/2018 13:29:36
0,0,0,0,0,0 8/3/2018 13:29:36
0,0,23,0,0,0 8/3/2018 13:29:36
0,0,4,0,0,0 8/3/2018 13:29:36
0,0,0,0,0,0 8/3/2018 13:29:36
0,0,0,0,0,0 8/3/2018 13:29:36
0,0,0,0,0,0 8/3/2018 13:29:36
0,0,0,0,0,0 8/3/2018 13:29:37
0,0,0,0,0,0 8/3/2018 13:29:37
0,0,0,0,1,0 8/3/2018 13:29:37
0,0,0,0,0,0 8/3/2018 13:29:37
0,0,0,0,0,0 8/3/2018 13:29:37
0,0,0,0,0,0 8/3/2018 13:29:37
0,0,0,0,0,0 8/3/2018 13:29:37
0,0,0,0,0,0 8/3/2018 13:29:37
0,0,0,0,0,0 8/3/2018 13:29:37
0,0,0,0,0,0 8/3/2018 13:29:37
0,0,0,0,0,0 8/3/2018 13:29:37
0,0,0,0,0,0 8/3/2018 13:29:37
0,0,0,0,0,0 8/3/2018 13:29:37
0,0,0,0,0,0 8/3/2018 13:29:37
0,0,0,0,0,0 8/3/2018 13:29:37
0,0,0,0,0,0 8/3/2018 13:29:37
0,0,0,0,0,0 8/3/2018 13:29:37
0,0,0,0,0,0 8/3/2018 13:29:37
0,0,0,0,0,0 8/3/2018 13:29:37
0,0,0,0,0,0 8/3/2018 13:29:37
0,0,0,0,0,0 8/3/2018 13:29:37
0,0,0,0,0,0 8/3/2018 13:29:37
0,0,0,0,0,0 8/3/2018 13:29:38
0,0,0,0,0,0 8/3/2018 13:29:38
0,0,0,0,0,0 8/3/2018 13:29:38
0,0,0,0,0,0 8/3/2018 13:29:38
0,0,0,0,0,0 8/3/2018 13:29:38
0,0,0,0,0,0 8/3/2018 13:29:38
0,0,0,0,0,0 8/3/2018 13:29:38
0,0,0,0,1,0 8/3/2018 13:29:38
0,0,0,0,0,0 8/3/2018 13:29:38
0,0,0,0,0,0 8/3/2018 13:29:38
0,0,0,0,0,0 8/3/2018 13:29:38
0,0,0,0,0,0 8/3/2018 13:29:38
0,0,0,0,0,0 8/3/2018 13:29:38
0,0,0,0,0,0 8/3/2018 13:29:38
0,0,0,0,0,0 8/3/2018 13:29:38
0,0,0,0,0,0 8/3/2018 13:29:38
0,0,0,0,0,0 8/3/2018 13:29:38
0,0,0,0,0,0 8/3/2018 13:29:38
0,0,0,0,0,0 8/3/2018 13:29:38
0,0,0,0,0,0 8/3/2018 13:29:38
0,0,0,0,0,0 8/3/2018 13:29:38
0,0,0,0,0,0 8/3/2018 13:29:38
0,0,0,0,0,0 8/3/2018 13:29:38
0,0,0,0,0,0 8/3/2018 13:29:39
0,0,0,0,0,0 8/3/2018 13:29:39
0,0,0,0,0,0 8/3/2018 13:29:39
0,0,0,0,0,0 8/3/2018 13:29:39
0,0,0,0,0,0 8/3/2018 13:29:39
0,0,0,0,0,0 8/3/2018 13:29:39
0,0,0,0,0,0 8/3/2018 13:29:39
0,0,0,0,0,0 8/3/2018 13:29:39
0,0,0,0,0,0 8/3/2018 13:29:39
0,0,0,0,0,0 8/3/2018 13:29:39
0,0,0,0,0,0 8/3/2018 13:29:39
0,0,0,0,0,0 8/3/2018 13:29:39
0,0,0,0,0,0 8/3/2018 13:29:39
0,0,0,0,0,0 8/3/2018 13:29:39
0,0,0,0,0,0 8/3/2018 13:29:39
0,0,0,0,0,0 8/3/2018 13:29:39
0,0,0,0,0,0 8/3/2018 13:29:39
0,0,0,0,0,0 8/3/2018 13:29:39
0,0,0,0,0,0 8/3/2018 13:29:39
0,0,0,0,0,0 8/3/2018 13:29:39
0,0,0,0,0,0 8/3/2018 13:29:39
0,0,0,0,0,0 8/3/2018 13:29:39
0,0,0,0,0,0 8/3/2018 13:29:39
0,0,0,0,0,0 8/3/2018 13:29:40
0,0,0,0,0,0 8/3/2018 13:29:40
0,0,0,0,0,0 8/3/2018 13:29:40
0,0,0,0,0,0 8/3/2018 13:29:40
0,0,0,0,0,0 8/3/2018 13:29:40
0,0,0,0,0,0 8/3/2018 13:29:40
0,0,0,0,0,0 8/3/2018 13:29:40
0,0,0,0,0,0 8/3/2018 13:29:40
0,0,0,0,0,0 8/3/2018 13:29:40
0,0,0,0,0,0 8/3/2018 13:29:40
0,0,0,0,0,0 8/3/2018 13:29:40
0,0,0,0,0,0 8/3/2018 13:29:40
0,0,0,0,0,0 8/3/2018 13:29:40
0,0,0,0,0,0 8/3/2018 13:29:40
0,0,0,0,0,0 8/3/2018 13:29:40
0,0,0,0,0,0 8/3/2018 13:29:40
0,0,0,0,0,0 8/3/2018 13:29:40
0,0,0,0,0,0 8/3/2018 13:29:40
0,0,0,0,0,0 8/3/2018 13:29:40
0,0,0,0,0,0 8/3/2018 13:29:40
0,0,0,0,0,0 8/3/2018 13:29:40
0,0,0,0,0,0 8/3/2018 13:29:40
0,0,0,0,0,0 8/3/2018 13:29:40
0,0,0,0,0,0 8/3/2018 13:29:41
0,0,0,0,0,0 8/3/2018 13:29:41
0,0,0,0,0,0 8/3/2018 13:29:41
0,0,0,0,0,0 8/3/2018 13:29:41
0,0,0,0,0,0 8/3/2018 13:29:41
