0,0,27,0,0,0 8/3/2018 13:30:20
0,0,31,0,0,0 8/3/2018 13:30:20
0,0,35,0,0,0 8/3/2018 13:30:21
0,0,25,0,0,0 8/3/2018 13:30:21
0,0,13,0,0,0 8/3/2018 13:30:21
0,0,2,0,0,0 8/3/2018 13:30:21
0,0,8,0,0,0 8/3/2018 13:30:21
0,0,6,0,0,0 8/3/2018 13:30:21
0,0,6,0,0,0 8/3/2018 13:30:21
0,0,8,0,0,0 8/3/2018 13:30:21
0,0,0,0,0,0 8/3/2018 13:30:21
0,0,1,0,0,0 8/3/2018 13:30:21
0,0,24,0,0,0 8/3/2018 13:30:21
0,0,20,0,0,0 8/3/2018 13:30:21
0,0,42,0,0,0 8/3/2018 13:30:21
0,0,45,0,0,0 8/3/2018 13:30:21
0,0,28,0,0,0 8/3/2018 13:30:21
0,0,31,0,0,0 8/3/2018 13:30:21
0,0,30,0,0,0 8/3/2018 13:30:21
0,0,34,0,0,0 8/3/2018 13:30:21
0,0,31,0,0,0 8/3/2018 13:30:21
0,0,11,0,0,0 8/3/2018 13:30:21
0,0,2,0,0,0 8/3/2018 13:30:21
0,1,2,261,0,0 8/3/2018 13:30:21
0,0,6,308,0,0 8/3/2018 13:30:21
0,0,0,330,0,0 8/3/2018 13:30:22
0,0,0,321,0,0 8/3/2018 13:30:22
0,0,0,323,0,0 8/3/2018 13:30:22
0,0,0,276,0,0 8/3/2018 13:30:22
0,0,0,299,0,0 8/3/2018 13:30:22
0,0,0,297,0,0 8/3/2018 13:30:22
0,0,0,328,0,0 8/3/2018 13:30:22
0,0,0,346,0,0 8/3/2018 13:30:22
0,0,0,351,0,0 8/3/2018 13:30:22
0,0,0,370,0,0 8/3/2018 13:30:22
0,0,0,357,0,0 8/3/2018 13:30:22
0,0,0,325,0,0 8/3/2018 13:30:22
0,0,0,311,0,0 8/3/2018 13:30:22
0,0,0,299,0,0 8/3/2018 13:30:22
0,0,0,303,0,0 8/3/2018 13:30:22
0,0,0,326,0,0 8/3/2018 13:30:22
0,0,0,302,0,0 8/3/2018 13:30:22
0,0,0,288,0,0 8/3/2018 13:30:22
0,0,0,235,0,0 8/3/2018 13:30:22
0,0,0,191,0,0 8/3/2018 13:30:22
0,0,0,146,0,0 8/3/2018 13:30:22
0,0,0,98,0,0 8/3/2018 13:30:22
0,0,0,74,0,0 8/3/2018 13:30:22
0,0,0,71,0,0 8/3/2018 13:30:23
0,0,0,65,0,0 8/3/2018 13:30:23
0,0,0,49,0,0 8/3/2018 13:30:23
0,0,0,44,0,0 8/3/2018 13:30:23
0,0,0,43,0,0 8/3/2018 13:30:23
0,0,0,0,0,0 8/3/2018 13:30:23
0,0,0,0,0,0 8/3/2018 13:30:23
0,0,0,0,0,0 8/3/2018 13:30:23
0,0,0,0,0,0 8/3/2018 13:30:23
0,0,0,0,0,0 8/3/2018 13:30:23
0,0,0,0,0,0 8/3/2018 13:30:23
0,0,0,0,0,0 8/3/2018 13:30:23
0,0,0,0,0,0 8/3/2018 13:30:23
0,0,10,0,0,0 8/3/2018 13:30:23
0,0,35,0,0,0 8/3/2018 13:30:23
0,0,73,0,0,0 8/3/2018 13:30:23
0,0,127,0,0,0 8/3/2018 13:30:23
0,0,241,0,0,0 8/3/2018 13:30:23
0,0,261,0,0,0 8/3/2018 13:30:23
0,0,308,0,0,0 8/3/2018 13:30:23
0,0,350,0,0,0 8/3/2018 13:30:23
0,0,390,0,0,0 8/3/2018 13:30:23
0,0,439,0,0,0 8/3/2018 13:30:24
0,0,506,0,0,0 8/3/2018 13:30:24
0,0,520,0,0,0 8/3/2018 13:30:24
0,0,544,0,0,0 8/3/2018 13:30:24
0,0,562,0,0,0 8/3/2018 13:30:24
0,0,549,0,0,0 8/3/2018 13:30:24
0,0,484,0,0,0 8/3/2018 13:30:24
0,0,323,0,0,0 8/3/2018 13:30:24
0,0,200,0,0,0 8/3/2018 13:30:24
0,0,124,0,0,0 8/3/2018 13:30:24
0,0,54,0,0,0 8/3/2018 13:30:24
0,0,41,0,0,0 8/3/2018 13:30:24
0,0,33,0,0,0 8/3/2018 13:30:24
0,0,30,0,0,0 8/3/2018 13:30:24
0,0,33,0,0,0 8/3/2018 13:30:24
0,0,27,0,0,0 8/3/2018 13:30:24
0,0,45,0,0,0 8/3/2018 13:30:24
0,0,49,0,0,0 8/3/2018 13:30:24
0,0,47,0,0,0 8/3/2018 13:30:24
0,0,50,0,0,0 8/3/2018 13:30:24
0,0,50,0,0,0 8/3/2018 13:30:24
0,0,46,0,0,0 8/3/2018 13:30:24
0,0,50,0,0,0 8/3/2018 13:30:24
0,0,52,0,0,0 8/3/2018 13:30:25
0,0,54,0,0,0 8/3/2018 13:30:25
0,0,51,0,0,0 8/3/2018 13:30:25
0,0,38,0,0,0 8/3/2018 13:30:25
0,0,36,0,0,0 8/3/2018 13:30:25
0,0,56,0,0,0 8/3/2018 13:30:25
0,0,39,0,0,0 8/3/2018 13:30:25
0,0,38,0,0,0 8/3/2018 13:30:25
0,0,42,0,0,0 8/3/2018 13:30:25
0,0,39,0,0,0 8/3/2018 13:30:25
0,0,41,0,0,0 8/3/2018 13:30:25
0,0,55,0,0,0 8/3/2018 13:30:25
0,0,54,0,0,0 8/3/2018 13:30:25
0,0,60,0,0,0 8/3/2018 13:30:25
0,0,59,0,0,0 8/3/2018 13:30:25
0,0,61,0,0,0 8/3/2018 13:30:25
0,0,57,0,0,0 8/3/2018 13:30:25
0,0,56,0,0,0 8/3/2018 13:30:25
0,0,53,0,0,0 8/3/2018 13:30:25
0,0,52,0,0,0 8/3/2018 13:30:25
0,0,59,0,0,0 8/3/2018 13:30:25
0,0,56,0,0,0 8/3/2018 13:30:25
0,0,50,0,0,0 8/3/2018 13:30:25
0,0,42,0,0,0 8/3/2018 13:30:26
0,0,52,0,0,0 8/3/2018 13:30:26
0,0,48,0,0,0 8/3/2018 13:30:26
0,0,18,0,0,0 8/3/2018 13:30:26
0,0,0,0,0,0 8/3/2018 13:30:26
0,0,0,0,0,0 8/3/2018 13:30:26
0,0,0,0,0,0 8/3/2018 13:30:26
0,0,0,0,0,0 8/3/2018 13:30:26
0,0,0,0,0,0 8/3/2018 13:30:26
0,0,0,0,0,0 8/3/2018 13:30:26
0,0,0,0,0,0 8/3/2018 13:30:26
0,0,0,0,0,0 8/3/2018 13:30:26
0,0,0,0,0,0 8/3/2018 13:30:26
0,0,6,0,0,0 8/3/2018 13:30:26
0,0,0,0,0,0 8/3/2018 13:30:26
0,0,1,0,0,0 8/3/2018 13:30:26
0,0,0,0,0,0 8/3/2018 13:30:26
0,0,0,0,0,0 8/3/2018 13:30:26
0,0,0,0,0,0 8/3/2018 13:30:26
0,0,0,0,0,0 8/3/2018 13:30:26
0,0,0,0,0,0 8/3/2018 13:30:26
0,0,0,0,0,0 8/3/2018 13:30:26
0,0,0,0,0,0 8/3/2018 13:30:27
0,0,0,0,0,0 8/3/2018 13:30:27
0,0,1,0,0,0 8/3/2018 13:30:27
0,0,0,0,0,0 8/3/2018 13:30:27
0,0,0,0,0,0 8/3/2018 13:30:27
0,0,0,0,0,0 8/3/2018 13:30:27
0,2,0,0,0,0 8/3/2018 13:30:27
0,1,2,0,0,0 8/3/2018 13:30:27
0,1,0,0,0,0 8/3/2018 13:30:27
0,1,0,0,0,0 8/3/2018 13:30:27
0,0,0,0,0,0 8/3/2018 13:30:27
0,0,6,0,0,0 8/3/2018 13:30:27
0,0,6,0,0,0 8/3/2018 13:30:27
0,0,6,0,0,0 8/3/2018 13:30:27
0,0,8,0,0,0 8/3/2018 13:30:27
0,0,9,0,0,0 8/3/2018 13:30:27
0,0,8,0,0,0 8/3/2018 13:30:27
0,0,5,0,0,0 8/3/2018 13:30:27
0,0,7,0,0,0 8/3/2018 13:30:27
0,0,6,0,0,0 8/3/2018 13:30:27
0,0,6,0,0,0 8/3/2018 13:30:27
0,0,6,0,0,0 8/3/2018 13:30:27
0,0,2,0,0,0 8/3/2018 13:30:27
0,0,2,0,0,0 8/3/2018 13:30:28
0,0,0,0,0,0 8/3/2018 13:30:28
0,0,0,0,0,0 8/3/2018 13:30:28
0,0,0,0,0,0 8/3/2018 13:30:28
0,0,0,0,0,0 8/3/2018 13:30:28
0,0,0,0,0,0 8/3/2018 13:30:28
0,0,0,0,0,0 8/3/2018 13:30:28
0,0,0,0,0,0 8/3/2018 13:30:28
0,0,0,0,0,0 8/3/2018 13:30:28
0,0,0,0,0,0 8/3/2018 13:30:28
0,0,0,0,0,0 8/3/2018 13:30:28
0,0,0,0,0,0 8/3/2018 13:30:28
0,0,0,0,0,0 8/3/2018 13:30:28
0,0,0,0,0,0 8/3/2018 13:30:28
0,0,0,0,0,0 8/3/2018 13:30:28
0,0,0,0,0,0 8/3/2018 13:30:28
0,0,0,0,0,0 8/3/2018 13:30:28
0,0,0,0,0,0 8/3/2018 13:30:28
0,0,0,0,0,0 8/3/2018 13:30:28
0,0,0,0,0,0 8/3/2018 13:30:28
0,0,0,0,0,0 8/3/2018 13:30:28
0,0,0,0,0,0 8/3/2018 13:30:28
0,0,0,0,0,0 8/3/2018 13:30:28
0,0,0,0,0,0 8/3/2018 13:30:29
0,0,0,0,0,0 8/3/2018 13:30:29
0,0,0,0,0,0 8/3/2018 13:30:29
0,0,0,0,0,0 8/3/2018 13:30:29
0,0,0,0,0,0 8/3/2018 13:30:29
0,0,0,0,0,0 8/3/2018 13:30:29
0,0,0,0,0,0 8/3/2018 13:30:29
0,0,0,0,0,0 8/3/2018 13:30:29
0,0,0,0,0,0 8/3/2018 13:30:29
0,0,0,0,0,0 8/3/2018 13:30:29
0,0,0,0,0,0 8/3/2018 13:30:29
0,0,0,0,0,0 8/3/2018 13:30:29
0,0,0,0,0,0 8/3/2018 13:30:29
0,0,0,0,0,0 8/3/2018 13:30:29
0,0,0,0,0,0 8/3/2018 13:30:29
0,0,0,0,0,0 8/3/2018 13:30:29
0,0,1,0,0,0 8/3/2018 13:30:29
0,0,0,0,0,0 8/3/2018 13:30:29
0,0,0,0,0,0 8/3/2018 13:30:29
0,0,0,0,0,0 8/3/2018 13:30:29
0,0,0,0,0,0 8/3/2018 13:30:29
0,0,0,0,0,0 8/3/2018 13:30:29
0,0,0,0,0,0 8/3/2018 13:30:29
0,0,0,0,0,0 8/3/2018 13:30:30
0,0,0,0,0,0 8/3/2018 13:30:30
0,0,0,0,0,0 8/3/2018 13:30:30
0,0,0,0,0,0 8/3/2018 13:30:30
0,0,0,0,0,0 8/3/2018 13:30:30
0,0,0,0,0,0 8/3/2018 13:30:30
0,0,0,0,0,0 8/3/2018 13:30:30
0,0,0,0,0,0 8/3/2018 13:30:30
0,0,0,0,0,0 8/3/2018 13:30:30
0,0,0,0,0,0 8/3/2018 13:30:30
0,0,0,0,0,0 8/3/2018 13:30:30
0,0,0,0,0,0 8/3/2018 13:30:30
0,0,0,0,0,0 8/3/2018 13:30:30
0,0,0,0,0,0 8/3/2018 13:30:30
0,1,0,0,0,0 8/3/2018 13:30:30
0,0,0,0,0,0 8/3/2018 13:30:30
0,1,0,0,0,0 8/3/2018 13:30:30
0,0,0,0,1,0 8/3/2018 13:30:30
0,1,0,0,0,0 8/3/2018 13:30:30
0,1,0,0,0,0 8/3/2018 13:30:30
0,0,0,0,0,0 8/3/2018 13:30:30
0,0,0,0,0,0 8/3/2018 13:30:30
0,0,0,0,0,0 8/3/2018 13:30:31
0,0,0,0,0,0 8/3/2018 13:30:31
0,0,0,0,0,0 8/3/2018 13:30:31
0,0,0,0,0,0 8/3/2018 13:30:31
0,0,0,0,0,0 8/3/2018 13:30:31
0,0,0,0,0,0 8/3/2018 13:30:31
0,1,0,0,0,0 8/3/2018 13:30:31
0,0,0,0,0,0 8/3/2018 13:30:31
0,0,0,0,0,0 8/3/2018 13:30:31
0,0,0,0,0,0 8/3/2018 13:30:31
0,0,0,0,0,0 8/3/2018 13:30:31
0,0,0,0,0,0 8/3/2018 13:30:31
0,1,0,0,0,0 8/3/2018 13:30:31
0,0,0,0,0,0 8/3/2018 13:30:31
0,0,0,0,0,0 8/3/2018 13:30:31
0,0,0,0,0,0 8/3/2018 13:30:31
0,0,2,0,0,0 8/3/2018 13:30:31
0,0,0,0,0,0 8/3/2018 13:30:31
0,0,0,0,0,0 8/3/2018 13:30:31
0,0,0,0,0,0 8/3/2018 13:30:31
0,1,0,0,0,0 8/3/2018 13:30:31
0,0,0,0,0,0 8/3/2018 13:30:31
0,0,0,0,0,0 8/3/2018 13:30:31
0,0,0,0,0,0 8/3/2018 13:30:32
0,0,0,0,0,0 8/3/2018 13:30:32
0,0,0,0,0,0 8/3/2018 13:30:32
0,0,0,0,0,0 8/3/2018 13:30:32
0,0,0,0,0,0 8/3/2018 13:30:32
0,0,0,0,0,0 8/3/2018 13:30:32
0,0,0,0,0,0 8/3/2018 13:30:32
0,0,0,0,0,0 8/3/2018 13:30:32
0,0,0,0,0,0 8/3/2018 13:30:32
0,0,0,0,0,0 8/3/2018 13:30:32
0,0,0,0,0,0 8/3/2018 13:30:32
0,0,0,0,0,0 8/3/2018 13:30:32
0,0,0,0,0,0 8/3/2018 13:30:32
0,0,0,0,0,0 8/3/2018 13:30:32
0,0,0,0,0,0 8/3/2018 13:30:32
0,0,0,0,0,0 8/3/2018 13:30:32
0,0,0,0,0,0 8/3/2018 13:30:32
0,0,0,0,0,0 8/3/2018 13:30:32
0,0,0,0,0,0 8/3/2018 13:30:32
0,0,0,0,0,0 8/3/2018 13:30:32
0,0,0,0,0,0 8/3/2018 13:30:32
0,0,0,0,0,0 8/3/2018 13:30:32
0,0,0,0,0,0 8/3/2018 13:30:32
0,0,0,0,0,0 8/3/2018 13:30:33
0,0,0,0,0,0 8/3/2018 13:30:33
0,0,0,0,0,0 8/3/2018 13:30:33
0,0,0,0,0,0 8/3/2018 13:30:33
0,0,0,0,0,0 8/3/2018 13:30:33
0,0,0,0,0,0 8/3/2018 13:30:33
0,0,0,0,0,0 8/3/2018 13:30:33
0,0,0,0,0,0 8/3/2018 13:30:33
