0,0,0,0,0,0 8/3/2018 13:31:16
0,0,0,0,0,0 8/3/2018 13:31:16
0,0,0,0,0,0 8/3/2018 13:31:16
0,0,0,0,0,0 8/3/2018 13:31:16
0,0,0,0,0,0 8/3/2018 13:31:16
0,0,0,0,0,0 8/3/2018 13:31:16
0,0,0,0,0,0 8/3/2018 13:31:16
0,0,0,0,0,0 8/3/2018 13:31:16
0,0,0,0,0,0 8/3/2018 13:31:16
0,0,0,0,0,0 8/3/2018 13:31:16
0,0,0,0,0,0 8/3/2018 13:31:16
0,0,0,0,0,0 8/3/2018 13:31:16
0,0,0,0,0,0 8/3/2018 13:31:16
0,0,0,0,0,0 8/3/2018 13:31:16
0,0,0,0,0,0 8/3/2018 13:31:16
0,0,0,0,0,0 8/3/2018 13:31:16
0,0,0,0,0,0 8/3/2018 13:31:16
0,0,0,0,0,0 8/3/2018 13:31:16
0,0,0,0,0,0 8/3/2018 13:31:17
0,0,0,0,0,0 8/3/2018 13:31:17
0,0,0,0,0,0 8/3/2018 13:31:17
0,0,0,0,0,0 8/3/2018 13:31:17
0,0,0,0,0,0 8/3/2018 13:31:17
0,0,0,0,0,0 8/3/2018 13:31:17
0,0,0,0,0,0 8/3/2018 13:31:17
0,0,0,0,0,0 8/3/2018 13:31:17
0,0,0,0,0,0 8/3/2018 13:31:17
0,0,0,0,0,0 8/3/2018 13:31:17
0,0,0,0,0,0 8/3/2018 13:31:17
0,0,0,0,0,0 8/3/2018 13:31:17
0,0,0,0,0,0 8/3/2018 13:31:17
0,0,0,0,0,0 8/3/2018 13:31:17
0,0,0,0,0,0 8/3/2018 13:31:17
0,0,0,0,0,0 8/3/2018 13:31:17
0,0,0,0,0,0 8/3/2018 13:31:17
0,0,5,0,0,0 8/3/2018 13:31:17
0,0,3,0,0,0 8/3/2018 13:31:17
0,0,2,12,0,0 8/3/2018 13:31:17
0,0,3,18,0,0 8/3/2018 13:31:17
0,0,0,0,0,0 8/3/2018 13:31:17
0,0,0,0,0,0 8/3/2018 13:31:18
0,0,0,0,0,0 8/3/2018 13:31:18
0,0,0,0,0,0 8/3/2018 13:31:18
0,0,0,0,0,0 8/3/2018 13:31:18
0,0,0,0,0,0 8/3/2018 13:31:18
0,0,0,0,0,0 8/3/2018 13:31:18
0,0,0,0,0,0 8/3/2018 13:31:18
0,0,0,0,0,0 8/3/2018 13:31:18
0,0,0,0,0,0 8/3/2018 13:31:18
0,0,0,0,0,0 8/3/2018 13:31:18
0,0,0,0,0,0 8/3/2018 13:31:18
0,0,0,0,0,0 8/3/2018 13:31:18
0,0,0,0,0,0 8/3/2018 13:31:18
0,0,3,0,0,0 8/3/2018 13:31:18
0,0,0,0,0,0 8/3/2018 13:31:18
0,0,0,0,0,0 8/3/2018 13:31:18
0,0,0,0,0,0 8/3/2018 13:31:18
0,0,0,0,0,0 8/3/2018 13:31:18
0,0,3,0,0,0 8/3/2018 13:31:18
0,0,9,0,0,0 8/3/2018 13:31:18
0,0,13,0,0,0 8/3/2018 13:31:18
0,0,12,0,0,0 8/3/2018 13:31:18
0,0,9,0,0,0 8/3/2018 13:31:18
0,0,0,0,0,0 8/3/2018 13:31:19
0,0,0,0,0,0 8/3/2018 13:31:19
0,0,0,0,0,0 8/3/2018 13:31:19
0,0,0,0,0,0 8/3/2018 13:31:19
0,0,0,0,0,0 8/3/2018 13:31:19
0,0,0,0,0,0 8/3/2018 13:31:19
0,0,0,0,0,0 8/3/2018 13:31:19
0,0,0,0,0,0 8/3/2018 13:31:19
0,0,0,0,0,0 8/3/2018 13:31:19
0,0,0,0,0,0 8/3/2018 13:31:19
0,0,4,0,0,0 8/3/2018 13:31:19
0,0,0,0,0,0 8/3/2018 13:31:19
0,0,0,0,0,0 8/3/2018 13:31:19
0,0,0,0,0,0 8/3/2018 13:31:19
0,0,0,0,0,0 8/3/2018 13:31:19
0,0,0,0,0,0 8/3/2018 13:31:19
0,0,0,0,0,0 8/3/2018 13:31:19
0,0,0,0,0,0 8/3/2018 13:31:19
0,0,0,0,0,0 8/3/2018 13:31:19
0,0,0,0,0,0 8/3/2018 13:31:19
0,0,0,0,0,0 8/3/2018 13:31:19
0,0,1,0,0,0 8/3/2018 13:31:19
0,0,0,0,0,0 8/3/2018 13:31:19
0,0,0,0,0,0 8/3/2018 13:31:20
0,0,0,0,0,0 8/3/2018 13:31:20
0,0,0,0,0,0 8/3/2018 13:31:20
0,0,0,0,0,0 8/3/2018 13:31:20
0,0,0,0,0,0 8/3/2018 13:31:20
0,0,3,0,0,0 8/3/2018 13:31:20
0,0,0,0,0,0 8/3/2018 13:31:20
0,0,0,0,0,0 8/3/2018 13:31:20
0,0,9,0,0,0 8/3/2018 13:31:20
0,0,0,0,0,0 8/3/2018 13:31:20
0,0,0,0,0,0 8/3/2018 13:31:20
0,0,0,0,0,0 8/3/2018 13:31:20
0,0,0,0,0,0 8/3/2018 13:31:20
0,0,0,0,0,0 8/3/2018 13:31:20
0,0,0,0,0,0 8/3/2018 13:31:20
0,0,0,0,0,0 8/3/2018 13:31:20
0,0,0,0,0,0 8/3/2018 13:31:20
0,0,0,0,0,0 8/3/2018 13:31:20
0,0,0,0,0,0 8/3/2018 13:31:20
0,0,0,0,0,0 8/3/2018 13:31:20
0,0,0,0,0,0 8/3/2018 13:31:20
0,0,0,0,0,0 8/3/2018 13:31:20
0,0,0,0,0,0 8/3/2018 13:31:20
0,0,0,0,0,0 8/3/2018 13:31:21
0,0,0,0,0,0 8/3/2018 13:31:21
0,0,0,0,0,0 8/3/2018 13:31:21
0,0,0,0,0,0 8/3/2018 13:31:21
0,0,0,0,0,0 8/3/2018 13:31:21
0,0,0,0,0,0 8/3/2018 13:31:21
0,0,0,0,0,0 8/3/2018 13:31:21
0,0,0,0,0,0 8/3/2018 13:31:21
0,0,0,0,0,0 8/3/2018 13:31:21
0,0,0,0,0,0 8/3/2018 13:31:21
0,0,0,0,0,0 8/3/2018 13:31:21
0,0,0,0,0,0 8/3/2018 13:31:21
0,0,0,0,0,0 8/3/2018 13:31:21
0,0,0,0,0,0 8/3/2018 13:31:21
0,0,0,0,0,0 8/3/2018 13:31:21
0,0,0,0,0,0 8/3/2018 13:31:21
0,0,0,0,0,0 8/3/2018 13:31:21
0,0,0,0,0,0 8/3/2018 13:31:21
0,0,0,0,0,0 8/3/2018 13:31:21
0,0,0,0,0,0 8/3/2018 13:31:21
0,0,0,0,0,0 8/3/2018 13:31:21
0,0,0,0,0,0 8/3/2018 13:31:21
0,0,0,0,0,0 8/3/2018 13:31:22
0,0,0,0,0,0 8/3/2018 13:31:22
0,0,0,0,0,0 8/3/2018 13:31:22
0,0,2,0,0,0 8/3/2018 13:31:22
0,0,7,0,0,0 8/3/2018 13:31:22
0,0,0,0,0,0 8/3/2018 13:31:22
0,0,0,0,0,0 8/3/2018 13:31:22
0,0,0,0,0,0 8/3/2018 13:31:22
0,0,0,0,0,0 8/3/2018 13:31:22
0,0,0,0,0,0 8/3/2018 13:31:22
0,0,0,0,0,0 8/3/2018 13:31:22
0,0,0,0,0,0 8/3/2018 13:31:22
0,0,0,0,0,0 8/3/2018 13:31:22
0,0,13,0,0,0 8/3/2018 13:31:22
0,0,16,0,0,0 8/3/2018 13:31:22
0,0,31,0,0,0 8/3/2018 13:31:22
0,0,31,0,0,0 8/3/2018 13:31:22
0,0,0,0,0,0 8/3/2018 13:31:22
0,0,0,0,0,0 8/3/2018 13:31:22
0,0,0,0,0,0 8/3/2018 13:31:22
0,0,0,0,0,0 8/3/2018 13:31:22
0,0,0,0,0,0 8/3/2018 13:31:22
0,0,0,0,0,0 8/3/2018 13:31:22
0,0,0,0,0,0 8/3/2018 13:31:23
0,0,0,0,0,0 8/3/2018 13:31:23
0,0,16,0,0,0 8/3/2018 13:31:23
0,0,9,0,0,0 8/3/2018 13:31:23
0,0,0,0,0,0 8/3/2018 13:31:23
0,0,0,0,0,0 8/3/2018 13:31:23
0,0,0,0,0,0 8/3/2018 13:31:23
0,0,0,0,0,0 8/3/2018 13:31:23
0,0,0,0,0,0 8/3/2018 13:31:23
0,0,0,0,0,0 8/3/2018 13:31:23
0,0,0,0,0,0 8/3/2018 13:31:23
0,0,0,0,0,0 8/3/2018 13:31:23
0,0,0,0,0,0 8/3/2018 13:31:23
0,0,0,0,0,0 8/3/2018 13:31:23
0,0,0,0,0,0 8/3/2018 13:31:23
0,0,0,0,0,0 8/3/2018 13:31:23
0,0,0,0,0,0 8/3/2018 13:31:23
0,0,0,0,0,0 8/3/2018 13:31:23
0,0,0,0,0,0 8/3/2018 13:31:23
0,0,0,0,0,0 8/3/2018 13:31:23
0,0,0,0,0,0 8/3/2018 13:31:23
0,0,0,0,0,0 8/3/2018 13:31:23
0,0,0,0,0,0 8/3/2018 13:31:23
0,0,0,0,0,0 8/3/2018 13:31:24
0,0,0,0,0,0 8/3/2018 13:31:24
0,0,0,0,0,0 8/3/2018 13:31:24
0,0,0,0,0,0 8/3/2018 13:31:24
0,0,0,0,0,0 8/3/2018 13:31:24
0,0,0,0,0,0 8/3/2018 13:31:24
0,0,0,0,0,0 8/3/2018 13:31:24
0,0,0,0,0,0 8/3/2018 13:31:24
0,0,1,0,0,0 8/3/2018 13:31:24
0,0,2,0,0,0 8/3/2018 13:31:24
0,0,0,0,0,0 8/3/2018 13:31:24
0,0,0,0,0,0 8/3/2018 13:31:24
0,0,0,0,0,0 8/3/2018 13:31:24
0,0,0,0,0,0 8/3/2018 13:31:24
0,0,0,0,0,0 8/3/2018 13:31:24
0,0,0,0,0,0 8/3/2018 13:31:24
0,0,0,0,0,0 8/3/2018 13:31:24
0,0,0,0,0,0 8/3/2018 13:31:24
0,0,0,0,0,0 8/3/2018 13:31:24
0,0,0,0,0,0 8/3/2018 13:31:24
0,0,0,0,0,0 8/3/2018 13:31:24
0,0,0,0,0,0 8/3/2018 13:31:24
0,0,0,0,0,0 8/3/2018 13:31:24
0,0,0,0,0,0 8/3/2018 13:31:25
0,0,0,0,0,0 8/3/2018 13:31:25
0,0,0,0,0,0 8/3/2018 13:31:25
0,0,0,0,0,0 8/3/2018 13:31:25
0,0,0,0,0,0 8/3/2018 13:31:25
0,0,0,0,0,0 8/3/2018 13:31:25
0,0,0,0,0,0 8/3/2018 13:31:25
0,0,5,0,0,0 8/3/2018 13:31:25
0,0,0,0,0,0 8/3/2018 13:31:25
0,0,0,0,0,0 8/3/2018 13:31:25
0,0,0,0,0,0 8/3/2018 13:31:25
0,0,0,0,0,0 8/3/2018 13:31:25
0,0,0,0,0,0 8/3/2018 13:31:25
0,0,0,0,0,0 8/3/2018 13:31:25
0,0,0,0,0,0 8/3/2018 13:31:25
0,0,0,0,0,0 8/3/2018 13:31:25
0,0,0,0,0,0 8/3/2018 13:31:25
0,0,0,0,0,0 8/3/2018 13:31:25
0,0,0,0,0,0 8/3/2018 13:31:25
0,0,0,0,0,0 8/3/2018 13:31:25
0,0,0,0,0,0 8/3/2018 13:31:25
0,0,0,0,0,0 8/3/2018 13:31:25
0,0,0,0,0,0 8/3/2018 13:31:26
0,0,0,0,0,0 8/3/2018 13:31:26
0,0,0,0,0,0 8/3/2018 13:31:26
0,0,0,0,0,0 8/3/2018 13:31:26
0,0,0,0,0,0 8/3/2018 13:31:26
0,0,0,0,0,0 8/3/2018 13:31:26
0,0,0,0,0,0 8/3/2018 13:31:26
0,0,0,0,0,0 8/3/2018 13:31:26
0,0,0,0,0,0 8/3/2018 13:31:26
0,0,0,0,0,0 8/3/2018 13:31:26
0,0,0,0,0,0 8/3/2018 13:31:26
0,0,0,0,0,0 8/3/2018 13:31:26
0,0,0,0,0,0 8/3/2018 13:31:26
0,0,0,0,0,0 8/3/2018 13:31:26
0,0,9,0,0,0 8/3/2018 13:31:26
0,0,0,0,0,0 8/3/2018 13:31:26
0,0,0,0,0,0 8/3/2018 13:31:26
0,0,0,0,0,0 8/3/2018 13:31:26
0,0,0,0,0,0 8/3/2018 13:31:26
0,0,0,0,0,0 8/3/2018 13:31:26
0,0,0,0,0,0 8/3/2018 13:31:26
0,0,0,0,0,0 8/3/2018 13:31:26
0,0,0,0,0,0 8/3/2018 13:31:26
0,0,0,0,0,0 8/3/2018 13:31:27
0,0,0,0,0,0 8/3/2018 13:31:27
0,0,0,125,0,0 8/3/2018 13:31:27
0,0,0,380,0,0 8/3/2018 13:31:27
0,0,0,285,0,0 8/3/2018 13:31:27
0,0,0,0,0,0 8/3/2018 13:31:27
0,0,0,0,0,0 8/3/2018 13:31:27
0,0,0,0,0,0 8/3/2018 13:31:27
0,0,0,0,0,0 8/3/2018 13:31:27
0,0,0,0,0,0 8/3/2018 13:31:27
0,0,0,0,0,0 8/3/2018 13:31:27
0,0,0,0,0,0 8/3/2018 13:31:27
0,0,0,0,0,0 8/3/2018 13:31:27
0,0,0,0,0,0 8/3/2018 13:31:27
0,0,0,0,0,0 8/3/2018 13:31:27
0,0,0,161,0,0 8/3/2018 13:31:27
0,0,0,0,0,0 8/3/2018 13:31:27
0,0,0,0,0,0 8/3/2018 13:31:27
0,0,0,0,0,0 8/3/2018 13:31:27
0,0,0,0,0,0 8/3/2018 13:31:27
0,0,0,0,0,0 8/3/2018 13:31:27
0,0,0,0,0,0 8/3/2018 13:31:27
0,0,0,0,0,0 8/3/2018 13:31:27
0,0,0,0,0,0 8/3/2018 13:31:28
0,0,0,0,0,0 8/3/2018 13:31:28
0,0,22,0,0,0 8/3/2018 13:31:28
0,0,37,0,0,0 8/3/2018 13:31:28
0,0,20,0,0,0 8/3/2018 13:31:28
0,0,0,0,0,0 8/3/2018 13:31:28
0,0,0,0,0,0 8/3/2018 13:31:28
0,0,0,0,0,0 8/3/2018 13:31:28
