0,0,0,0,0,0 8/3/2018 13:32:17
0,0,0,0,0,0 8/3/2018 13:32:17
0,0,0,0,0,0 8/3/2018 13:32:17
0,1,0,0,0,0 8/3/2018 13:32:17
0,1,0,0,0,0 8/3/2018 13:32:17
0,0,0,0,0,0 8/3/2018 13:32:17
0,0,0,0,0,0 8/3/2018 13:32:17
0,1,0,0,0,0 8/3/2018 13:32:17
0,1,0,0,0,0 8/3/2018 13:32:17
0,0,0,0,0,0 8/3/2018 13:32:17
0,1,0,0,0,0 8/3/2018 13:32:17
0,1,0,0,0,0 8/3/2018 13:32:18
0,0,0,0,0,0 8/3/2018 13:32:18
0,1,0,0,0,0 8/3/2018 13:32:18
0,2,0,0,0,0 8/3/2018 13:32:18
0,0,0,0,0,0 8/3/2018 13:32:18
0,0,0,0,0,0 8/3/2018 13:32:18
0,0,0,0,0,0 8/3/2018 13:32:18
0,0,0,0,0,0 8/3/2018 13:32:18
0,0,0,0,0,0 8/3/2018 13:32:18
0,0,0,0,0,0 8/3/2018 13:32:18
0,0,0,0,0,0 8/3/2018 13:32:18
0,0,0,0,0,0 8/3/2018 13:32:18
0,0,0,0,0,0 8/3/2018 13:32:18
0,0,0,0,0,0 8/3/2018 13:32:18
0,0,0,0,0,0 8/3/2018 13:32:18
0,0,0,0,0,0 8/3/2018 13:32:18
0,0,0,0,0,0 8/3/2018 13:32:18
0,0,0,0,0,0 8/3/2018 13:32:18
0,0,0,0,0,0 8/3/2018 13:32:18
0,0,0,0,0,0 8/3/2018 13:32:18
0,0,0,0,0,0 8/3/2018 13:32:18
0,0,0,0,0,0 8/3/2018 13:32:18
0,0,0,0,0,0 8/3/2018 13:32:18
0,0,0,0,0,0 8/3/2018 13:32:19
0,0,0,0,0,0 8/3/2018 13:32:19
0,0,0,0,0,0 8/3/2018 13:32:19
0,0,0,0,0,0 8/3/2018 13:32:19
0,0,0,0,0,0 8/3/2018 13:32:19
0,0,0,0,0,0 8/3/2018 13:32:19
0,0,0,0,0,0 8/3/2018 13:32:19
0,0,0,0,1,0 8/3/2018 13:32:19
0,0,0,0,0,0 8/3/2018 13:32:19
0,0,0,0,0,0 8/3/2018 13:32:19
0,0,0,0,0,0 8/3/2018 13:32:19
0,0,0,0,0,0 8/3/2018 13:32:19
0,1,0,0,0,0 8/3/2018 13:32:19
0,0,0,0,0,0 8/3/2018 13:32:19
0,0,0,0,0,0 8/3/2018 13:32:19
0,0,0,0,0,0 8/3/2018 13:32:19
0,0,0,0,0,0 8/3/2018 13:32:19
0,1,0,0,0,0 8/3/2018 13:32:19
0,1,0,0,0,0 8/3/2018 13:32:19
0,0,0,0,0,0 8/3/2018 13:32:19
0,1,0,0,0,0 8/3/2018 13:32:19
0,0,0,0,0,0 8/3/2018 13:32:19
0,1,0,0,0,0 8/3/2018 13:32:20
0,1,0,0,0,0 8/3/2018 13:32:20
0,2,0,0,0,0 8/3/2018 13:32:20
0,0,0,0,0,0 8/3/2018 13:32:20
0,0,0,0,0,0 8/3/2018 13:32:20
0,0,0,0,0,0 8/3/2018 13:32:20
0,0,0,0,0,0 8/3/2018 13:32:20
0,0,0,0,0,0 8/3/2018 13:32:20
0,0,0,0,0,0 8/3/2018 13:32:20
0,0,0,0,0,0 8/3/2018 13:32:20
0,0,0,0,0,0 8/3/2018 13:32:20
0,0,0,0,0,0 8/3/2018 13:32:20
0,0,0,0,0,0 8/3/2018 13:32:20
0,0,0,0,0,0 8/3/2018 13:32:20
0,0,0,0,0,0 8/3/2018 13:32:20
0,0,0,0,0,0 8/3/2018 13:32:20
0,1,0,0,0,0 8/3/2018 13:32:20
0,0,0,0,0,0 8/3/2018 13:32:20
0,1,0,0,0,0 8/3/2018 13:32:20
0,0,0,0,0,0 8/3/2018 13:32:20
0,0,0,0,0,0 8/3/2018 13:32:20
0,0,0,0,0,0 8/3/2018 13:32:20
0,0,0,0,0,0 8/3/2018 13:32:20
0,1,0,0,0,0 8/3/2018 13:32:21
0,0,0,0,0,0 8/3/2018 13:32:21
0,0,0,0,0,0 8/3/2018 13:32:21
0,0,0,0,0,0 8/3/2018 13:32:21
0,0,0,0,0,0 8/3/2018 13:32:21
0,0,0,0,0,0 8/3/2018 13:32:21
0,0,0,0,0,0 8/3/2018 13:32:21
0,0,0,0,0,0 8/3/2018 13:32:21
0,0,0,0,0,0 8/3/2018 13:32:21
0,0,0,0,0,0 8/3/2018 13:32:21
0,0,0,0,0,0 8/3/2018 13:32:21
0,0,0,0,0,0 8/3/2018 13:32:21
0,0,0,0,0,0 8/3/2018 13:32:21
0,0,0,0,0,0 8/3/2018 13:32:21
0,0,0,0,0,0 8/3/2018 13:32:21
0,0,0,0,0,0 8/3/2018 13:32:21
0,0,0,0,0,0 8/3/2018 13:32:21
0,0,0,0,0,0 8/3/2018 13:32:21
0,0,0,0,0,0 8/3/2018 13:32:21
0,1,0,0,0,0 8/3/2018 13:32:21
0,0,0,0,0,0 8/3/2018 13:32:21
0,1,0,0,0,0 8/3/2018 13:32:21
0,1,0,0,0,0 8/3/2018 13:32:21
0,0,0,0,0,0 8/3/2018 13:32:22
0,0,0,0,0,0 8/3/2018 13:32:22
0,0,0,0,0,0 8/3/2018 13:32:22
0,1,0,0,0,0 8/3/2018 13:32:22
0,0,0,0,0,0 8/3/2018 13:32:22
0,0,0,0,0,0 8/3/2018 13:32:22
0,0,0,0,0,0 8/3/2018 13:32:22
0,0,0,0,0,0 8/3/2018 13:32:22
0,0,0,0,0,0 8/3/2018 13:32:22
0,0,0,0,0,0 8/3/2018 13:32:22
0,0,0,0,0,0 8/3/2018 13:32:22
0,0,0,0,0,0 8/3/2018 13:32:22
0,0,0,0,0,0 8/3/2018 13:32:22
0,0,0,0,0,0 8/3/2018 13:32:22
0,0,0,0,0,0 8/3/2018 13:32:22
0,0,0,0,0,0 8/3/2018 13:32:22
0,0,0,0,0,0 8/3/2018 13:32:22
0,0,0,0,0,0 8/3/2018 13:32:22
0,0,0,0,0,0 8/3/2018 13:32:22
0,0,0,0,0,0 8/3/2018 13:32:22
0,0,0,0,0,0 8/3/2018 13:32:22
0,0,0,0,0,0 8/3/2018 13:32:22
0,0,0,0,0,0 8/3/2018 13:32:23
0,0,0,0,0,0 8/3/2018 13:32:23
0,0,0,0,0,0 8/3/2018 13:32:23
0,0,0,0,0,0 8/3/2018 13:32:23
0,0,0,0,0,0 8/3/2018 13:32:23
0,0,0,0,0,0 8/3/2018 13:32:23
0,0,75,0,0,0 8/3/2018 13:32:23
0,0,0,0,0,0 8/3/2018 13:32:23
0,0,0,0,0,0 8/3/2018 13:32:23
0,0,0,0,0,0 8/3/2018 13:32:23
0,0,0,0,0,0 8/3/2018 13:32:23
0,0,0,0,0,0 8/3/2018 13:32:23
0,0,0,0,0,0 8/3/2018 13:32:23
0,0,0,0,0,0 8/3/2018 13:32:23
0,0,0,0,0,0 8/3/2018 13:32:23
0,0,0,0,0,0 8/3/2018 13:32:23
0,0,0,0,0,0 8/3/2018 13:32:23
0,0,0,0,0,0 8/3/2018 13:32:23
0,0,0,0,0,0 8/3/2018 13:32:23
0,0,0,0,0,0 8/3/2018 13:32:23
0,0,0,0,0,0 8/3/2018 13:32:23
0,0,0,0,0,0 8/3/2018 13:32:23
0,0,0,0,0,0 8/3/2018 13:32:23
0,0,0,0,0,0 8/3/2018 13:32:24
0,0,0,0,0,0 8/3/2018 13:32:24
0,0,0,0,0,0 8/3/2018 13:32:24
0,0,0,0,0,0 8/3/2018 13:32:24
0,0,0,0,0,0 8/3/2018 13:32:24
0,0,0,0,0,0 8/3/2018 13:32:24
0,0,0,0,0,0 8/3/2018 13:32:24
0,0,0,0,0,0 8/3/2018 13:32:24
0,0,0,0,0,0 8/3/2018 13:32:24
0,0,0,0,0,0 8/3/2018 13:32:24
0,0,0,0,0,0 8/3/2018 13:32:24
0,0,0,0,0,0 8/3/2018 13:32:24
0,0,0,0,0,0 8/3/2018 13:32:24
0,0,0,0,0,0 8/3/2018 13:32:24
0,0,0,0,0,0 8/3/2018 13:32:24
0,0,0,0,0,0 8/3/2018 13:32:24
0,0,0,0,0,0 8/3/2018 13:32:24
0,0,0,0,0,0 8/3/2018 13:32:24
0,0,0,0,0,0 8/3/2018 13:32:24
0,0,0,0,0,0 8/3/2018 13:32:24
0,0,0,0,0,0 8/3/2018 13:32:24
0,0,0,0,0,0 8/3/2018 13:32:24
0,0,0,0,0,0 8/3/2018 13:32:24
0,0,0,0,0,0 8/3/2018 13:32:25
0,0,0,0,0,0 8/3/2018 13:32:25
0,0,0,0,0,0 8/3/2018 13:32:25
0,0,0,0,0,0 8/3/2018 13:32:25
0,0,0,0,0,0 8/3/2018 13:32:25
0,0,0,0,0,0 8/3/2018 13:32:25
0,0,0,0,0,0 8/3/2018 13:32:25
0,0,0,0,0,0 8/3/2018 13:32:25
0,0,0,0,0,0 8/3/2018 13:32:25
0,1,0,0,0,0 8/3/2018 13:32:25
0,0,0,0,0,0 8/3/2018 13:32:25
0,0,0,0,0,0 8/3/2018 13:32:25
0,0,0,0,0,0 8/3/2018 13:32:25
0,0,0,0,0,0 8/3/2018 13:32:25
0,0,0,0,0,0 8/3/2018 13:32:25
0,0,0,0,0,0 8/3/2018 13:32:25
0,0,0,0,0,0 8/3/2018 13:32:25
0,0,0,0,0,0 8/3/2018 13:32:25
0,0,0,0,0,0 8/3/2018 13:32:25
0,0,0,0,0,0 8/3/2018 13:32:25
0,0,0,0,0,0 8/3/2018 13:32:25
0,0,0,0,0,0 8/3/2018 13:32:25
0,0,0,0,0,0 8/3/2018 13:32:25
0,0,0,0,0,0 8/3/2018 13:32:26
0,0,0,0,0,0 8/3/2018 13:32:26
0,0,0,0,0,0 8/3/2018 13:32:26
0,0,0,0,0,0 8/3/2018 13:32:26
0,0,0,0,0,0 8/3/2018 13:32:26
0,0,0,0,0,0 8/3/2018 13:32:26
0,0,22,0,0,0 8/3/2018 13:32:26
0,0,0,0,0,0 8/3/2018 13:32:26
0,0,0,0,0,0 8/3/2018 13:32:26
0,0,0,0,0,0 8/3/2018 13:32:26
0,0,0,0,0,0 8/3/2018 13:32:26
0,0,0,0,0,0 8/3/2018 13:32:26
0,0,0,0,0,0 8/3/2018 13:32:26
0,0,0,0,0,0 8/3/2018 13:32:26
0,0,0,0,0,0 8/3/2018 13:32:26
0,0,0,0,0,0 8/3/2018 13:32:26
0,0,0,0,0,0 8/3/2018 13:32:26
0,0,0,0,0,0 8/3/2018 13:32:26
0,0,0,0,0,0 8/3/2018 13:32:26
0,0,0,0,0,0 8/3/2018 13:32:26
0,0,0,0,0,0 8/3/2018 13:32:26
0,0,0,0,0,0 8/3/2018 13:32:26
0,0,0,0,0,0 8/3/2018 13:32:27
0,0,0,0,0,0 8/3/2018 13:32:27
0,0,0,0,0,0 8/3/2018 13:32:27
0,0,0,0,0,0 8/3/2018 13:32:27
0,0,0,0,0,0 8/3/2018 13:32:27
0,0,0,0,0,0 8/3/2018 13:32:27
0,0,0,0,0,0 8/3/2018 13:32:27
0,0,0,0,0,0 8/3/2018 13:32:27
0,0,0,0,0,0 8/3/2018 13:32:27
0,0,0,0,0,0 8/3/2018 13:32:27
0,0,0,0,0,0 8/3/2018 13:32:27
0,0,0,0,0,0 8/3/2018 13:32:27
0,0,0,0,0,0 8/3/2018 13:32:27
0,0,75,0,0,0 8/3/2018 13:32:27
0,0,0,0,0,0 8/3/2018 13:32:27
0,0,0,0,0,0 8/3/2018 13:32:27
0,0,0,0,0,0 8/3/2018 13:32:27
0,0,2,0,0,0 8/3/2018 13:32:27
0,0,1,0,0,0 8/3/2018 13:32:27
0,0,1,0,0,0 8/3/2018 13:32:27
0,0,15,0,0,0 8/3/2018 13:32:27
0,0,20,0,0,0 8/3/2018 13:32:27
0,0,13,0,0,0 8/3/2018 13:32:27
0,0,26,0,0,1 8/3/2018 13:32:28
0,0,0,0,0,0 8/3/2018 13:32:28
0,0,0,0,0,0 8/3/2018 13:32:28
0,0,0,0,0,0 8/3/2018 13:32:28
0,0,0,0,0,0 8/3/2018 13:32:28
0,0,0,0,0,0 8/3/2018 13:32:28
0,0,0,0,0,0 8/3/2018 13:32:28
0,0,6,0,0,0 8/3/2018 13:32:28
0,0,9,0,0,0 8/3/2018 13:32:28
0,0,29,0,0,0 8/3/2018 13:32:28
0,0,35,0,0,0 8/3/2018 13:32:28
0,0,38,0,0,0 8/3/2018 13:32:28
0,0,41,0,0,0 8/3/2018 13:32:28
0,0,35,0,0,0 8/3/2018 13:32:28
0,0,35,0,0,0 8/3/2018 13:32:28
