0,0,0,0,0,0 8/3/2018 13:33:8
0,0,0,0,0,0 8/3/2018 13:33:8
0,0,0,0,0,0 8/3/2018 13:33:8
0,0,8,0,0,0 8/3/2018 13:33:8
0,0,0,0,0,0 8/3/2018 13:33:8
0,0,7,0,0,0 8/3/2018 13:33:9
0,0,0,0,0,0 8/3/2018 13:33:9
0,0,0,0,0,0 8/3/2018 13:33:9
0,0,0,0,0,0 8/3/2018 13:33:9
0,0,0,0,0,0 8/3/2018 13:33:9
0,0,0,0,0,0 8/3/2018 13:33:9
0,0,0,0,0,0 8/3/2018 13:33:9
0,0,0,0,0,0 8/3/2018 13:33:9
0,0,0,0,0,0 8/3/2018 13:33:9
0,0,0,0,0,0 8/3/2018 13:33:9
0,0,0,0,0,0 8/3/2018 13:33:9
0,0,0,0,0,0 8/3/2018 13:33:9
0,0,0,0,0,0 8/3/2018 13:33:9
0,0,0,0,0,0 8/3/2018 13:33:9
0,0,0,0,0,0 8/3/2018 13:33:9
0,0,0,0,0,0 8/3/2018 13:33:9
0,0,0,0,0,0 8/3/2018 13:33:9
0,0,0,0,0,0 8/3/2018 13:33:9
0,0,0,0,0,0 8/3/2018 13:33:9
0,0,0,0,0,0 8/3/2018 13:33:9
0,0,0,0,0,0 8/3/2018 13:33:9
0,0,0,0,0,0 8/3/2018 13:33:9
0,0,0,0,0,0 8/3/2018 13:33:9
0,0,0,0,0,0 8/3/2018 13:33:10
0,0,0,0,0,0 8/3/2018 13:33:10
0,0,0,0,0,0 8/3/2018 13:33:10
0,0,0,0,0,0 8/3/2018 13:33:10
0,0,0,0,0,0 8/3/2018 13:33:10
0,0,0,0,0,0 8/3/2018 13:33:10
0,0,0,0,0,0 8/3/2018 13:33:10
0,0,0,0,0,0 8/3/2018 13:33:10
0,0,0,0,0,0 8/3/2018 13:33:10
0,0,0,0,0,0 8/3/2018 13:33:10
0,0,0,0,0,0 8/3/2018 13:33:10
0,0,0,0,0,0 8/3/2018 13:33:10
0,0,0,0,0,0 8/3/2018 13:33:10
0,0,0,0,0,0 8/3/2018 13:33:10
0,0,0,0,0,0 8/3/2018 13:33:10
0,0,0,0,0,0 8/3/2018 13:33:10
0,0,0,0,0,0 8/3/2018 13:33:10
0,0,0,0,0,0 8/3/2018 13:33:10
0,0,0,0,0,0 8/3/2018 13:33:10
0,0,0,0,0,0 8/3/2018 13:33:10
0,0,0,0,0,0 8/3/2018 13:33:10
0,0,0,0,0,0 8/3/2018 13:33:10
0,0,0,0,0,0 8/3/2018 13:33:11
0,0,0,0,0,0 8/3/2018 13:33:11
0,0,0,0,0,0 8/3/2018 13:33:11
0,0,0,0,0,0 8/3/2018 13:33:11
0,0,0,0,0,0 8/3/2018 13:33:11
0,0,0,0,0,0 8/3/2018 13:33:11
0,0,0,0,0,0 8/3/2018 13:33:11
0,0,0,0,0,0 8/3/2018 13:33:11
0,0,0,0,0,0 8/3/2018 13:33:11
0,0,0,0,0,0 8/3/2018 13:33:11
0,0,0,0,0,0 8/3/2018 13:33:11
0,0,0,0,0,0 8/3/2018 13:33:11
0,0,0,0,0,0 8/3/2018 13:33:11
0,0,0,0,0,0 8/3/2018 13:33:11
0,0,0,0,0,0 8/3/2018 13:33:11
0,0,0,0,0,0 8/3/2018 13:33:11
0,0,0,0,0,0 8/3/2018 13:33:11
0,0,0,0,0,0 8/3/2018 13:33:11
0,0,0,0,0,0 8/3/2018 13:33:11
0,0,0,0,0,0 8/3/2018 13:33:11
0,0,0,0,0,0 8/3/2018 13:33:11
0,0,0,0,0,0 8/3/2018 13:33:11
0,0,0,0,0,0 8/3/2018 13:33:11
0,0,0,0,0,0 8/3/2018 13:33:12
0,0,0,0,0,0 8/3/2018 13:33:12
0,0,0,0,0,0 8/3/2018 13:33:12
0,0,0,0,0,0 8/3/2018 13:33:12
0,0,0,0,0,0 8/3/2018 13:33:12
0,0,0,0,0,0 8/3/2018 13:33:12
0,0,0,0,0,0 8/3/2018 13:33:12
0,0,0,0,0,0 8/3/2018 13:33:12
0,0,0,0,0,0 8/3/2018 13:33:12
0,0,0,0,0,0 8/3/2018 13:33:12
0,0,0,0,0,0 8/3/2018 13:33:12
0,0,0,0,0,0 8/3/2018 13:33:12
0,0,0,0,0,0 8/3/2018 13:33:12
0,0,0,0,0,0 8/3/2018 13:33:12
0,0,0,0,0,0 8/3/2018 13:33:12
0,0,0,0,0,0 8/3/2018 13:33:12
0,0,0,0,0,0 8/3/2018 13:33:12
0,0,0,0,0,0 8/3/2018 13:33:12
0,0,0,0,0,0 8/3/2018 13:33:12
0,0,0,0,0,0 8/3/2018 13:33:12
0,0,0,0,0,0 8/3/2018 13:33:12
0,0,0,0,0,0 8/3/2018 13:33:12
0,0,0,0,0,0 8/3/2018 13:33:12
0,0,0,0,0,0 8/3/2018 13:33:13
0,0,0,0,0,0 8/3/2018 13:33:13
0,0,0,0,0,0 8/3/2018 13:33:13
0,0,0,0,0,0 8/3/2018 13:33:13
0,0,0,0,0,0 8/3/2018 13:33:13
0,0,0,0,0,0 8/3/2018 13:33:13
0,0,0,0,0,0 8/3/2018 13:33:13
0,0,0,0,0,0 8/3/2018 13:33:13
0,0,0,0,0,0 8/3/2018 13:33:13
0,0,0,0,0,0 8/3/2018 13:33:13
0,0,0,0,0,0 8/3/2018 13:33:13
0,0,0,0,0,0 8/3/2018 13:33:13
0,0,0,0,0,0 8/3/2018 13:33:13
0,0,0,0,0,0 8/3/2018 13:33:13
0,0,0,0,0,0 8/3/2018 13:33:13
0,0,0,0,0,0 8/3/2018 13:33:13
0,0,0,0,0,0 8/3/2018 13:33:13
0,0,0,0,0,0 8/3/2018 13:33:13
0,0,0,0,0,0 8/3/2018 13:33:13
0,0,0,0,0,0 8/3/2018 13:33:13
0,0,0,0,0,0 8/3/2018 13:33:13
0,0,0,0,0,0 8/3/2018 13:33:13
0,0,0,0,0,0 8/3/2018 13:33:13
0,0,0,0,0,0 8/3/2018 13:33:14
0,0,0,0,0,0 8/3/2018 13:33:14
0,0,0,0,0,0 8/3/2018 13:33:14
0,0,0,0,0,0 8/3/2018 13:33:14
0,0,0,0,0,0 8/3/2018 13:33:14
0,0,0,0,0,0 8/3/2018 13:33:14
0,1,0,0,0,0 8/3/2018 13:33:14
0,0,0,0,0,0 8/3/2018 13:33:14
0,0,0,0,0,0 8/3/2018 13:33:14
0,1,0,0,0,0 8/3/2018 13:33:14
0,0,0,0,0,0 8/3/2018 13:33:14
0,0,0,0,0,0 8/3/2018 13:33:14
0,0,0,0,0,0 8/3/2018 13:33:14
0,0,0,0,0,0 8/3/2018 13:33:14
0,0,62,0,0,0 8/3/2018 13:33:14
0,0,72,0,0,0 8/3/2018 13:33:14
0,0,82,0,0,0 8/3/2018 13:33:14
0,0,84,0,0,0 8/3/2018 13:33:14
0,0,91,0,0,0 8/3/2018 13:33:14
0,0,96,0,0,0 8/3/2018 13:33:14
0,0,109,0,0,0 8/3/2018 13:33:14
0,0,119,0,0,0 8/3/2018 13:33:14
0,0,110,0,0,0 8/3/2018 13:33:15
0,0,93,0,0,0 8/3/2018 13:33:15
0,0,214,0,0,0 8/3/2018 13:33:15
0,0,320,0,0,0 8/3/2018 13:33:15
0,0,321,0,0,0 8/3/2018 13:33:15
0,0,251,0,0,0 8/3/2018 13:33:15
0,0,190,0,0,0 8/3/2018 13:33:15
0,0,197,0,0,0 8/3/2018 13:33:15
0,0,201,0,0,0 8/3/2018 13:33:15
0,0,164,0,0,0 8/3/2018 13:33:15
0,0,139,0,0,0 8/3/2018 13:33:15
0,0,145,0,0,0 8/3/2018 13:33:15
0,0,137,0,0,0 8/3/2018 13:33:15
0,0,83,0,0,0 8/3/2018 13:33:15
0,0,67,0,0,0 8/3/2018 13:33:15
0,0,87,0,0,0 8/3/2018 13:33:15
0,0,55,0,0,0 8/3/2018 13:33:15
0,0,77,0,0,0 8/3/2018 13:33:15
0,0,62,0,0,0 8/3/2018 13:33:15
0,0,75,0,0,0 8/3/2018 13:33:15
0,0,99,0,0,0 8/3/2018 13:33:15
0,0,107,0,0,0 8/3/2018 13:33:15
0,0,89,0,0,0 8/3/2018 13:33:15
0,0,64,0,0,0 8/3/2018 13:33:16
0,0,64,0,0,0 8/3/2018 13:33:16
0,0,85,0,0,0 8/3/2018 13:33:16
0,0,55,0,0,0 8/3/2018 13:33:16
0,0,0,0,0,0 8/3/2018 13:33:16
0,0,0,0,0,0 8/3/2018 13:33:16
0,0,0,0,0,0 8/3/2018 13:33:16
0,0,0,0,0,0 8/3/2018 13:33:16
0,0,0,0,0,0 8/3/2018 13:33:16
0,0,0,0,0,0 8/3/2018 13:33:16
0,0,0,0,0,0 8/3/2018 13:33:16
0,0,0,0,0,0 8/3/2018 13:33:16
0,0,0,0,0,0 8/3/2018 13:33:16
0,0,0,0,0,0 8/3/2018 13:33:16
0,0,0,0,0,0 8/3/2018 13:33:16
0,0,0,0,0,0 8/3/2018 13:33:16
0,0,0,0,0,0 8/3/2018 13:33:16
0,0,0,0,0,0 8/3/2018 13:33:16
0,0,0,0,0,0 8/3/2018 13:33:16
0,0,15,0,0,0 8/3/2018 13:33:16
0,0,37,0,0,0 8/3/2018 13:33:16
0,0,23,0,0,0 8/3/2018 13:33:16
0,0,18,0,0,0 8/3/2018 13:33:16
0,0,0,0,0,0 8/3/2018 13:33:17
0,0,0,0,0,0 8/3/2018 13:33:17
0,0,0,0,0,0 8/3/2018 13:33:17
0,0,0,0,0,0 8/3/2018 13:33:17
0,0,0,0,0,0 8/3/2018 13:33:17
0,0,2,0,0,0 8/3/2018 13:33:17
0,0,24,0,0,0 8/3/2018 13:33:17
0,0,0,0,0,0 8/3/2018 13:33:17
0,0,0,0,0,0 8/3/2018 13:33:17
0,0,0,0,0,0 8/3/2018 13:33:17
0,0,0,0,0,0 8/3/2018 13:33:17
0,0,26,0,0,0 8/3/2018 13:33:17
0,0,13,0,0,0 8/3/2018 13:33:17
0,0,76,0,0,0 8/3/2018 13:33:17
0,0,50,0,0,0 8/3/2018 13:33:17
0,0,34,0,0,0 8/3/2018 13:33:17
0,0,30,0,0,0 8/3/2018 13:33:17
0,0,26,0,0,0 8/3/2018 13:33:17
0,0,78,0,0,0 8/3/2018 13:33:17
0,0,86,0,0,0 8/3/2018 13:33:17
0,0,67,0,0,0 8/3/2018 13:33:17
0,0,29,0,0,0 8/3/2018 13:33:17
0,0,26,0,0,0 8/3/2018 13:33:18
0,0,118,0,0,0 8/3/2018 13:33:18
0,0,0,0,0,0 8/3/2018 13:33:18
0,0,0,0,0,0 8/3/2018 13:33:18
0,0,0,0,0,0 8/3/2018 13:33:18
0,0,0,0,0,0 8/3/2018 13:33:18
0,0,0,0,0,0 8/3/2018 13:33:18
0,0,0,0,0,0 8/3/2018 13:33:18
0,0,0,0,0,0 8/3/2018 13:33:18
0,0,0,0,0,0 8/3/2018 13:33:18
0,0,0,0,0,0 8/3/2018 13:33:18
0,0,0,0,0,0 8/3/2018 13:33:18
0,0,0,0,0,0 8/3/2018 13:33:18
0,0,0,0,0,0 8/3/2018 13:33:18
0,0,0,0,0,0 8/3/2018 13:33:18
0,0,0,0,0,0 8/3/2018 13:33:18
0,0,0,0,0,0 8/3/2018 13:33:18
0,0,0,0,0,0 8/3/2018 13:33:18
0,0,0,0,0,0 8/3/2018 13:33:18
0,1,0,0,0,0 8/3/2018 13:33:18
0,0,0,0,0,0 8/3/2018 13:33:18
0,0,0,0,0,0 8/3/2018 13:33:18
0,0,0,0,0,0 8/3/2018 13:33:18
0,0,0,0,0,0 8/3/2018 13:33:19
0,0,0,0,0,0 8/3/2018 13:33:19
0,0,0,0,0,0 8/3/2018 13:33:19
0,0,0,0,0,0 8/3/2018 13:33:19
0,0,0,0,0,0 8/3/2018 13:33:19
0,0,0,0,0,0 8/3/2018 13:33:19
0,0,23,0,0,0 8/3/2018 13:33:19
0,0,0,0,0,0 8/3/2018 13:33:19
0,0,0,0,0,0 8/3/2018 13:33:19
0,0,0,0,0,0 8/3/2018 13:33:19
0,0,0,0,0,0 8/3/2018 13:33:19
0,0,21,0,0,0 8/3/2018 13:33:19
0,0,0,0,0,0 8/3/2018 13:33:19
0,0,0,0,0,0 8/3/2018 13:33:19
0,0,0,0,0,0 8/3/2018 13:33:19
0,0,0,0,0,0 8/3/2018 13:33:19
0,0,0,0,0,0 8/3/2018 13:33:19
0,0,0,0,0,0 8/3/2018 13:33:19
0,0,0,0,0,0 8/3/2018 13:33:19
0,0,0,0,0,0 8/3/2018 13:33:19
