0,0,0,0,0,0 8/3/2018 13:34:12
0,0,0,0,0,0 8/3/2018 13:34:12
0,0,0,0,0,0 8/3/2018 13:34:12
0,0,0,0,0,0 8/3/2018 13:34:12
0,0,0,0,0,0 8/3/2018 13:34:12
0,0,0,0,0,0 8/3/2018 13:34:12
0,0,0,0,0,0 8/3/2018 13:34:12
0,0,0,0,0,0 8/3/2018 13:34:12
0,0,0,0,0,0 8/3/2018 13:34:13
0,0,0,0,0,0 8/3/2018 13:34:13
0,0,0,0,0,0 8/3/2018 13:34:13
0,0,0,0,0,0 8/3/2018 13:34:13
0,0,0,0,0,0 8/3/2018 13:34:13
0,0,0,0,0,0 8/3/2018 13:34:13
0,0,0,0,0,0 8/3/2018 13:34:13
0,0,0,0,0,0 8/3/2018 13:34:13
0,0,0,0,0,0 8/3/2018 13:34:13
0,0,0,0,0,0 8/3/2018 13:34:13
0,0,0,0,0,0 8/3/2018 13:34:13
0,0,0,0,0,0 8/3/2018 13:34:13
0,0,0,0,0,0 8/3/2018 13:34:13
0,0,0,0,0,0 8/3/2018 13:34:13
0,0,0,0,0,0 8/3/2018 13:34:13
0,0,0,0,0,0 8/3/2018 13:34:13
0,0,0,0,0,0 8/3/2018 13:34:13
0,0,0,0,0,0 8/3/2018 13:34:13
0,0,0,0,0,0 8/3/2018 13:34:13
0,0,0,0,0,0 8/3/2018 13:34:13
0,0,0,0,0,0 8/3/2018 13:34:13
0,0,0,0,0,0 8/3/2018 13:34:13
0,0,0,0,0,0 8/3/2018 13:34:13
0,0,0,0,0,0 8/3/2018 13:34:14
0,0,0,0,0,0 8/3/2018 13:34:14
0,0,0,0,0,0 8/3/2018 13:34:14
0,0,0,0,0,0 8/3/2018 13:34:14
0,0,0,0,0,0 8/3/2018 13:34:14
0,0,0,0,0,0 8/3/2018 13:34:14
0,0,0,0,0,0 8/3/2018 13:34:14
0,0,0,0,0,0 8/3/2018 13:34:14
0,0,0,0,0,0 8/3/2018 13:34:14
0,0,0,0,0,0 8/3/2018 13:34:14
0,0,0,0,0,0 8/3/2018 13:34:14
0,0,0,0,0,0 8/3/2018 13:34:14
0,0,0,0,0,0 8/3/2018 13:34:14
0,0,0,0,0,0 8/3/2018 13:34:14
0,0,0,0,0,0 8/3/2018 13:34:14
0,0,0,0,0,0 8/3/2018 13:34:14
0,0,0,0,0,0 8/3/2018 13:34:14
0,0,0,0,0,0 8/3/2018 13:34:14
0,0,0,0,0,0 8/3/2018 13:34:14
0,0,0,0,0,0 8/3/2018 13:34:14
0,0,0,0,0,0 8/3/2018 13:34:14
0,0,0,0,0,0 8/3/2018 13:34:14
0,0,0,0,0,0 8/3/2018 13:34:14
0,0,0,0,0,0 8/3/2018 13:34:15
0,0,0,0,0,0 8/3/2018 13:34:15
0,0,2,0,0,0 8/3/2018 13:34:15
0,0,4,0,0,0 8/3/2018 13:34:15
0,0,6,0,0,0 8/3/2018 13:34:15
0,0,4,0,0,0 8/3/2018 13:34:15
0,0,4,0,0,0 8/3/2018 13:34:15
0,0,0,0,0,0 8/3/2018 13:34:15
0,0,0,0,0,0 8/3/2018 13:34:15
0,0,0,0,0,0 8/3/2018 13:34:15
0,0,0,0,0,0 8/3/2018 13:34:15
0,0,0,0,0,0 8/3/2018 13:34:15
0,0,0,0,0,0 8/3/2018 13:34:15
0,0,0,0,0,0 8/3/2018 13:34:15
0,0,0,0,0,0 8/3/2018 13:34:15
0,0,0,0,0,0 8/3/2018 13:34:15
0,0,0,0,0,0 8/3/2018 13:34:15
0,0,0,0,0,0 8/3/2018 13:34:15
0,0,0,0,0,0 8/3/2018 13:34:15
0,0,0,0,0,0 8/3/2018 13:34:15
0,0,0,0,0,0 8/3/2018 13:34:15
0,0,0,0,0,0 8/3/2018 13:34:15
0,0,0,0,0,0 8/3/2018 13:34:16
0,0,0,0,0,0 8/3/2018 13:34:16
0,0,0,0,0,0 8/3/2018 13:34:16
0,0,0,0,0,0 8/3/2018 13:34:16
0,0,0,0,0,0 8/3/2018 13:34:16
0,0,0,0,0,0 8/3/2018 13:34:16
0,0,0,0,0,0 8/3/2018 13:34:16
0,0,0,0,0,0 8/3/2018 13:34:16
0,0,0,0,0,0 8/3/2018 13:34:16
0,0,0,0,0,0 8/3/2018 13:34:16
0,0,0,0,0,0 8/3/2018 13:34:16
0,0,0,0,0,0 8/3/2018 13:34:16
0,0,0,0,0,0 8/3/2018 13:34:16
0,0,0,0,0,0 8/3/2018 13:34:16
0,0,0,0,0,0 8/3/2018 13:34:16
0,0,0,0,0,0 8/3/2018 13:34:16
0,0,0,0,0,0 8/3/2018 13:34:16
0,0,0,0,0,0 8/3/2018 13:34:16
0,0,0,0,0,0 8/3/2018 13:34:16
0,0,0,0,0,0 8/3/2018 13:34:16
0,0,0,0,0,0 8/3/2018 13:34:16
0,0,0,0,0,0 8/3/2018 13:34:16
0,0,0,0,0,0 8/3/2018 13:34:16
0,0,0,0,0,0 8/3/2018 13:34:17
0,0,0,0,0,0 8/3/2018 13:34:17
0,0,0,0,0,0 8/3/2018 13:34:17
0,0,4,0,0,0 8/3/2018 13:34:17
0,0,8,0,0,0 8/3/2018 13:34:17
0,0,0,0,0,0 8/3/2018 13:34:17
0,0,0,0,0,0 8/3/2018 13:34:17
0,0,0,0,0,0 8/3/2018 13:34:17
0,0,0,0,0,0 8/3/2018 13:34:17
0,0,1,0,0,0 8/3/2018 13:34:17
0,0,0,0,0,0 8/3/2018 13:34:17
0,0,0,0,0,0 8/3/2018 13:34:17
0,0,0,0,0,0 8/3/2018 13:34:17
0,0,0,0,0,0 8/3/2018 13:34:17
0,0,0,0,0,0 8/3/2018 13:34:17
0,0,0,0,0,0 8/3/2018 13:34:17
0,0,0,0,0,0 8/3/2018 13:34:17
0,0,0,0,0,0 8/3/2018 13:34:17
0,0,0,0,0,0 8/3/2018 13:34:17
0,0,0,0,0,0 8/3/2018 13:34:17
0,0,0,0,0,0 8/3/2018 13:34:17
0,0,0,0,0,0 8/3/2018 13:34:17
0,0,0,0,0,0 8/3/2018 13:34:17
0,0,0,0,0,0 8/3/2018 13:34:18
0,0,0,0,0,0 8/3/2018 13:34:18
0,0,0,0,0,0 8/3/2018 13:34:18
0,0,0,0,0,0 8/3/2018 13:34:18
0,0,0,0,0,0 8/3/2018 13:34:18
0,0,0,0,0,0 8/3/2018 13:34:18
0,0,0,0,0,0 8/3/2018 13:34:18
0,0,0,0,0,0 8/3/2018 13:34:18
0,0,0,0,0,0 8/3/2018 13:34:18
0,0,0,0,0,0 8/3/2018 13:34:18
0,0,0,0,0,0 8/3/2018 13:34:18
0,0,0,0,0,0 8/3/2018 13:34:18
0,0,0,0,0,0 8/3/2018 13:34:18
0,0,0,0,0,0 8/3/2018 13:34:18
0,0,0,0,0,0 8/3/2018 13:34:18
0,0,0,0,0,0 8/3/2018 13:34:18
0,0,0,0,0,0 8/3/2018 13:34:18
0,0,0,0,0,0 8/3/2018 13:34:18
0,0,0,0,0,0 8/3/2018 13:34:18
0,0,0,0,0,0 8/3/2018 13:34:18
0,0,0,0,0,0 8/3/2018 13:34:18
0,0,0,0,0,0 8/3/2018 13:34:18
0,0,0,0,0,0 8/3/2018 13:34:18
0,0,0,0,0,0 8/3/2018 13:34:19
0,0,0,40,0,0 8/3/2018 13:34:19
0,0,0,54,0,0 8/3/2018 13:34:19
0,0,0,45,0,0 8/3/2018 13:34:19
0,0,0,16,0,0 8/3/2018 13:34:19
0,0,0,0,0,0 8/3/2018 13:34:19
0,0,0,0,0,0 8/3/2018 13:34:19
0,0,0,0,0,0 8/3/2018 13:34:19
0,0,0,0,0,0 8/3/2018 13:34:19
0,0,0,0,0,0 8/3/2018 13:34:19
0,0,0,0,0,0 8/3/2018 13:34:19
0,0,0,0,0,0 8/3/2018 13:34:19
0,0,0,0,0,0 8/3/2018 13:34:19
0,0,0,0,0,0 8/3/2018 13:34:19
0,0,0,0,0,0 8/3/2018 13:34:19
0,0,0,0,0,0 8/3/2018 13:34:19
0,0,0,0,0,0 8/3/2018 13:34:19
0,0,0,0,0,0 8/3/2018 13:34:19
0,0,0,0,0,0 8/3/2018 13:34:19
0,0,0,0,0,0 8/3/2018 13:34:19
0,0,0,0,0,0 8/3/2018 13:34:19
0,0,0,0,0,0 8/3/2018 13:34:19
0,0,0,0,0,0 8/3/2018 13:34:20
0,0,0,0,0,0 8/3/2018 13:34:20
0,0,0,0,0,0 8/3/2018 13:34:20
0,0,0,0,0,0 8/3/2018 13:34:20
0,0,0,0,0,0 8/3/2018 13:34:20
0,0,0,0,0,0 8/3/2018 13:34:20
0,0,0,0,0,0 8/3/2018 13:34:20
0,0,0,0,0,0 8/3/2018 13:34:20
0,0,0,0,0,0 8/3/2018 13:34:20
0,0,0,0,0,0 8/3/2018 13:34:20
0,0,0,0,0,0 8/3/2018 13:34:20
0,0,0,0,0,0 8/3/2018 13:34:20
0,0,0,0,0,0 8/3/2018 13:34:20
0,0,0,0,0,0 8/3/2018 13:34:20
0,0,0,0,0,0 8/3/2018 13:34:20
0,0,0,0,0,0 8/3/2018 13:34:20
0,0,0,0,0,0 8/3/2018 13:34:20
0,0,0,0,0,0 8/3/2018 13:34:20
0,0,0,0,0,0 8/3/2018 13:34:20
0,0,0,0,0,0 8/3/2018 13:34:20
0,0,0,0,0,0 8/3/2018 13:34:20
0,0,0,0,0,0 8/3/2018 13:34:20
0,0,0,0,0,0 8/3/2018 13:34:20
0,0,0,0,0,0 8/3/2018 13:34:21
0,0,0,0,0,0 8/3/2018 13:34:21
0,0,0,0,0,0 8/3/2018 13:34:21
0,0,0,0,0,0 8/3/2018 13:34:21
0,0,0,0,0,0 8/3/2018 13:34:21
0,0,0,0,0,0 8/3/2018 13:34:21
0,0,0,0,0,0 8/3/2018 13:34:21
0,0,0,0,0,0 8/3/2018 13:34:21
0,0,0,0,0,1 8/3/2018 13:34:21
0,0,0,0,0,0 8/3/2018 13:34:21
0,0,0,0,0,0 8/3/2018 13:34:21
0,0,0,0,0,0 8/3/2018 13:34:21
0,0,0,0,0,0 8/3/2018 13:34:21
0,0,0,0,0,0 8/3/2018 13:34:21
0,0,0,0,0,0 8/3/2018 13:34:21
0,0,0,0,0,0 8/3/2018 13:34:21
0,0,0,0,0,0 8/3/2018 13:34:21
0,0,0,0,0,0 8/3/2018 13:34:21
0,0,0,0,0,0 8/3/2018 13:34:21
0,0,0,0,0,0 8/3/2018 13:34:21
0,0,0,0,0,0 8/3/2018 13:34:21
0,0,0,0,0,0 8/3/2018 13:34:21
0,0,0,0,0,0 8/3/2018 13:34:21
0,0,0,0,0,0 8/3/2018 13:34:22
0,0,0,0,0,0 8/3/2018 13:34:22
0,0,0,0,0,0 8/3/2018 13:34:22
0,0,0,0,0,0 8/3/2018 13:34:22
0,0,0,0,0,0 8/3/2018 13:34:22
0,0,0,0,0,0 8/3/2018 13:34:22
0,0,0,0,0,0 8/3/2018 13:34:22
0,0,0,0,0,0 8/3/2018 13:34:22
0,0,0,0,0,0 8/3/2018 13:34:22
0,0,0,0,0,0 8/3/2018 13:34:22
0,0,0,0,0,0 8/3/2018 13:34:22
0,0,0,0,0,0 8/3/2018 13:34:22
0,0,2,0,0,0 8/3/2018 13:34:22
0,0,0,0,0,0 8/3/2018 13:34:22
0,0,0,0,0,0 8/3/2018 13:34:22
0,0,0,0,0,0 8/3/2018 13:34:22
0,0,0,0,0,0 8/3/2018 13:34:22
0,0,0,0,0,0 8/3/2018 13:34:22
0,0,0,0,0,0 8/3/2018 13:34:22
0,0,0,0,0,0 8/3/2018 13:34:22
0,0,0,0,0,0 8/3/2018 13:34:22
0,0,0,0,0,0 8/3/2018 13:34:22
0,0,0,0,0,0 8/3/2018 13:34:23
0,0,0,0,0,0 8/3/2018 13:34:23
