0,0,0,0,0,0 7/27/2018 12:46:8
0,0,0,0,0,0 7/27/2018 12:46:8
0,0,0,0,0,0 7/27/2018 12:46:8
0,0,0,0,0,0 7/27/2018 12:46:8
0,0,0,0,0,0 7/27/2018 12:46:8
0,0,0,0,0,0 7/27/2018 12:46:8
0,0,0,0,0,0 7/27/2018 12:46:8
0,0,0,0,0,0 7/27/2018 12:46:8
0,0,0,0,0,0 7/27/2018 12:46:8
0,0,0,0,0,0 7/27/2018 12:46:8
0,0,0,0,0,0 7/27/2018 12:46:8
0,0,0,0,0,0 7/27/2018 12:46:9
0,0,0,0,0,0 7/27/2018 12:46:9
0,0,0,0,0,0 7/27/2018 12:46:9
0,0,0,0,0,0 7/27/2018 12:46:9
0,0,0,0,0,0 7/27/2018 12:46:9
0,0,0,0,0,0 7/27/2018 12:46:9
0,0,0,0,0,0 7/27/2018 12:46:9
0,0,0,0,0,0 7/27/2018 12:46:9
0,0,0,0,0,0 7/27/2018 12:46:9
0,0,0,0,0,0 7/27/2018 12:46:9
0,0,0,0,0,0 7/27/2018 12:46:9
0,0,0,0,0,0 7/27/2018 12:46:9
0,0,0,0,0,0 7/27/2018 12:46:9
0,0,0,0,0,0 7/27/2018 12:46:9
0,0,0,0,0,0 7/27/2018 12:46:9
0,0,0,0,0,0 7/27/2018 12:46:9
0,0,0,0,0,0 7/27/2018 12:46:9
0,0,0,0,0,0 7/27/2018 12:46:9
0,0,0,0,0,0 7/27/2018 12:46:9
0,0,0,0,0,0 7/27/2018 12:46:9
0,0,0,0,0,0 7/27/2018 12:46:9
0,0,0,0,0,0 7/27/2018 12:46:9
0,0,0,0,0,0 7/27/2018 12:46:9
0,0,0,0,0,0 7/27/2018 12:46:10
0,0,0,0,0,0 7/27/2018 12:46:10
0,0,0,0,0,0 7/27/2018 12:46:10
0,0,0,0,0,0 7/27/2018 12:46:10
0,0,0,0,0,0 7/27/2018 12:46:10
0,0,0,0,0,0 7/27/2018 12:46:10
0,0,0,0,0,0 7/27/2018 12:46:10
0,0,0,0,0,0 7/27/2018 12:46:10
0,0,0,0,0,0 7/27/2018 12:46:10
0,0,0,0,0,1 7/27/2018 12:46:10
0,0,0,0,0,0 7/27/2018 12:46:10
0,0,0,0,0,0 7/27/2018 12:46:10
0,0,0,0,0,0 7/27/2018 12:46:10
0,0,0,0,0,0 7/27/2018 12:46:10
0,0,0,0,0,0 7/27/2018 12:46:10
0,0,0,0,0,0 7/27/2018 12:46:10
0,0,0,0,0,0 7/27/2018 12:46:10
0,0,0,0,0,0 7/27/2018 12:46:10
0,0,0,0,0,0 7/27/2018 12:46:10
0,0,0,0,0,0 7/27/2018 12:46:10
0,0,0,0,0,0 7/27/2018 12:46:10
0,0,0,0,0,0 7/27/2018 12:46:10
0,0,0,0,0,0 7/27/2018 12:46:11
0,0,0,0,0,0 7/27/2018 12:46:11
0,0,0,0,0,0 7/27/2018 12:46:11
0,0,0,0,0,0 7/27/2018 12:46:11
0,0,0,0,0,0 7/27/2018 12:46:11
0,0,0,0,0,0 7/27/2018 12:46:11
0,0,0,0,0,0 7/27/2018 12:46:11
0,0,0,0,0,0 7/27/2018 12:46:11
0,0,0,0,0,0 7/27/2018 12:46:11
0,0,0,0,0,0 7/27/2018 12:46:11
0,0,0,0,0,0 7/27/2018 12:46:11
0,0,0,0,0,0 7/27/2018 12:46:11
0,0,0,0,0,0 7/27/2018 12:46:11
0,0,0,0,0,0 7/27/2018 12:46:11
0,0,0,0,0,0 7/27/2018 12:46:11
0,0,0,0,0,0 7/27/2018 12:46:11
0,0,0,0,0,0 7/27/2018 12:46:11
0,0,0,0,0,0 7/27/2018 12:46:11
0,0,0,0,0,0 7/27/2018 12:46:11
0,0,0,0,0,0 7/27/2018 12:46:11
0,0,0,0,0,0 7/27/2018 12:46:11
0,0,0,0,0,0 7/27/2018 12:46:11
0,0,0,0,0,0 7/27/2018 12:46:11
0,0,0,0,0,0 7/27/2018 12:46:12
0,0,0,0,0,0 7/27/2018 12:46:12
0,0,0,0,0,0 7/27/2018 12:46:12
0,0,0,0,0,0 7/27/2018 12:46:12
0,0,0,0,0,0 7/27/2018 12:46:12
0,0,0,0,0,0 7/27/2018 12:46:12
0,0,0,0,0,0 7/27/2018 12:46:12
0,0,0,0,0,0 7/27/2018 12:46:12
0,0,0,0,0,0 7/27/2018 12:46:12
0,0,0,0,0,0 7/27/2018 12:46:12
0,0,3,0,0,0 7/27/2018 12:46:12
0,0,0,0,0,0 7/27/2018 12:46:12
0,0,0,0,0,0 7/27/2018 12:46:12
0,0,0,0,0,0 7/27/2018 12:46:12
0,0,0,0,0,0 7/27/2018 12:46:12
0,0,0,0,0,0 7/27/2018 12:46:12
0,0,0,0,0,0 7/27/2018 12:46:12
0,0,0,0,0,0 7/27/2018 12:46:12
0,0,0,0,0,0 7/27/2018 12:46:12
0,0,0,0,0,0 7/27/2018 12:46:12
0,0,0,0,0,0 7/27/2018 12:46:12
0,0,0,0,0,0 7/27/2018 12:46:12
0,0,0,0,0,0 7/27/2018 12:46:12
0,0,0,0,0,0 7/27/2018 12:46:13
0,0,0,0,0,0 7/27/2018 12:46:13
0,0,0,0,0,0 7/27/2018 12:46:13
0,0,0,0,0,0 7/27/2018 12:46:13
0,0,0,0,0,0 7/27/2018 12:46:13
0,0,0,0,0,0 7/27/2018 12:46:13
0,0,0,0,0,0 7/27/2018 12:46:13
0,0,0,0,0,0 7/27/2018 12:46:13
0,0,0,0,0,0 7/27/2018 12:46:13
0,0,0,0,0,0 7/27/2018 12:46:13
0,0,0,0,0,0 7/27/2018 12:46:13
0,0,0,0,0,0 7/27/2018 12:46:13
0,0,0,0,0,0 7/27/2018 12:46:13
0,0,0,0,0,0 7/27/2018 12:46:13
0,0,0,0,0,0 7/27/2018 12:46:13
0,0,0,0,0,0 7/27/2018 12:46:13
0,0,0,0,0,0 7/27/2018 12:46:13
0,0,0,0,0,0 7/27/2018 12:46:13
0,0,0,0,0,0 7/27/2018 12:46:13
0,0,0,0,0,0 7/27/2018 12:46:13
0,0,0,0,0,0 7/27/2018 12:46:13
0,0,0,0,0,0 7/27/2018 12:46:13
0,0,0,0,0,0 7/27/2018 12:46:14
0,0,0,0,0,0 7/27/2018 12:46:14
0,0,0,0,0,0 7/27/2018 12:46:14
0,0,0,0,0,0 7/27/2018 12:46:14
0,0,0,0,0,0 7/27/2018 12:46:14
0,0,0,0,0,0 7/27/2018 12:46:14
0,0,0,0,0,0 7/27/2018 12:46:14
0,0,0,0,0,0 7/27/2018 12:46:14
0,0,0,0,0,0 7/27/2018 12:46:14
0,0,0,0,0,0 7/27/2018 12:46:14
0,0,0,0,0,0 7/27/2018 12:46:14
0,0,0,0,0,0 7/27/2018 12:46:14
0,0,0,0,0,0 7/27/2018 12:46:14
0,0,0,0,0,0 7/27/2018 12:46:14
0,0,0,0,0,0 7/27/2018 12:46:14
0,0,0,0,0,0 7/27/2018 12:46:14
0,0,0,0,0,0 7/27/2018 12:46:14
0,0,0,0,0,0 7/27/2018 12:46:14
0,0,0,0,0,0 7/27/2018 12:46:14
0,0,0,0,0,0 7/27/2018 12:46:14
0,9,0,0,0,0 7/27/2018 12:46:14
0,16,0,0,0,0 7/27/2018 12:46:14
0,0,0,0,0,0 7/27/2018 12:46:14
0,0,0,0,0,0 7/27/2018 12:46:15
0,0,0,0,0,0 7/27/2018 12:46:15
0,0,0,0,0,0 7/27/2018 12:46:15
0,0,0,0,0,0 7/27/2018 12:46:15
0,0,0,0,0,0 7/27/2018 12:46:15
0,0,0,0,0,0 7/27/2018 12:46:15
0,0,0,0,0,0 7/27/2018 12:46:15
0,0,0,0,0,0 7/27/2018 12:46:15
0,0,0,0,0,0 7/27/2018 12:46:15
0,0,0,0,0,0 7/27/2018 12:46:15
0,0,0,0,0,0 7/27/2018 12:46:15
0,0,0,0,0,0 7/27/2018 12:46:15
0,0,1,0,0,0 7/27/2018 12:46:15
0,0,13,0,0,0 7/27/2018 12:46:15
0,0,0,0,0,0 7/27/2018 12:46:15
0,0,0,0,0,0 7/27/2018 12:46:15
0,0,0,0,0,0 7/27/2018 12:46:15
0,0,0,0,0,0 7/27/2018 12:46:15
0,0,0,0,0,0 7/27/2018 12:46:15
0,0,0,0,0,0 7/27/2018 12:46:15
0,0,0,0,0,0 7/27/2018 12:46:15
0,0,0,0,0,0 7/27/2018 12:46:15
0,0,0,0,0,0 7/27/2018 12:46:15
0,0,0,0,0,0 7/27/2018 12:46:16
0,0,0,0,0,0 7/27/2018 12:46:16
0,0,0,0,0,0 7/27/2018 12:46:16
0,0,0,0,0,0 7/27/2018 12:46:16
0,0,0,0,0,0 7/27/2018 12:46:16
0,0,0,0,0,0 7/27/2018 12:46:16
0,126,4,0,0,0 7/27/2018 12:46:16
0,59,0,0,0,0 7/27/2018 12:46:16
0,0,0,0,0,0 7/27/2018 12:46:16
0,0,0,0,0,0 7/27/2018 12:46:16
0,0,0,0,0,0 7/27/2018 12:46:16
0,0,0,0,0,0 7/27/2018 12:46:16
0,0,0,0,0,0 7/27/2018 12:46:16
0,0,0,0,0,0 7/27/2018 12:46:16
0,0,0,0,0,0 7/27/2018 12:46:16
0,0,0,0,0,0 7/27/2018 12:46:16
0,0,0,0,0,0 7/27/2018 12:46:16
0,0,0,0,0,0 7/27/2018 12:46:16
0,0,0,0,0,0 7/27/2018 12:46:16
0,0,0,0,0,0 7/27/2018 12:46:16
0,0,0,0,0,0 7/27/2018 12:46:16
0,0,0,0,0,0 7/27/2018 12:46:16
0,0,0,0,0,0 7/27/2018 12:46:17
0,83,0,0,0,0 7/27/2018 12:46:17
0,117,0,0,0,0 7/27/2018 12:46:17
0,0,0,0,0,0 7/27/2018 12:46:17
0,48,1,0,0,0 7/27/2018 12:46:17
0,0,0,0,0,0 7/27/2018 12:46:17
0,0,0,0,0,0 7/27/2018 12:46:17
0,0,1,0,0,0 7/27/2018 12:46:17
0,0,0,0,0,0 7/27/2018 12:46:17
0,0,0,0,0,0 7/27/2018 12:46:17
0,0,0,0,0,0 7/27/2018 12:46:17
0,0,0,0,0,0 7/27/2018 12:46:17
0,0,0,0,0,0 7/27/2018 12:46:17
0,0,0,0,0,0 7/27/2018 12:46:17
0,0,0,0,0,0 7/27/2018 12:46:17
0,0,0,0,0,0 7/27/2018 12:46:17
0,0,0,0,0,0 7/27/2018 12:46:17
0,0,6,0,0,0 7/27/2018 12:46:17
0,0,0,60,0,0 7/27/2018 12:46:17
0,0,0,67,0,0 7/27/2018 12:46:17
0,0,0,33,0,0 7/27/2018 12:46:17
0,0,0,25,0,0 7/27/2018 12:46:17
0,0,0,50,0,0 7/27/2018 12:46:17
0,0,0,57,0,0 7/27/2018 12:46:18
0,0,0,62,0,0 7/27/2018 12:46:18
0,0,0,86,0,0 7/27/2018 12:46:18
0,0,0,115,0,0 7/27/2018 12:46:18
0,354,0,66,0,0 7/27/2018 12:46:18
0,430,0,79,0,0 7/27/2018 12:46:18
0,332,0,64,0,0 7/27/2018 12:46:18
0,125,0,65,0,0 7/27/2018 12:46:18
0,133,0,0,0,0 7/27/2018 12:46:18
0,0,0,0,0,0 7/27/2018 12:46:18
0,73,0,0,0,0 7/27/2018 12:46:18
0,0,0,0,0,0 7/27/2018 12:46:18
0,0,0,0,0,0 7/27/2018 12:46:18
0,0,0,0,0,0 7/27/2018 12:46:18
0,0,0,0,0,0 7/27/2018 12:46:18
0,0,0,0,0,0 7/27/2018 12:46:18
0,0,0,0,0,0 7/27/2018 12:46:18
0,0,0,0,0,0 7/27/2018 12:46:18
0,0,0,0,0,0 7/27/2018 12:46:18
0,0,0,0,0,0 7/27/2018 12:46:18
0,0,0,0,0,0 7/27/2018 12:46:18
0,0,0,0,0,0 7/27/2018 12:46:18
0,0,0,0,0,0 7/27/2018 12:46:18
0,0,0,0,0,0 7/27/2018 12:46:19
0,0,0,0,0,0 7/27/2018 12:46:19
0,0,0,0,0,0 7/27/2018 12:46:19
0,0,0,0,0,0 7/27/2018 12:46:19
0,0,0,0,0,0 7/27/2018 12:46:19
0,0,0,0,0,0 7/27/2018 12:46:19
0,0,0,0,0,0 7/27/2018 12:46:19
0,0,2,0,0,0 7/27/2018 12:46:19
0,0,0,0,0,0 7/27/2018 12:46:19
0,0,0,0,0,0 7/27/2018 12:46:19
0,0,0,0,0,0 7/27/2018 12:46:19
0,0,0,0,0,0 7/27/2018 12:46:19
0,0,0,0,0,0 7/27/2018 12:46:19
0,0,0,0,0,0 7/27/2018 12:46:19
0,91,0,0,0,0 7/27/2018 12:46:19
0,160,0,0,0,0 7/27/2018 12:46:19
0,151,0,0,0,0 7/27/2018 12:46:19
0,15,0,0,0,0 7/27/2018 12:46:19
0,0,0,0,0,0 7/27/2018 12:46:19
0,0,0,0,0,0 7/27/2018 12:46:19
0,0,0,0,0,0 7/27/2018 12:46:19
0,121,1,0,0,0 7/27/2018 12:46:19
0,539,37,0,0,0 7/27/2018 12:46:19
0,486,141,0,0,0 7/27/2018 12:46:20
0,526,177,0,0,0 7/27/2018 12:46:20
0,650,213,0,0,0 7/27/2018 12:46:20
0,645,246,0,0,0 7/27/2018 12:46:20
0,654,280,0,0,0 7/27/2018 12:46:20
0,664,303,0,0,0 7/27/2018 12:46:20
0,687,278,0,0,0 7/27/2018 12:46:20
0,702,259,0,0,0 7/27/2018 12:46:20
0,657,232,0,0,0 7/27/2018 12:46:20
0,679,254,0,0,0 7/27/2018 12:46:20
0,681,89,0,0,0 7/27/2018 12:46:20
0,705,11,0,0,0 7/27/2018 12:46:20
0,698,11,0,0,0 7/27/2018 12:46:20
0,598,8,0,0,0 7/27/2018 12:46:20
0,658,8,0,0,0 7/27/2018 12:46:20
0,633,13,0,0,0 7/27/2018 12:46:20
0,588,3,0,0,0 7/27/2018 12:46:20
0,0,42,0,0,0 7/27/2018 12:46:20
0,0,43,0,0,0 7/27/2018 12:46:20
0,0,45,0,0,0 7/27/2018 12:46:20
0,0,40,0,0,0 7/27/2018 12:46:20
0,0,46,0,0,0 7/27/2018 12:46:20
0,0,46,0,0,0 7/27/2018 12:46:21
0,0,53,0,0,0 7/27/2018 12:46:21
0,0,61,0,0,0 7/27/2018 12:46:21
0,0,0,0,0,0 7/27/2018 12:46:21
0,0,0,0,0,0 7/27/2018 12:46:21
0,1,0,0,0,0 7/27/2018 12:46:21
0,0,0,0,0,0 7/27/2018 12:46:21
0,0,0,0,0,0 7/27/2018 12:46:21
0,0,0,0,0,0 7/27/2018 12:46:21
0,0,0,0,0,0 7/27/2018 12:46:21
0,0,0,0,0,0 7/27/2018 12:46:21
0,0,0,0,0,0 7/27/2018 12:46:21
0,0,0,0,0,0 7/27/2018 12:46:21
0,0,0,0,0,0 7/27/2018 12:46:21
0,0,0,0,0,0 7/27/2018 12:46:21
0,0,0,0,0,0 7/27/2018 12:46:21
0,0,0,0,0,0 7/27/2018 12:46:21
0,0,4,0,0,0 7/27/2018 12:46:21
0,0,3,0,0,0 7/27/2018 12:46:21
0,0,0,0,0,0 7/27/2018 12:46:21
0,0,2,0,0,0 7/27/2018 12:46:21
0,2,4,0,0,0 7/27/2018 12:46:21
0,0,0,0,0,0 7/27/2018 12:46:21
0,0,3,0,0,0 7/27/2018 12:46:22
0,0,3,0,0,0 7/27/2018 12:46:22
0,0,3,0,0,0 7/27/2018 12:46:22
0,0,2,0,0,0 7/27/2018 12:46:22
