0,0,0,0,0,0 7/27/2018 12:47:24
0,0,0,0,0,0 7/27/2018 12:47:24
0,0,0,0,0,0 7/27/2018 12:47:24
0,0,0,0,0,0 7/27/2018 12:47:24
0,0,0,0,0,0 7/27/2018 12:47:24
0,0,0,0,0,0 7/27/2018 12:47:24
0,0,0,0,0,0 7/27/2018 12:47:24
0,0,0,0,0,0 7/27/2018 12:47:24
0,0,0,0,0,0 7/27/2018 12:47:24
0,0,0,0,0,0 7/27/2018 12:47:25
0,0,0,0,0,0 7/27/2018 12:47:25
0,0,0,0,0,0 7/27/2018 12:47:25
0,0,0,0,0,0 7/27/2018 12:47:25
0,0,0,0,0,0 7/27/2018 12:47:25
0,0,0,0,0,0 7/27/2018 12:47:25
0,0,0,0,0,0 7/27/2018 12:47:25
0,0,0,0,0,0 7/27/2018 12:47:25
0,0,0,0,0,0 7/27/2018 12:47:25
0,0,0,0,0,0 7/27/2018 12:47:25
0,0,0,0,0,0 7/27/2018 12:47:25
0,0,0,0,0,0 7/27/2018 12:47:25
0,0,0,0,0,0 7/27/2018 12:47:25
0,0,0,0,0,0 7/27/2018 12:47:25
0,0,0,0,0,0 7/27/2018 12:47:25
0,0,0,0,0,0 7/27/2018 12:47:25
0,0,0,0,0,0 7/27/2018 12:47:25
0,0,0,0,0,0 7/27/2018 12:47:25
0,0,0,0,0,0 7/27/2018 12:47:25
0,0,0,0,0,0 7/27/2018 12:47:25
0,0,0,0,0,0 7/27/2018 12:47:25
0,0,0,0,0,0 7/27/2018 12:47:25
0,0,0,0,0,0 7/27/2018 12:47:25
0,0,0,0,0,0 7/27/2018 12:47:26
0,0,0,0,0,0 7/27/2018 12:47:26
0,0,0,0,0,0 7/27/2018 12:47:26
0,0,0,0,0,0 7/27/2018 12:47:26
0,0,0,0,0,0 7/27/2018 12:47:26
0,0,0,0,0,0 7/27/2018 12:47:26
0,0,0,0,0,0 7/27/2018 12:47:26
0,0,0,0,0,0 7/27/2018 12:47:26
0,0,0,0,0,0 7/27/2018 12:47:26
0,0,0,0,0,0 7/27/2018 12:47:26
0,0,0,0,0,0 7/27/2018 12:47:26
0,0,0,0,0,0 7/27/2018 12:47:26
0,0,0,0,0,0 7/27/2018 12:47:26
0,0,0,0,0,0 7/27/2018 12:47:26
0,0,0,0,0,0 7/27/2018 12:47:26
0,0,0,0,0,0 7/27/2018 12:47:26
0,0,0,0,0,0 7/27/2018 12:47:26
0,0,0,0,0,0 7/27/2018 12:47:26
0,0,0,0,0,0 7/27/2018 12:47:26
0,0,0,0,0,0 7/27/2018 12:47:26
0,0,0,0,0,0 7/27/2018 12:47:26
0,0,0,0,0,0 7/27/2018 12:47:26
0,0,0,0,0,0 7/27/2018 12:47:26
0,0,0,0,0,0 7/27/2018 12:47:27
0,0,0,0,0,0 7/27/2018 12:47:27
0,0,0,0,0,0 7/27/2018 12:47:27
0,0,0,0,0,0 7/27/2018 12:47:27
0,0,0,0,0,0 7/27/2018 12:47:27
0,0,0,0,0,0 7/27/2018 12:47:27
0,0,0,0,0,0 7/27/2018 12:47:27
0,0,0,0,0,0 7/27/2018 12:47:27
0,0,0,0,0,0 7/27/2018 12:47:27
0,0,0,0,0,0 7/27/2018 12:47:27
0,0,0,0,0,0 7/27/2018 12:47:27
0,0,0,0,0,0 7/27/2018 12:47:27
0,0,0,0,0,0 7/27/2018 12:47:27
0,0,0,0,0,0 7/27/2018 12:47:27
0,0,0,0,0,0 7/27/2018 12:47:27
0,0,0,0,0,0 7/27/2018 12:47:27
0,0,0,0,0,0 7/27/2018 12:47:27
0,0,0,0,0,0 7/27/2018 12:47:27
0,0,0,0,0,0 7/27/2018 12:47:27
0,0,0,0,0,0 7/27/2018 12:47:27
0,0,0,0,0,0 7/27/2018 12:47:27
0,0,0,0,0,0 7/27/2018 12:47:27
0,0,0,0,0,0 7/27/2018 12:47:28
0,0,0,0,0,0 7/27/2018 12:47:28
0,0,0,0,0,0 7/27/2018 12:47:28
0,0,0,0,0,0 7/27/2018 12:47:28
0,0,0,0,0,0 7/27/2018 12:47:28
0,0,0,0,0,0 7/27/2018 12:47:28
0,0,0,0,0,0 7/27/2018 12:47:28
0,0,0,0,0,0 7/27/2018 12:47:28
0,0,0,0,0,0 7/27/2018 12:47:28
0,0,0,0,0,0 7/27/2018 12:47:28
0,0,0,0,0,0 7/27/2018 12:47:28
0,0,0,0,0,0 7/27/2018 12:47:28
0,0,0,0,0,0 7/27/2018 12:47:28
0,0,0,0,0,0 7/27/2018 12:47:28
0,0,0,0,0,0 7/27/2018 12:47:28
0,0,0,0,0,0 7/27/2018 12:47:28
0,0,0,0,0,0 7/27/2018 12:47:28
0,0,0,0,0,0 7/27/2018 12:47:28
0,0,0,0,0,0 7/27/2018 12:47:28
0,0,0,0,0,0 7/27/2018 12:47:28
0,0,0,0,0,0 7/27/2018 12:47:28
0,0,0,0,0,0 7/27/2018 12:47:28
0,0,0,0,0,0 7/27/2018 12:47:28
0,0,0,0,0,0 7/27/2018 12:47:29
0,0,0,0,0,0 7/27/2018 12:47:29
0,0,0,0,0,0 7/27/2018 12:47:29
0,0,0,0,0,0 7/27/2018 12:47:29
0,0,0,0,0,0 7/27/2018 12:47:29
0,0,0,0,0,0 7/27/2018 12:47:29
0,0,0,0,0,0 7/27/2018 12:47:29
0,0,0,0,0,0 7/27/2018 12:47:29
0,0,0,0,0,0 7/27/2018 12:47:29
0,0,0,0,0,0 7/27/2018 12:47:29
0,0,0,0,0,0 7/27/2018 12:47:29
0,0,0,0,0,0 7/27/2018 12:47:29
0,0,0,0,0,0 7/27/2018 12:47:29
0,0,0,0,0,0 7/27/2018 12:47:29
0,0,0,0,0,0 7/27/2018 12:47:29
0,0,0,0,0,0 7/27/2018 12:47:29
0,0,0,0,0,0 7/27/2018 12:47:29
0,0,0,0,0,0 7/27/2018 12:47:29
0,0,0,0,0,0 7/27/2018 12:47:29
0,0,0,0,0,0 7/27/2018 12:47:29
0,0,0,0,0,0 7/27/2018 12:47:29
0,0,0,0,0,0 7/27/2018 12:47:29
0,0,0,0,0,0 7/27/2018 12:47:29
0,0,0,0,0,0 7/27/2018 12:47:30
0,0,0,0,0,0 7/27/2018 12:47:30
0,0,0,0,0,0 7/27/2018 12:47:30
0,0,0,0,0,0 7/27/2018 12:47:30
0,0,0,0,0,0 7/27/2018 12:47:30
0,0,0,0,0,0 7/27/2018 12:47:30
0,0,0,0,0,0 7/27/2018 12:47:30
0,0,0,0,0,0 7/27/2018 12:47:30
0,0,0,0,0,0 7/27/2018 12:47:30
0,0,0,0,0,0 7/27/2018 12:47:30
0,0,0,0,0,0 7/27/2018 12:47:30
0,0,0,0,0,0 7/27/2018 12:47:30
0,0,0,0,0,0 7/27/2018 12:47:30
0,0,0,9,0,0 7/27/2018 12:47:30
0,0,0,0,0,0 7/27/2018 12:47:30
0,0,0,0,0,0 7/27/2018 12:47:30
0,0,0,0,0,0 7/27/2018 12:47:30
0,0,0,0,0,0 7/27/2018 12:47:30
0,0,0,0,0,0 7/27/2018 12:47:30
0,0,0,0,0,0 7/27/2018 12:47:30
0,0,0,0,0,0 7/27/2018 12:47:30
0,0,0,0,0,0 7/27/2018 12:47:30
0,0,0,0,0,0 7/27/2018 12:47:31
0,0,0,0,0,0 7/27/2018 12:47:31
0,0,0,0,0,0 7/27/2018 12:47:31
0,0,0,0,0,0 7/27/2018 12:47:31
0,0,0,0,0,0 7/27/2018 12:47:31
0,0,0,0,0,0 7/27/2018 12:47:31
0,0,0,0,0,0 7/27/2018 12:47:31
0,0,0,0,0,0 7/27/2018 12:47:31
0,0,0,0,0,0 7/27/2018 12:47:31
0,0,0,0,0,0 7/27/2018 12:47:31
0,0,0,0,0,0 7/27/2018 12:47:31
0,0,0,0,0,0 7/27/2018 12:47:31
0,0,0,0,0,0 7/27/2018 12:47:31
0,0,0,0,0,0 7/27/2018 12:47:31
0,0,0,0,0,0 7/27/2018 12:47:31
0,0,0,0,0,0 7/27/2018 12:47:31
0,0,0,0,0,0 7/27/2018 12:47:31
0,0,0,0,0,0 7/27/2018 12:47:31
0,0,0,0,0,0 7/27/2018 12:47:31
0,0,0,0,0,0 7/27/2018 12:47:31
0,0,0,0,0,0 7/27/2018 12:47:31
0,0,0,0,0,0 7/27/2018 12:47:31
0,0,0,0,0,0 7/27/2018 12:47:31
0,0,0,0,0,0 7/27/2018 12:47:32
0,0,0,0,0,0 7/27/2018 12:47:32
0,0,0,0,0,0 7/27/2018 12:47:32
0,0,0,0,0,0 7/27/2018 12:47:32
0,0,0,0,0,0 7/27/2018 12:47:32
0,0,0,0,0,0 7/27/2018 12:47:32
0,0,0,0,0,0 7/27/2018 12:47:32
0,0,0,0,0,0 7/27/2018 12:47:32
0,0,0,0,0,0 7/27/2018 12:47:32
0,0,0,0,0,0 7/27/2018 12:47:32
0,0,0,0,0,0 7/27/2018 12:47:32
0,0,0,0,0,0 7/27/2018 12:47:32
0,0,0,0,0,0 7/27/2018 12:47:32
0,0,0,0,0,0 7/27/2018 12:47:32
0,0,0,0,0,0 7/27/2018 12:47:32
0,0,0,0,0,0 7/27/2018 12:47:32
0,0,0,0,0,0 7/27/2018 12:47:32
0,0,0,0,0,0 7/27/2018 12:47:32
0,0,0,0,0,0 7/27/2018 12:47:32
0,0,0,0,0,0 7/27/2018 12:47:32
0,0,0,0,0,0 7/27/2018 12:47:32
0,0,0,0,0,0 7/27/2018 12:47:32
0,0,0,0,0,0 7/27/2018 12:47:32
0,0,0,0,0,0 7/27/2018 12:47:33
0,0,0,0,0,0 7/27/2018 12:47:33
0,0,0,0,0,0 7/27/2018 12:47:33
0,0,0,0,0,0 7/27/2018 12:47:33
0,0,0,0,0,0 7/27/2018 12:47:33
0,0,0,0,0,0 7/27/2018 12:47:33
0,0,0,0,0,0 7/27/2018 12:47:33
0,0,0,0,0,0 7/27/2018 12:47:33
0,0,0,0,0,0 7/27/2018 12:47:33
0,0,0,0,0,0 7/27/2018 12:47:33
0,0,0,0,0,0 7/27/2018 12:47:33
0,0,0,0,0,0 7/27/2018 12:47:33
0,0,0,0,0,0 7/27/2018 12:47:33
0,0,0,0,0,0 7/27/2018 12:47:33
0,0,0,0,0,0 7/27/2018 12:47:33
0,0,0,0,0,0 7/27/2018 12:47:33
0,0,0,0,0,0 7/27/2018 12:47:33
0,0,0,0,1,0 7/27/2018 12:47:33
0,0,0,0,0,0 7/27/2018 12:47:33
0,0,0,0,0,0 7/27/2018 12:47:33
0,0,0,0,0,0 7/27/2018 12:47:33
0,0,0,0,0,0 7/27/2018 12:47:33
0,0,0,0,0,0 7/27/2018 12:47:33
0,0,0,0,0,0 7/27/2018 12:47:34
0,0,0,0,0,0 7/27/2018 12:47:34
0,0,0,0,0,0 7/27/2018 12:47:34
0,0,0,0,0,0 7/27/2018 12:47:34
0,0,0,0,0,0 7/27/2018 12:47:34
0,0,0,0,0,0 7/27/2018 12:47:34
0,0,0,0,0,0 7/27/2018 12:47:34
0,0,0,0,0,0 7/27/2018 12:47:34
0,0,0,0,0,0 7/27/2018 12:47:34
0,0,0,0,0,0 7/27/2018 12:47:34
0,0,0,0,0,0 7/27/2018 12:47:34
0,0,0,0,0,0 7/27/2018 12:47:34
0,0,0,0,0,0 7/27/2018 12:47:34
0,0,0,0,0,0 7/27/2018 12:47:34
0,0,0,0,0,0 7/27/2018 12:47:34
0,0,0,0,0,0 7/27/2018 12:47:34
0,0,0,0,0,0 7/27/2018 12:47:34
0,0,0,0,0,0 7/27/2018 12:47:34
0,0,0,0,0,0 7/27/2018 12:47:34
0,0,0,0,0,0 7/27/2018 12:47:34
0,0,0,0,0,0 7/27/2018 12:47:34
0,0,0,0,0,0 7/27/2018 12:47:34
0,0,0,0,0,0 7/27/2018 12:47:35
0,0,0,0,0,0 7/27/2018 12:47:35
0,0,0,0,0,0 7/27/2018 12:47:35
0,0,0,0,0,0 7/27/2018 12:47:35
0,0,0,0,0,0 7/27/2018 12:47:35
0,0,0,0,0,0 7/27/2018 12:47:35
0,0,0,0,0,0 7/27/2018 12:47:35
0,0,0,0,0,0 7/27/2018 12:47:35
0,0,0,0,0,0 7/27/2018 12:47:35
0,0,0,0,0,0 7/27/2018 12:47:35
0,0,0,0,0,0 7/27/2018 12:47:35
0,0,0,0,0,0 7/27/2018 12:47:35
0,0,0,0,0,0 7/27/2018 12:47:35
0,0,0,0,0,0 7/27/2018 12:47:35
0,0,0,0,0,0 7/27/2018 12:47:35
0,0,0,0,0,0 7/27/2018 12:47:35
0,0,0,0,0,0 7/27/2018 12:47:35
0,0,0,0,0,0 7/27/2018 12:47:35
0,0,0,0,0,0 7/27/2018 12:47:35
0,0,0,0,0,0 7/27/2018 12:47:35
0,0,0,0,0,0 7/27/2018 12:47:35
0,0,0,0,0,0 7/27/2018 12:47:35
0,0,0,0,0,0 7/27/2018 12:47:35
0,0,1,0,0,0 7/27/2018 12:47:36
0,0,0,0,0,0 7/27/2018 12:47:36
0,0,0,0,0,0 7/27/2018 12:47:36
0,0,0,0,0,0 7/27/2018 12:47:36
0,0,0,0,0,0 7/27/2018 12:47:36
0,0,0,0,0,0 7/27/2018 12:47:36
0,0,0,0,0,0 7/27/2018 12:47:36
0,0,0,0,0,0 7/27/2018 12:47:36
0,0,0,0,0,0 7/27/2018 12:47:36
0,0,0,0,0,0 7/27/2018 12:47:36
0,0,0,0,0,0 7/27/2018 12:47:36
0,0,0,0,0,0 7/27/2018 12:47:36
0,0,0,0,0,0 7/27/2018 12:47:36
0,0,0,0,0,0 7/27/2018 12:47:36
0,0,0,0,0,0 7/27/2018 12:47:36
0,0,0,0,0,0 7/27/2018 12:47:36
0,0,0,0,0,0 7/27/2018 12:47:36
0,0,0,0,0,0 7/27/2018 12:47:36
0,0,0,0,0,0 7/27/2018 12:47:36
0,0,0,0,0,0 7/27/2018 12:47:36
0,0,0,0,0,0 7/27/2018 12:47:36
0,0,0,0,0,0 7/27/2018 12:47:36
0,0,0,0,0,0 7/27/2018 12:47:36
0,0,0,0,0,0 7/27/2018 12:47:37
0,0,0,0,0,0 7/27/2018 12:47:37
0,0,0,0,0,0 7/27/2018 12:47:37
0,0,0,0,0,0 7/27/2018 12:47:37
0,0,0,0,0,0 7/27/2018 12:47:37
0,0,0,0,0,0 7/27/2018 12:47:37
0,0,0,0,0,0 7/27/2018 12:47:37
0,0,0,0,0,0 7/27/2018 12:47:37
0,0,0,0,0,0 7/27/2018 12:47:37
0,0,0,0,0,0 7/27/2018 12:47:37
0,0,0,0,1,0 7/27/2018 12:47:37
0,0,0,0,0,0 7/27/2018 12:47:37
0,0,0,0,0,0 7/27/2018 12:47:37
0,0,0,0,0,0 7/27/2018 12:47:37
0,0,0,0,0,0 7/27/2018 12:47:37
0,0,0,0,0,0 7/27/2018 12:47:37
0,0,0,0,0,0 7/27/2018 12:47:37
0,0,0,0,0,0 7/27/2018 12:47:37
