0,0,0,0,0,0 7/27/2018 12:48:32
0,0,0,0,0,0 7/27/2018 12:48:32
0,0,0,0,0,0 7/27/2018 12:48:32
0,0,0,0,0,0 7/27/2018 12:48:32
0,0,0,0,0,0 7/27/2018 12:48:32
0,0,0,0,0,0 7/27/2018 12:48:32
0,0,0,0,0,0 7/27/2018 12:48:32
0,0,0,0,0,0 7/27/2018 12:48:32
0,0,0,0,0,0 7/27/2018 12:48:32
0,0,0,0,0,0 7/27/2018 12:48:32
0,0,0,0,0,0 7/27/2018 12:48:32
0,0,0,0,0,0 7/27/2018 12:48:32
0,0,0,0,0,0 7/27/2018 12:48:32
0,0,0,0,0,0 7/27/2018 12:48:32
0,0,0,0,0,0 7/27/2018 12:48:32
0,0,0,0,0,0 7/27/2018 12:48:32
0,0,0,0,0,0 7/27/2018 12:48:32
0,0,0,0,0,0 7/27/2018 12:48:33
0,0,0,0,0,0 7/27/2018 12:48:33
0,0,309,0,0,0 7/27/2018 12:48:33
0,0,12,0,0,0 7/27/2018 12:48:33
0,0,0,0,0,0 7/27/2018 12:48:33
0,0,0,0,0,0 7/27/2018 12:48:33
0,0,161,0,0,0 7/27/2018 12:48:33
0,0,57,0,0,0 7/27/2018 12:48:33
0,0,0,0,0,0 7/27/2018 12:48:33
0,0,0,0,0,0 7/27/2018 12:48:33
0,0,0,0,0,0 7/27/2018 12:48:33
0,0,0,0,0,0 7/27/2018 12:48:33
0,0,0,0,0,0 7/27/2018 12:48:33
0,0,0,0,0,0 7/27/2018 12:48:33
0,0,0,0,0,0 7/27/2018 12:48:33
0,0,0,0,0,0 7/27/2018 12:48:33
0,0,93,0,0,0 7/27/2018 12:48:33
0,0,79,0,0,0 7/27/2018 12:48:33
0,0,51,0,0,0 7/27/2018 12:48:33
0,0,0,0,0,0 7/27/2018 12:48:33
0,0,0,0,0,0 7/27/2018 12:48:33
0,0,0,0,0,0 7/27/2018 12:48:33
0,0,0,0,0,0 7/27/2018 12:48:34
0,0,0,0,0,0 7/27/2018 12:48:34
0,0,0,0,0,0 7/27/2018 12:48:34
0,0,0,0,0,0 7/27/2018 12:48:34
0,0,0,0,0,0 7/27/2018 12:48:34
0,0,0,0,0,0 7/27/2018 12:48:34
0,0,0,0,0,0 7/27/2018 12:48:34
0,0,0,0,0,0 7/27/2018 12:48:34
0,0,0,0,0,0 7/27/2018 12:48:34
0,0,0,0,0,0 7/27/2018 12:48:34
0,0,0,0,0,0 7/27/2018 12:48:34
0,0,0,0,0,0 7/27/2018 12:48:34
0,0,0,0,0,0 7/27/2018 12:48:34
0,0,0,0,0,0 7/27/2018 12:48:34
0,0,0,0,0,0 7/27/2018 12:48:34
0,0,0,0,0,0 7/27/2018 12:48:34
0,0,0,0,0,0 7/27/2018 12:48:34
0,0,11,0,0,0 7/27/2018 12:48:34
0,0,19,0,0,0 7/27/2018 12:48:34
0,0,13,0,0,0 7/27/2018 12:48:34
0,0,0,0,0,0 7/27/2018 12:48:34
0,0,0,0,0,0 7/27/2018 12:48:34
0,0,0,0,0,0 7/27/2018 12:48:34
0,0,0,0,0,0 7/27/2018 12:48:35
0,0,0,0,0,0 7/27/2018 12:48:35
0,0,0,0,0,0 7/27/2018 12:48:35
0,0,0,0,0,0 7/27/2018 12:48:35
0,0,0,0,0,0 7/27/2018 12:48:35
0,0,0,0,0,0 7/27/2018 12:48:35
0,0,0,0,0,0 7/27/2018 12:48:35
0,0,0,0,0,0 7/27/2018 12:48:35
0,0,0,0,0,0 7/27/2018 12:48:35
0,0,0,0,0,0 7/27/2018 12:48:35
0,0,0,0,0,0 7/27/2018 12:48:35
0,0,0,0,0,0 7/27/2018 12:48:35
0,0,0,0,0,0 7/27/2018 12:48:35
0,0,0,0,0,0 7/27/2018 12:48:35
0,0,0,0,0,0 7/27/2018 12:48:35
0,0,0,0,0,0 7/27/2018 12:48:35
0,0,0,0,0,0 7/27/2018 12:48:35
0,0,0,0,0,0 7/27/2018 12:48:35
0,0,0,0,0,0 7/27/2018 12:48:35
0,0,0,0,0,0 7/27/2018 12:48:35
0,0,0,0,0,0 7/27/2018 12:48:35
0,0,0,0,0,0 7/27/2018 12:48:35
0,0,0,0,0,0 7/27/2018 12:48:35
0,0,0,0,0,0 7/27/2018 12:48:36
0,0,0,0,0,0 7/27/2018 12:48:36
0,0,0,0,0,0 7/27/2018 12:48:36
0,0,0,0,0,0 7/27/2018 12:48:36
0,0,0,0,0,0 7/27/2018 12:48:36
0,0,0,0,0,0 7/27/2018 12:48:36
0,0,0,0,0,0 7/27/2018 12:48:36
0,0,46,0,0,0 7/27/2018 12:48:36
0,0,193,0,0,0 7/27/2018 12:48:36
0,0,378,0,0,0 7/27/2018 12:48:36
0,0,243,0,0,0 7/27/2018 12:48:36
0,0,0,0,0,0 7/27/2018 12:48:36
0,0,0,0,0,0 7/27/2018 12:48:36
0,0,0,0,0,0 7/27/2018 12:48:36
0,0,0,0,0,0 7/27/2018 12:48:36
0,0,0,0,0,0 7/27/2018 12:48:36
0,0,306,0,0,0 7/27/2018 12:48:36
0,0,317,0,0,0 7/27/2018 12:48:36
0,0,103,0,0,0 7/27/2018 12:48:36
0,0,0,0,0,0 7/27/2018 12:48:36
0,0,0,0,0,0 7/27/2018 12:48:36
0,0,0,0,0,0 7/27/2018 12:48:36
0,0,0,0,0,0 7/27/2018 12:48:36
0,0,0,0,0,0 7/27/2018 12:48:37
0,0,0,0,0,0 7/27/2018 12:48:37
0,0,0,0,0,0 7/27/2018 12:48:37
0,0,82,0,0,0 7/27/2018 12:48:37
0,0,466,0,0,0 7/27/2018 12:48:37
0,0,495,0,0,0 7/27/2018 12:48:37
0,0,521,0,0,0 7/27/2018 12:48:37
0,0,515,0,0,0 7/27/2018 12:48:37
0,0,576,0,0,0 7/27/2018 12:48:37
0,0,503,0,0,0 7/27/2018 12:48:37
0,241,525,0,0,0 7/27/2018 12:48:37
0,481,492,0,0,0 7/27/2018 12:48:37
0,563,490,0,0,0 7/27/2018 12:48:37
0,626,466,11,0,0 7/27/2018 12:48:37
0,614,445,28,0,0 7/27/2018 12:48:37
0,623,406,38,0,0 7/27/2018 12:48:37
0,632,344,38,0,0 7/27/2018 12:48:37
0,627,278,21,0,0 7/27/2018 12:48:37
0,621,172,0,0,0 7/27/2018 12:48:37
0,627,14,0,0,0 7/27/2018 12:48:37
0,653,20,0,0,0 7/27/2018 12:48:37
0,677,57,0,0,0 7/27/2018 12:48:37
0,695,58,0,0,0 7/27/2018 12:48:38
0,694,60,0,0,0 7/27/2018 12:48:38
0,710,56,0,0,0 7/27/2018 12:48:38
0,698,61,0,0,0 7/27/2018 12:48:38
0,677,0,0,0,0 7/27/2018 12:48:38
0,646,11,0,0,0 7/27/2018 12:48:38
0,553,307,51,0,0 7/27/2018 12:48:38
0,384,451,48,0,0 7/27/2018 12:48:38
0,241,504,66,0,0 7/27/2018 12:48:38
0,83,512,52,0,0 7/27/2018 12:48:38
0,92,485,63,0,0 7/27/2018 12:48:38
0,91,465,69,0,0 7/27/2018 12:48:38
0,90,464,70,0,0 7/27/2018 12:48:38
0,64,380,0,0,0 7/27/2018 12:48:38
0,0,141,0,0,0 7/27/2018 12:48:38
0,0,0,0,0,0 7/27/2018 12:48:38
0,0,0,0,0,0 7/27/2018 12:48:38
0,0,0,0,0,0 7/27/2018 12:48:38
0,0,0,0,0,0 7/27/2018 12:48:38
0,0,0,0,0,0 7/27/2018 12:48:38
0,0,0,0,0,0 7/27/2018 12:48:38
0,0,0,0,0,0 7/27/2018 12:48:38
0,0,0,0,0,0 7/27/2018 12:48:38
0,0,0,0,0,0 7/27/2018 12:48:39
0,0,0,0,0,0 7/27/2018 12:48:39
0,0,0,0,0,0 7/27/2018 12:48:39
0,0,0,0,0,0 7/27/2018 12:48:39
0,0,0,0,0,0 7/27/2018 12:48:39
0,0,0,0,0,0 7/27/2018 12:48:39
0,0,0,0,0,0 7/27/2018 12:48:39
0,0,0,0,0,0 7/27/2018 12:48:39
0,0,0,0,0,0 7/27/2018 12:48:39
0,0,0,0,0,0 7/27/2018 12:48:39
0,0,0,0,0,0 7/27/2018 12:48:39
0,0,0,0,0,0 7/27/2018 12:48:39
0,0,0,0,0,0 7/27/2018 12:48:39
0,0,0,0,0,0 7/27/2018 12:48:39
0,0,0,0,0,0 7/27/2018 12:48:39
0,0,0,0,0,0 7/27/2018 12:48:39
0,0,0,0,0,0 7/27/2018 12:48:39
0,0,0,0,0,0 7/27/2018 12:48:39
0,0,0,0,0,0 7/27/2018 12:48:39
0,0,0,0,0,0 7/27/2018 12:48:39
0,0,0,0,0,0 7/27/2018 12:48:39
0,0,0,0,0,0 7/27/2018 12:48:39
0,0,0,0,0,0 7/27/2018 12:48:39
0,0,0,0,0,0 7/27/2018 12:48:40
0,0,0,0,0,0 7/27/2018 12:48:40
0,0,0,0,0,0 7/27/2018 12:48:40
0,0,0,0,0,0 7/27/2018 12:48:40
0,0,0,0,0,0 7/27/2018 12:48:40
0,0,0,0,0,0 7/27/2018 12:48:40
0,0,0,0,0,0 7/27/2018 12:48:40
0,0,0,0,0,0 7/27/2018 12:48:40
0,9,0,0,0,0 7/27/2018 12:48:40
0,45,0,0,0,0 7/27/2018 12:48:40
0,78,0,0,0,0 7/27/2018 12:48:40
0,86,0,0,0,0 7/27/2018 12:48:40
0,80,0,0,0,0 7/27/2018 12:48:40
0,91,0,0,0,0 7/27/2018 12:48:40
0,100,0,5,0,0 7/27/2018 12:48:40
0,103,0,47,0,0 7/27/2018 12:48:40
0,115,0,54,0,0 7/27/2018 12:48:40
0,111,0,71,0,0 7/27/2018 12:48:40
0,117,0,81,0,0 7/27/2018 12:48:40
0,110,0,87,0,0 7/27/2018 12:48:40
0,112,0,76,0,0 7/27/2018 12:48:40
0,113,0,79,0,0 7/27/2018 12:48:40
0,112,0,76,0,0 7/27/2018 12:48:41
0,111,0,94,0,0 7/27/2018 12:48:41
0,110,0,96,0,0 7/27/2018 12:48:41
0,109,0,99,0,0 7/27/2018 12:48:41
0,109,0,101,0,0 7/27/2018 12:48:41
0,116,0,104,0,0 7/27/2018 12:48:41
0,116,0,103,0,0 7/27/2018 12:48:41
0,111,0,94,0,0 7/27/2018 12:48:41
0,93,0,64,0,0 7/27/2018 12:48:41
0,71,0,53,0,0 7/27/2018 12:48:41
0,17,0,0,0,0 7/27/2018 12:48:41
0,0,0,0,0,0 7/27/2018 12:48:41
0,0,1,0,0,0 7/27/2018 12:48:41
0,0,0,0,0,0 7/27/2018 12:48:41
0,0,2,0,0,0 7/27/2018 12:48:41
0,0,3,0,0,0 7/27/2018 12:48:41
0,0,4,0,0,0 7/27/2018 12:48:41
0,0,3,0,0,0 7/27/2018 12:48:41
0,0,0,0,0,0 7/27/2018 12:48:41
0,0,12,0,0,0 7/27/2018 12:48:41
0,0,8,0,0,0 7/27/2018 12:48:41
0,0,0,0,0,0 7/27/2018 12:48:41
0,0,0,0,0,0 7/27/2018 12:48:41
0,0,1,0,0,0 7/27/2018 12:48:42
0,0,0,0,0,0 7/27/2018 12:48:42
0,0,0,3,0,0 7/27/2018 12:48:42
0,0,0,0,0,0 7/27/2018 12:48:42
0,0,0,165,0,0 7/27/2018 12:48:42
0,0,0,165,0,0 7/27/2018 12:48:42
0,0,0,132,0,0 7/27/2018 12:48:42
0,0,0,14,0,0 7/27/2018 12:48:42
0,0,0,0,0,0 7/27/2018 12:48:42
0,0,0,0,0,0 7/27/2018 12:48:42
0,0,0,0,0,0 7/27/2018 12:48:42
0,0,4,0,0,0 7/27/2018 12:48:42
0,0,0,0,0,0 7/27/2018 12:48:42
0,0,2,0,0,0 7/27/2018 12:48:42
0,0,1,0,0,0 7/27/2018 12:48:42
0,0,2,0,0,0 7/27/2018 12:48:42
0,0,1,0,0,0 7/27/2018 12:48:42
0,0,0,0,0,0 7/27/2018 12:48:42
0,0,0,0,0,0 7/27/2018 12:48:42
0,0,0,0,0,0 7/27/2018 12:48:42
0,0,0,0,0,0 7/27/2018 12:48:42
0,0,0,0,0,0 7/27/2018 12:48:42
0,0,0,0,0,0 7/27/2018 12:48:42
0,0,0,0,0,0 7/27/2018 12:48:43
0,0,0,0,0,0 7/27/2018 12:48:43
0,0,0,0,0,0 7/27/2018 12:48:43
0,0,0,0,0,0 7/27/2018 12:48:43
0,0,0,0,0,0 7/27/2018 12:48:43
0,0,0,0,0,0 7/27/2018 12:48:43
0,0,27,0,0,0 7/27/2018 12:48:43
0,0,35,0,0,0 7/27/2018 12:48:43
0,0,43,0,0,0 7/27/2018 12:48:43
0,0,0,0,0,0 7/27/2018 12:48:43
0,0,0,0,0,0 7/27/2018 12:48:43
0,0,0,0,0,0 7/27/2018 12:48:43
0,0,0,0,0,0 7/27/2018 12:48:43
0,0,0,0,0,0 7/27/2018 12:48:43
0,0,0,0,0,0 7/27/2018 12:48:43
0,0,0,0,0,0 7/27/2018 12:48:43
0,0,0,0,0,0 7/27/2018 12:48:43
0,0,0,0,0,0 7/27/2018 12:48:43
0,0,0,0,0,0 7/27/2018 12:48:43
0,0,0,135,0,0 7/27/2018 12:48:43
0,0,0,4,0,0 7/27/2018 12:48:43
0,0,0,0,0,0 7/27/2018 12:48:43
0,0,0,0,0,0 7/27/2018 12:48:43
0,0,0,0,0,0 7/27/2018 12:48:44
0,0,0,0,0,0 7/27/2018 12:48:44
0,0,0,0,0,0 7/27/2018 12:48:44
0,0,1,0,0,0 7/27/2018 12:48:44
0,0,0,0,0,0 7/27/2018 12:48:44
0,0,0,0,0,0 7/27/2018 12:48:44
0,0,0,0,0,0 7/27/2018 12:48:44
0,0,0,0,0,0 7/27/2018 12:48:44
0,0,0,0,0,0 7/27/2018 12:48:44
0,0,0,0,0,0 7/27/2018 12:48:44
0,0,0,0,0,0 7/27/2018 12:48:44
0,0,0,0,0,0 7/27/2018 12:48:44
0,0,0,0,0,0 7/27/2018 12:48:44
0,0,0,0,0,0 7/27/2018 12:48:44
0,0,0,0,0,0 7/27/2018 12:48:44
0,0,0,0,0,0 7/27/2018 12:48:44
0,0,0,0,0,0 7/27/2018 12:48:44
0,0,0,0,0,0 7/27/2018 12:48:44
0,0,0,0,0,0 7/27/2018 12:48:44
0,0,0,0,0,0 7/27/2018 12:48:44
0,0,0,0,0,0 7/27/2018 12:48:44
0,0,0,0,0,0 7/27/2018 12:48:44
0,0,0,0,0,0 7/27/2018 12:48:45
0,0,1,0,0,0 7/27/2018 12:48:45
0,0,0,0,0,0 7/27/2018 12:48:45
0,0,0,0,0,0 7/27/2018 12:48:45
0,0,0,0,0,0 7/27/2018 12:48:45
0,0,0,0,0,0 7/27/2018 12:48:45
0,0,1,0,0,0 7/27/2018 12:48:45
0,0,0,0,0,0 7/27/2018 12:48:45
0,0,3,0,0,0 7/27/2018 12:48:45
0,0,2,0,0,0 7/27/2018 12:48:45
0,0,4,0,0,0 7/27/2018 12:48:45
0,0,2,0,0,0 7/27/2018 12:48:45
0,0,4,0,0,0 7/27/2018 12:48:45
0,0,0,0,0,0 7/27/2018 12:48:45
0,0,10,0,0,0 7/27/2018 12:48:45
0,0,10,0,0,0 7/27/2018 12:48:45
0,0,7,0,0,0 7/27/2018 12:48:45
0,0,6,0,0,0 7/27/2018 12:48:45
0,0,1,0,0,0 7/27/2018 12:48:45
0,0,0,0,0,0 7/27/2018 12:48:45
0,0,2,0,0,0 7/27/2018 12:48:45
0,0,0,0,0,0 7/27/2018 12:48:45
0,0,0,0,0,0 7/27/2018 12:48:45
0,0,0,1,0,0 7/27/2018 12:48:46
0,0,0,0,0,0 7/27/2018 12:48:46
0,0,2,0,0,0 7/27/2018 12:48:46
0,0,2,0,0,0 7/27/2018 12:48:46
0,0,15,0,0,0 7/27/2018 12:48:46
0,0,4,0,0,0 7/27/2018 12:48:46
0,0,0,22,0,0 7/27/2018 12:48:46
0,0,0,95,0,0 7/27/2018 12:48:46
0,0,0,189,0,0 7/27/2018 12:48:46
0,0,0,232,0,0 7/27/2018 12:48:46
0,0,0,162,0,0 7/27/2018 12:48:46
0,0,1,0,0,0 7/27/2018 12:48:46
0,0,0,0,0,0 7/27/2018 12:48:46
0,0,10,0,0,0 7/27/2018 12:48:46
0,0,3,0,0,0 7/27/2018 12:48:46
0,0,6,24,0,0 7/27/2018 12:48:46
0,0,1,45,0,0 7/27/2018 12:48:46
0,0,4,0,0,0 7/27/2018 12:48:46
0,0,5,0,0,0 7/27/2018 12:48:46
0,0,6,0,0,0 7/27/2018 12:48:46
0,0,7,0,0,0 7/27/2018 12:48:46
0,0,2,0,0,0 7/27/2018 12:48:46
0,0,2,0,0,0 7/27/2018 12:48:46
0,0,0,207,0,0 7/27/2018 12:48:47
0,0,0,282,0,0 7/27/2018 12:48:47
0,0,0,274,0,0 7/27/2018 12:48:47
0,0,0,253,0,0 7/27/2018 12:48:47
0,0,0,115,0,0 7/27/2018 12:48:47
0,0,2,0,0,0 7/27/2018 12:48:47
0,0,5,0,0,0 7/27/2018 12:48:47
0,0,8,0,0,0 7/27/2018 12:48:47
0,0,9,0,0,0 7/27/2018 12:48:47
0,0,9,0,0,0 7/27/2018 12:48:47
0,0,0,0,0,0 7/27/2018 12:48:47
0,0,0,183,0,0 7/27/2018 12:48:47
0,0,0,213,0,0 7/27/2018 12:48:47
0,0,0,153,0,0 7/27/2018 12:48:47
0,0,0,0,0,0 7/27/2018 12:48:47
0,0,1,0,0,0 7/27/2018 12:48:47
0,0,4,0,0,0 7/27/2018 12:48:47
0,0,3,0,0,0 7/27/2018 12:48:47
0,0,0,0,0,0 7/27/2018 12:48:47
0,0,0,0,0,0 7/27/2018 12:48:47
0,0,0,0,0,0 7/27/2018 12:48:47
0,0,0,110,0,0 7/27/2018 12:48:47
0,0,0,78,0,0 7/27/2018 12:48:48
0,0,0,82,0,0 7/27/2018 12:48:48
0,0,0,83,0,0 7/27/2018 12:48:48
0,0,0,113,0,0 7/27/2018 12:48:48
0,0,0,105,0,0 7/27/2018 12:48:48
0,0,3,62,0,0 7/27/2018 12:48:48
0,0,3,0,0,0 7/27/2018 12:48:48
0,0,4,0,0,0 7/27/2018 12:48:48
0,0,2,0,0,0 7/27/2018 12:48:48
0,0,4,82,0,0 7/27/2018 12:48:48
0,0,5,137,0,0 7/27/2018 12:48:48
0,0,3,167,0,0 7/27/2018 12:48:48
0,0,3,179,0,0 7/27/2018 12:48:48
0,0,1,234,0,0 7/27/2018 12:48:48
0,0,4,260,0,0 7/27/2018 12:48:48
0,0,0,277,0,0 7/27/2018 12:48:48
0,0,3,278,0,0 7/27/2018 12:48:48
0,0,4,293,0,0 7/27/2018 12:48:48
0,0,5,296,0,0 7/27/2018 12:48:48
0,0,3,300,0,0 7/27/2018 12:48:48
0,0,2,284,0,0 7/27/2018 12:48:48
0,0,5,246,0,0 7/27/2018 12:48:48
0,0,5,165,0,0 7/27/2018 12:48:48
