0,0,0,0,0,0 7/27/2018 12:51:46
0,0,0,0,0,0 7/27/2018 12:51:46
0,0,0,0,0,0 7/27/2018 12:51:47
0,0,0,0,0,0 7/27/2018 12:51:47
0,0,0,0,0,0 7/27/2018 12:51:47
0,0,0,0,0,0 7/27/2018 12:51:47
0,0,0,0,0,0 7/27/2018 12:51:47
0,0,0,0,0,0 7/27/2018 12:51:47
0,0,0,0,0,0 7/27/2018 12:51:47
0,0,0,0,0,0 7/27/2018 12:51:47
0,0,0,0,0,0 7/27/2018 12:51:47
0,0,0,0,0,0 7/27/2018 12:51:47
0,0,0,0,0,0 7/27/2018 12:51:47
0,0,0,0,0,0 7/27/2018 12:51:47
0,0,0,0,0,0 7/27/2018 12:51:47
0,0,0,0,0,0 7/27/2018 12:51:47
0,0,0,0,0,0 7/27/2018 12:51:47
0,0,0,0,0,0 7/27/2018 12:51:47
0,0,0,0,0,0 7/27/2018 12:51:47
0,0,0,0,0,0 7/27/2018 12:51:47
0,0,0,0,0,0 7/27/2018 12:51:47
0,0,0,0,0,0 7/27/2018 12:51:47
0,0,0,0,0,0 7/27/2018 12:51:47
0,0,0,0,0,0 7/27/2018 12:51:47
0,0,0,0,0,0 7/27/2018 12:51:47
0,0,0,0,0,0 7/27/2018 12:51:48
0,0,0,0,0,0 7/27/2018 12:51:48
0,0,0,0,0,0 7/27/2018 12:51:48
0,0,0,0,0,0 7/27/2018 12:51:48
0,0,0,0,0,0 7/27/2018 12:51:48
0,0,0,0,0,0 7/27/2018 12:51:48
0,0,0,25,0,0 7/27/2018 12:51:48
0,0,0,84,0,0 7/27/2018 12:51:48
0,0,0,153,0,0 7/27/2018 12:51:48
0,0,0,172,0,0 7/27/2018 12:51:48
0,0,0,134,0,0 7/27/2018 12:51:48
0,0,0,94,0,0 7/27/2018 12:51:48
0,0,0,60,0,0 7/27/2018 12:51:48
0,0,0,35,0,0 7/27/2018 12:51:48
0,0,0,0,0,0 7/27/2018 12:51:48
0,0,0,114,0,0 7/27/2018 12:51:48
0,0,0,248,0,0 7/27/2018 12:51:48
0,0,0,146,0,0 7/27/2018 12:51:48
0,0,0,6,0,0 7/27/2018 12:51:48
0,0,0,0,0,0 7/27/2018 12:51:48
0,0,0,0,0,0 7/27/2018 12:51:48
0,0,0,0,0,0 7/27/2018 12:51:48
0,0,0,26,0,0 7/27/2018 12:51:48
0,0,0,38,0,0 7/27/2018 12:51:49
0,0,0,18,0,0 7/27/2018 12:51:49
0,0,0,0,0,0 7/27/2018 12:51:49
0,0,0,38,0,0 7/27/2018 12:51:49
0,0,0,152,0,0 7/27/2018 12:51:49
0,0,0,198,0,0 7/27/2018 12:51:49
0,0,0,125,0,0 7/27/2018 12:51:49
0,0,0,142,0,0 7/27/2018 12:51:49
0,0,0,154,0,0 7/27/2018 12:51:49
0,0,0,261,0,0 7/27/2018 12:51:49
0,0,0,296,0,0 7/27/2018 12:51:49
0,0,0,293,0,0 7/27/2018 12:51:49
0,0,0,475,0,0 7/27/2018 12:51:49
0,0,0,506,0,0 7/27/2018 12:51:49
0,0,0,517,0,0 7/27/2018 12:51:49
0,0,0,486,0,0 7/27/2018 12:51:49
0,0,0,425,0,0 7/27/2018 12:51:49
0,0,0,86,0,0 7/27/2018 12:51:49
0,0,0,0,0,0 7/27/2018 12:51:49
0,0,0,0,0,0 7/27/2018 12:51:49
0,0,0,0,0,0 7/27/2018 12:51:49
0,0,0,0,0,0 7/27/2018 12:51:49
0,0,0,0,0,0 7/27/2018 12:51:50
0,0,0,122,0,0 7/27/2018 12:51:50
0,0,0,244,0,0 7/27/2018 12:51:50
0,0,0,185,0,0 7/27/2018 12:51:50
0,0,0,133,0,0 7/27/2018 12:51:50
0,0,0,248,0,0 7/27/2018 12:51:50
0,0,0,335,0,0 7/27/2018 12:51:50
0,0,0,304,0,0 7/27/2018 12:51:50
0,0,0,304,0,0 7/27/2018 12:51:50
0,0,0,305,0,0 7/27/2018 12:51:50
0,0,0,368,0,0 7/27/2018 12:51:50
0,0,0,316,0,0 7/27/2018 12:51:50
0,0,0,108,0,0 7/27/2018 12:51:50
0,0,0,42,0,0 7/27/2018 12:51:50
0,0,0,137,0,0 7/27/2018 12:51:50
0,0,0,0,0,0 7/27/2018 12:51:50
0,0,0,0,0,0 7/27/2018 12:51:50
0,0,0,0,0,0 7/27/2018 12:51:50
0,0,0,0,0,0 7/27/2018 12:51:50
0,0,0,0,0,0 7/27/2018 12:51:50
0,0,0,17,0,0 7/27/2018 12:51:50
0,0,0,0,0,0 7/27/2018 12:51:50
0,0,0,0,0,0 7/27/2018 12:51:50
0,0,0,0,0,0 7/27/2018 12:51:51
0,0,0,0,0,0 7/27/2018 12:51:51
0,0,0,0,0,0 7/27/2018 12:51:51
0,0,0,0,0,0 7/27/2018 12:51:51
0,0,0,0,0,0 7/27/2018 12:51:51
0,0,0,0,0,0 7/27/2018 12:51:51
0,0,0,0,0,0 7/27/2018 12:51:51
0,0,0,0,0,0 7/27/2018 12:51:51
0,0,0,0,0,0 7/27/2018 12:51:51
0,0,0,0,0,0 7/27/2018 12:51:51
0,0,0,0,0,0 7/27/2018 12:51:51
0,0,0,0,0,0 7/27/2018 12:51:51
0,0,0,0,0,0 7/27/2018 12:51:51
0,0,0,0,0,0 7/27/2018 12:51:51
0,0,0,0,0,0 7/27/2018 12:51:51
0,0,0,0,0,0 7/27/2018 12:51:51
0,0,0,0,0,0 7/27/2018 12:51:51
0,0,0,0,0,0 7/27/2018 12:51:51
0,0,0,0,0,0 7/27/2018 12:51:51
0,0,0,0,0,0 7/27/2018 12:51:51
0,0,0,0,0,0 7/27/2018 12:51:51
0,0,0,0,0,0 7/27/2018 12:51:51
0,0,0,0,0,0 7/27/2018 12:51:51
0,0,0,0,0,0 7/27/2018 12:51:52
0,0,0,0,0,0 7/27/2018 12:51:52
0,0,0,0,0,0 7/27/2018 12:51:52
0,0,0,0,0,0 7/27/2018 12:51:52
0,0,0,0,0,0 7/27/2018 12:51:52
0,0,0,0,0,0 7/27/2018 12:51:52
0,0,0,0,0,0 7/27/2018 12:51:52
0,0,0,0,0,0 7/27/2018 12:51:52
0,0,0,0,0,0 7/27/2018 12:51:52
0,0,0,0,0,0 7/27/2018 12:51:52
0,0,0,0,0,0 7/27/2018 12:51:52
0,0,0,0,0,0 7/27/2018 12:51:52
0,0,0,0,0,0 7/27/2018 12:51:52
0,0,0,0,0,0 7/27/2018 12:51:52
0,0,0,0,0,0 7/27/2018 12:51:52
0,0,0,0,0,0 7/27/2018 12:51:52
0,0,0,0,0,0 7/27/2018 12:51:52
0,0,0,0,0,0 7/27/2018 12:51:52
0,0,0,0,0,0 7/27/2018 12:51:52
0,0,0,0,0,0 7/27/2018 12:51:52
0,0,0,0,0,0 7/27/2018 12:51:52
0,0,0,0,1,0 7/27/2018 12:51:52
0,0,0,0,0,0 7/27/2018 12:51:52
0,0,0,0,0,0 7/27/2018 12:51:53
0,0,0,0,0,0 7/27/2018 12:51:53
0,0,0,0,0,0 7/27/2018 12:51:53
0,0,0,0,0,0 7/27/2018 12:51:53
0,0,0,0,0,0 7/27/2018 12:51:53
0,0,0,0,0,0 7/27/2018 12:51:53
0,0,0,0,0,0 7/27/2018 12:51:53
0,0,0,0,0,0 7/27/2018 12:51:53
0,0,0,0,0,0 7/27/2018 12:51:53
0,0,0,0,0,0 7/27/2018 12:51:53
0,0,0,0,0,0 7/27/2018 12:51:53
0,0,0,0,0,0 7/27/2018 12:51:53
0,0,0,0,0,0 7/27/2018 12:51:53
0,0,0,0,0,0 7/27/2018 12:51:53
0,0,0,0,0,0 7/27/2018 12:51:53
0,0,0,0,0,0 7/27/2018 12:51:53
0,0,0,0,0,0 7/27/2018 12:51:53
0,0,0,0,0,0 7/27/2018 12:51:53
0,0,0,0,0,0 7/27/2018 12:51:53
0,0,0,0,0,0 7/27/2018 12:51:53
0,0,0,0,0,0 7/27/2018 12:51:53
0,0,0,0,0,0 7/27/2018 12:51:53
0,0,0,0,0,0 7/27/2018 12:51:54
0,0,0,0,0,0 7/27/2018 12:51:54
0,0,0,0,0,0 7/27/2018 12:51:54
0,0,0,0,0,0 7/27/2018 12:51:54
0,0,0,0,0,0 7/27/2018 12:51:54
0,0,0,0,0,0 7/27/2018 12:51:54
0,0,0,0,0,0 7/27/2018 12:51:54
0,0,0,0,0,0 7/27/2018 12:51:54
0,0,0,0,0,0 7/27/2018 12:51:54
0,0,0,0,0,0 7/27/2018 12:51:54
0,0,0,0,0,0 7/27/2018 12:51:54
0,0,0,0,0,0 7/27/2018 12:51:54
0,0,0,0,0,0 7/27/2018 12:51:54
0,0,0,0,0,0 7/27/2018 12:51:54
0,0,0,0,0,0 7/27/2018 12:51:54
0,0,0,0,0,0 7/27/2018 12:51:54
0,0,0,0,0,0 7/27/2018 12:51:54
0,0,0,0,0,0 7/27/2018 12:51:54
0,0,0,0,0,0 7/27/2018 12:51:54
0,0,0,0,0,0 7/27/2018 12:51:54
0,0,0,0,0,0 7/27/2018 12:51:54
0,0,0,0,0,0 7/27/2018 12:51:54
0,0,0,0,0,0 7/27/2018 12:51:54
0,0,0,0,0,0 7/27/2018 12:51:55
0,0,0,0,0,0 7/27/2018 12:51:55
0,0,0,0,0,0 7/27/2018 12:51:55
0,0,0,0,0,0 7/27/2018 12:51:55
0,0,0,0,0,0 7/27/2018 12:51:55
0,0,0,0,0,0 7/27/2018 12:51:55
0,0,0,0,0,0 7/27/2018 12:51:55
0,0,0,0,0,0 7/27/2018 12:51:55
0,0,0,0,0,0 7/27/2018 12:51:55
0,0,0,0,0,0 7/27/2018 12:51:55
0,0,0,0,0,0 7/27/2018 12:51:55
0,0,0,0,0,0 7/27/2018 12:51:55
0,0,0,0,0,0 7/27/2018 12:51:55
0,0,0,0,0,0 7/27/2018 12:51:55
0,0,0,0,0,0 7/27/2018 12:51:55
0,0,0,0,0,0 7/27/2018 12:51:55
0,0,0,0,0,0 7/27/2018 12:51:55
0,0,0,0,0,0 7/27/2018 12:51:55
0,0,0,0,0,0 7/27/2018 12:51:55
0,0,0,0,0,0 7/27/2018 12:51:55
0,0,0,0,0,0 7/27/2018 12:51:55
0,0,0,0,0,0 7/27/2018 12:51:55
0,0,0,0,0,0 7/27/2018 12:51:55
0,0,0,0,0,0 7/27/2018 12:51:56
0,0,0,0,0,0 7/27/2018 12:51:56
0,0,0,0,0,0 7/27/2018 12:51:56
0,0,0,0,0,0 7/27/2018 12:51:56
0,0,0,0,0,0 7/27/2018 12:51:56
0,0,0,0,0,0 7/27/2018 12:51:56
0,0,0,0,0,0 7/27/2018 12:51:56
0,0,0,0,0,0 7/27/2018 12:51:56
0,0,0,0,0,0 7/27/2018 12:51:56
0,0,0,0,0,0 7/27/2018 12:51:56
0,0,0,0,0,0 7/27/2018 12:51:56
0,0,0,0,0,0 7/27/2018 12:51:56
0,0,0,0,0,0 7/27/2018 12:51:56
0,0,0,0,0,0 7/27/2018 12:51:56
0,0,0,0,0,0 7/27/2018 12:51:56
0,0,0,0,0,0 7/27/2018 12:51:56
0,0,0,0,0,0 7/27/2018 12:51:56
0,0,0,0,0,0 7/27/2018 12:51:56
0,0,0,0,0,0 7/27/2018 12:51:56
0,0,0,0,0,0 7/27/2018 12:51:56
0,0,0,0,0,0 7/27/2018 12:51:56
0,0,0,0,0,0 7/27/2018 12:51:56
0,0,0,0,0,0 7/27/2018 12:51:57
0,0,0,0,0,0 7/27/2018 12:51:57
0,0,0,0,0,0 7/27/2018 12:51:57
0,1,0,0,0,0 7/27/2018 12:51:57
0,0,0,0,0,0 7/27/2018 12:51:57
0,0,0,0,0,0 7/27/2018 12:51:57
0,0,0,0,0,0 7/27/2018 12:51:57
0,0,0,0,0,0 7/27/2018 12:51:57
0,0,0,0,0,0 7/27/2018 12:51:57
0,0,0,0,0,0 7/27/2018 12:51:57
0,0,0,0,0,0 7/27/2018 12:51:57
0,0,0,0,0,0 7/27/2018 12:51:57
0,0,0,0,0,0 7/27/2018 12:51:57
0,0,0,0,0,0 7/27/2018 12:51:57
0,0,0,0,0,0 7/27/2018 12:51:57
0,0,0,0,0,0 7/27/2018 12:51:57
0,0,0,0,0,0 7/27/2018 12:51:57
0,0,0,0,0,0 7/27/2018 12:51:57
0,0,0,0,0,0 7/27/2018 12:51:57
0,0,0,0,0,0 7/27/2018 12:51:57
0,1,0,0,0,0 7/27/2018 12:51:57
0,44,0,0,0,0 7/27/2018 12:51:57
0,108,0,0,0,0 7/27/2018 12:51:57
0,162,0,0,0,0 7/27/2018 12:51:58
0,264,0,0,0,0 7/27/2018 12:51:58
0,256,0,0,0,0 7/27/2018 12:51:58
0,153,0,0,0,0 7/27/2018 12:51:58
0,66,0,0,0,0 7/27/2018 12:51:58
0,0,0,0,0,0 7/27/2018 12:51:58
0,0,0,0,0,0 7/27/2018 12:51:58
0,0,0,0,0,0 7/27/2018 12:51:58
0,0,0,0,0,0 7/27/2018 12:51:58
0,0,0,0,0,0 7/27/2018 12:51:58
0,0,0,0,0,0 7/27/2018 12:51:58
0,0,0,0,0,0 7/27/2018 12:51:58
0,0,0,0,0,0 7/27/2018 12:51:58
0,0,0,0,0,0 7/27/2018 12:51:58
0,0,0,0,0,0 7/27/2018 12:51:58
0,0,0,0,0,0 7/27/2018 12:51:58
0,0,0,0,0,0 7/27/2018 12:51:58
0,0,0,0,0,0 7/27/2018 12:51:58
0,0,0,0,0,0 7/27/2018 12:51:58
0,0,0,0,0,0 7/27/2018 12:51:58
0,0,0,0,0,0 7/27/2018 12:51:58
0,0,0,0,0,0 7/27/2018 12:51:58
0,0,0,0,0,0 7/27/2018 12:51:58
0,0,0,0,0,0 7/27/2018 12:51:59
0,0,0,0,0,0 7/27/2018 12:51:59
0,0,0,0,0,0 7/27/2018 12:51:59
0,0,0,0,0,0 7/27/2018 12:51:59
0,0,0,0,0,0 7/27/2018 12:51:59
0,0,0,0,0,0 7/27/2018 12:51:59
0,0,0,0,0,0 7/27/2018 12:51:59
0,0,0,0,0,0 7/27/2018 12:51:59
0,0,0,0,0,0 7/27/2018 12:51:59
0,0,0,0,0,0 7/27/2018 12:51:59
0,0,0,0,0,0 7/27/2018 12:51:59
0,0,0,0,0,0 7/27/2018 12:51:59
0,0,0,0,0,0 7/27/2018 12:51:59
0,0,0,0,0,0 7/27/2018 12:51:59
0,0,0,0,0,0 7/27/2018 12:51:59
