0,107,0,0,0,0 7/27/2018 12:53:2
0,131,0,0,0,0 7/27/2018 12:53:2
0,126,0,0,0,0 7/27/2018 12:53:2
0,100,0,0,0,0 7/27/2018 12:53:2
0,114,0,0,0,0 7/27/2018 12:53:3
0,147,0,0,0,0 7/27/2018 12:53:3
0,116,0,0,0,0 7/27/2018 12:53:3
0,119,0,0,0,0 7/27/2018 12:53:3
0,116,0,0,0,0 7/27/2018 12:53:3
0,103,0,0,0,0 7/27/2018 12:53:3
0,93,0,0,0,0 7/27/2018 12:53:3
0,96,0,0,0,0 7/27/2018 12:53:3
0,96,0,0,0,0 7/27/2018 12:53:3
0,73,0,0,0,0 7/27/2018 12:53:3
0,57,0,0,0,0 7/27/2018 12:53:3
0,4,0,0,0,0 7/27/2018 12:53:3
0,0,0,0,0,0 7/27/2018 12:53:3
0,0,0,0,0,0 7/27/2018 12:53:3
0,0,0,0,0,0 7/27/2018 12:53:3
0,0,0,0,0,0 7/27/2018 12:53:3
0,0,0,0,0,0 7/27/2018 12:53:3
0,0,0,0,0,0 7/27/2018 12:53:3
0,0,0,0,0,0 7/27/2018 12:53:3
0,0,0,0,0,0 7/27/2018 12:53:3
0,0,0,0,0,0 7/27/2018 12:53:3
0,0,0,0,0,0 7/27/2018 12:53:3
0,0,0,0,0,0 7/27/2018 12:53:3
0,0,0,0,0,0 7/27/2018 12:53:4
0,0,0,0,0,0 7/27/2018 12:53:4
0,0,0,0,0,0 7/27/2018 12:53:4
0,0,0,0,0,0 7/27/2018 12:53:4
0,0,0,0,0,0 7/27/2018 12:53:4
0,0,0,0,0,0 7/27/2018 12:53:4
0,0,0,0,0,0 7/27/2018 12:53:4
0,0,0,0,0,0 7/27/2018 12:53:4
0,0,0,0,0,0 7/27/2018 12:53:4
0,0,0,0,0,0 7/27/2018 12:53:4
0,0,0,0,0,0 7/27/2018 12:53:4
0,0,0,0,0,0 7/27/2018 12:53:4
0,0,0,0,0,0 7/27/2018 12:53:4
0,0,16,0,0,0 7/27/2018 12:53:4
0,0,22,0,0,0 7/27/2018 12:53:4
0,0,23,0,0,0 7/27/2018 12:53:4
0,0,24,0,0,0 7/27/2018 12:53:4
0,0,28,0,0,0 7/27/2018 12:53:4
0,0,28,0,0,0 7/27/2018 12:53:4
0,0,29,0,0,0 7/27/2018 12:53:4
0,0,28,0,0,0 7/27/2018 12:53:4
0,0,29,0,0,0 7/27/2018 12:53:4
0,0,28,0,0,0 7/27/2018 12:53:4
0,0,30,0,0,0 7/27/2018 12:53:5
0,0,28,0,0,0 7/27/2018 12:53:5
0,3,25,0,0,0 7/27/2018 12:53:5
0,73,31,0,0,0 7/27/2018 12:53:5
0,111,38,0,0,0 7/27/2018 12:53:5
0,165,37,0,0,0 7/27/2018 12:53:5
0,192,37,0,0,0 7/27/2018 12:53:5
0,177,37,0,0,0 7/27/2018 12:53:5
0,157,4,0,0,0 7/27/2018 12:53:5
0,123,31,0,0,0 7/27/2018 12:53:5
0,111,1,0,0,0 7/27/2018 12:53:5
0,95,34,0,0,0 7/27/2018 12:53:5
0,75,5,0,0,0 7/27/2018 12:53:5
0,79,37,0,0,0 7/27/2018 12:53:5
0,78,38,0,0,0 7/27/2018 12:53:5
0,77,34,0,0,0 7/27/2018 12:53:5
0,77,35,0,0,0 7/27/2018 12:53:5
0,77,37,0,0,0 7/27/2018 12:53:5
0,80,37,0,0,0 7/27/2018 12:53:5
0,79,38,0,0,0 7/27/2018 12:53:5
0,73,35,0,0,0 7/27/2018 12:53:5
0,73,7,0,0,0 7/27/2018 12:53:5
0,59,0,0,0,0 7/27/2018 12:53:5
0,0,0,0,0,0 7/27/2018 12:53:6
0,10,0,0,0,0 7/27/2018 12:53:6
0,0,0,0,0,0 7/27/2018 12:53:6
0,0,0,0,0,0 7/27/2018 12:53:6
0,0,0,0,0,0 7/27/2018 12:53:6
0,0,0,0,0,0 7/27/2018 12:53:6
0,0,0,0,0,0 7/27/2018 12:53:6
0,0,0,0,0,0 7/27/2018 12:53:6
0,0,0,0,0,0 7/27/2018 12:53:6
0,76,0,0,0,0 7/27/2018 12:53:6
0,20,0,0,0,0 7/27/2018 12:53:6
0,65,0,0,0,0 7/27/2018 12:53:6
0,0,0,0,0,0 7/27/2018 12:53:6
0,0,0,0,0,0 7/27/2018 12:53:6
0,0,0,0,0,0 7/27/2018 12:53:6
0,0,0,0,0,0 7/27/2018 12:53:6
0,0,0,0,0,0 7/27/2018 12:53:6
0,0,0,0,0,0 7/27/2018 12:53:6
0,0,0,0,0,0 7/27/2018 12:53:6
0,0,0,0,0,0 7/27/2018 12:53:6
0,0,0,0,0,0 7/27/2018 12:53:6
0,0,0,0,0,0 7/27/2018 12:53:6
0,0,0,0,0,0 7/27/2018 12:53:7
0,0,0,0,0,0 7/27/2018 12:53:7
0,0,0,0,0,0 7/27/2018 12:53:7
0,0,0,0,0,0 7/27/2018 12:53:7
0,0,76,0,0,0 7/27/2018 12:53:7
0,0,129,0,0,0 7/27/2018 12:53:7
0,0,67,0,0,0 7/27/2018 12:53:7
0,0,1,0,0,0 7/27/2018 12:53:7
0,0,0,0,0,0 7/27/2018 12:53:7
0,0,57,0,0,0 7/27/2018 12:53:7
0,0,60,0,0,0 7/27/2018 12:53:7
0,0,0,0,0,0 7/27/2018 12:53:7
0,0,0,0,0,0 7/27/2018 12:53:7
0,0,0,0,0,0 7/27/2018 12:53:7
0,0,0,0,0,0 7/27/2018 12:53:7
0,0,0,0,0,0 7/27/2018 12:53:7
0,0,0,0,0,0 7/27/2018 12:53:7
0,0,0,0,0,0 7/27/2018 12:53:7
0,0,0,0,0,0 7/27/2018 12:53:7
0,0,0,0,0,0 7/27/2018 12:53:7
0,0,0,0,0,0 7/27/2018 12:53:7
0,0,0,0,0,0 7/27/2018 12:53:7
0,0,0,0,0,0 7/27/2018 12:53:7
0,0,0,0,0,0 7/27/2018 12:53:8
0,0,0,0,0,0 7/27/2018 12:53:8
0,0,0,0,0,0 7/27/2018 12:53:8
0,0,0,0,0,0 7/27/2018 12:53:8
0,0,0,0,0,0 7/27/2018 12:53:8
0,0,0,0,0,0 7/27/2018 12:53:8
0,0,0,0,0,0 7/27/2018 12:53:8
0,0,0,0,0,0 7/27/2018 12:53:8
0,0,0,0,0,0 7/27/2018 12:53:8
0,0,0,0,0,0 7/27/2018 12:53:8
0,0,0,0,0,0 7/27/2018 12:53:8
0,0,0,0,0,0 7/27/2018 12:53:8
0,0,0,0,0,0 7/27/2018 12:53:8
0,0,0,0,0,0 7/27/2018 12:53:8
0,0,0,0,0,0 7/27/2018 12:53:8
0,0,0,0,0,0 7/27/2018 12:53:8
0,0,0,0,0,0 7/27/2018 12:53:8
0,0,0,0,0,0 7/27/2018 12:53:8
0,0,0,0,0,0 7/27/2018 12:53:8
0,0,29,0,0,0 7/27/2018 12:53:8
0,0,29,0,0,0 7/27/2018 12:53:8
0,0,0,0,0,0 7/27/2018 12:53:8
0,0,0,0,0,0 7/27/2018 12:53:8
0,0,0,0,0,0 7/27/2018 12:53:9
0,0,0,0,0,0 7/27/2018 12:53:9
0,0,0,0,0,0 7/27/2018 12:53:9
0,0,0,0,0,0 7/27/2018 12:53:9
0,0,0,0,0,0 7/27/2018 12:53:9
0,0,0,0,0,0 7/27/2018 12:53:9
0,0,0,0,0,0 7/27/2018 12:53:9
0,0,0,0,0,0 7/27/2018 12:53:9
0,0,0,0,0,0 7/27/2018 12:53:9
0,0,0,0,0,0 7/27/2018 12:53:9
0,0,0,0,0,0 7/27/2018 12:53:9
0,0,0,0,0,0 7/27/2018 12:53:9
0,0,0,0,0,0 7/27/2018 12:53:9
0,0,0,0,0,0 7/27/2018 12:53:9
0,0,0,0,0,0 7/27/2018 12:53:9
0,0,0,0,0,0 7/27/2018 12:53:9
0,0,0,0,0,0 7/27/2018 12:53:9
0,0,0,0,0,0 7/27/2018 12:53:9
0,0,0,0,0,0 7/27/2018 12:53:9
0,0,0,0,0,0 7/27/2018 12:53:9
0,0,0,0,0,0 7/27/2018 12:53:9
0,0,0,0,0,0 7/27/2018 12:53:9
0,0,0,0,0,0 7/27/2018 12:53:9
0,0,0,0,0,0 7/27/2018 12:53:10
0,0,0,0,0,0 7/27/2018 12:53:10
0,0,0,0,0,0 7/27/2018 12:53:10
0,0,0,0,0,0 7/27/2018 12:53:10
0,0,0,0,0,0 7/27/2018 12:53:10
0,0,0,0,0,0 7/27/2018 12:53:10
0,0,0,0,0,0 7/27/2018 12:53:10
0,0,0,0,0,0 7/27/2018 12:53:10
0,0,0,0,0,0 7/27/2018 12:53:10
0,0,0,0,0,0 7/27/2018 12:53:10
0,0,0,0,0,0 7/27/2018 12:53:10
0,0,0,0,0,0 7/27/2018 12:53:10
0,0,0,0,0,0 7/27/2018 12:53:10
0,0,0,0,0,0 7/27/2018 12:53:10
0,0,0,0,0,0 7/27/2018 12:53:10
0,0,0,0,0,0 7/27/2018 12:53:10
0,0,0,0,0,0 7/27/2018 12:53:10
0,0,21,0,0,0 7/27/2018 12:53:10
0,0,28,0,0,0 7/27/2018 12:53:10
0,0,0,0,0,0 7/27/2018 12:53:10
0,0,26,0,0,0 7/27/2018 12:53:10
0,0,14,0,0,0 7/27/2018 12:53:10
0,0,0,0,0,0 7/27/2018 12:53:11
0,0,0,0,0,0 7/27/2018 12:53:11
0,0,0,0,0,0 7/27/2018 12:53:11
0,0,0,0,0,0 7/27/2018 12:53:11
0,0,0,0,0,0 7/27/2018 12:53:11
0,0,0,0,0,0 7/27/2018 12:53:11
0,0,0,0,0,0 7/27/2018 12:53:11
0,0,0,0,0,0 7/27/2018 12:53:11
0,0,0,0,0,0 7/27/2018 12:53:11
0,0,0,0,0,0 7/27/2018 12:53:11
0,0,0,0,0,0 7/27/2018 12:53:11
0,0,0,0,0,0 7/27/2018 12:53:11
0,0,0,0,0,0 7/27/2018 12:53:11
0,0,0,0,0,0 7/27/2018 12:53:11
0,0,0,0,0,0 7/27/2018 12:53:11
0,0,0,0,0,0 7/27/2018 12:53:11
0,0,0,0,0,0 7/27/2018 12:53:11
0,0,0,0,0,0 7/27/2018 12:53:11
0,0,0,0,0,0 7/27/2018 12:53:11
0,0,0,0,0,0 7/27/2018 12:53:11
0,0,0,0,0,0 7/27/2018 12:53:11
0,0,0,0,0,0 7/27/2018 12:53:11
0,0,0,0,0,0 7/27/2018 12:53:11
0,0,0,0,0,0 7/27/2018 12:53:12
0,0,0,0,0,0 7/27/2018 12:53:12
0,0,0,0,0,0 7/27/2018 12:53:12
0,0,0,0,0,0 7/27/2018 12:53:12
0,0,0,0,0,0 7/27/2018 12:53:12
0,0,0,0,0,0 7/27/2018 12:53:12
0,92,0,0,0,0 7/27/2018 12:53:12
0,108,0,0,0,0 7/27/2018 12:53:12
0,165,3,0,0,0 7/27/2018 12:53:12
0,190,7,0,0,0 7/27/2018 12:53:12
0,256,9,0,0,0 7/27/2018 12:53:12
0,294,25,0,0,1 7/27/2018 12:53:12
0,292,30,0,0,0 7/27/2018 12:53:12
0,260,27,0,0,0 7/27/2018 12:53:12
0,241,32,0,0,0 7/27/2018 12:53:12
0,231,29,0,0,0 7/27/2018 12:53:12
0,199,30,0,0,0 7/27/2018 12:53:12
0,175,29,0,0,0 7/27/2018 12:53:12
0,171,28,0,0,0 7/27/2018 12:53:12
0,173,29,0,0,0 7/27/2018 12:53:12
0,172,27,0,0,0 7/27/2018 12:53:12
0,153,23,0,0,0 7/27/2018 12:53:12
0,120,18,0,0,0 7/27/2018 12:53:12
0,47,0,0,0,0 7/27/2018 12:53:13
0,0,0,0,0,0 7/27/2018 12:53:13
0,0,0,0,0,0 7/27/2018 12:53:13
0,0,0,0,0,0 7/27/2018 12:53:13
0,0,0,0,0,0 7/27/2018 12:53:13
0,0,0,0,0,0 7/27/2018 12:53:13
0,0,0,0,0,0 7/27/2018 12:53:13
0,0,0,0,0,0 7/27/2018 12:53:13
0,0,0,0,0,0 7/27/2018 12:53:13
0,0,0,0,0,0 7/27/2018 12:53:13
0,0,0,0,0,0 7/27/2018 12:53:13
0,0,0,0,0,0 7/27/2018 12:53:13
0,0,0,0,0,0 7/27/2018 12:53:13
0,0,0,0,0,0 7/27/2018 12:53:13
0,0,0,0,0,0 7/27/2018 12:53:13
0,0,0,0,0,0 7/27/2018 12:53:13
0,0,0,0,0,0 7/27/2018 12:53:13
0,0,0,0,0,0 7/27/2018 12:53:13
0,0,0,0,0,0 7/27/2018 12:53:13
0,0,0,0,0,0 7/27/2018 12:53:13
0,0,0,0,0,0 7/27/2018 12:53:13
0,0,0,0,0,0 7/27/2018 12:53:13
0,0,0,0,0,0 7/27/2018 12:53:14
0,0,0,0,0,0 7/27/2018 12:53:14
0,0,0,0,0,0 7/27/2018 12:53:14
0,0,0,0,0,0 7/27/2018 12:53:14
0,0,0,0,0,0 7/27/2018 12:53:14
0,0,0,0,0,0 7/27/2018 12:53:14
0,0,0,0,0,0 7/27/2018 12:53:14
0,0,0,0,0,0 7/27/2018 12:53:14
0,0,0,0,0,0 7/27/2018 12:53:14
0,0,0,0,0,0 7/27/2018 12:53:14
0,0,0,0,0,0 7/27/2018 12:53:14
0,0,0,0,0,0 7/27/2018 12:53:14
0,0,0,0,0,0 7/27/2018 12:53:14
0,0,0,0,0,0 7/27/2018 12:53:14
0,0,0,0,0,0 7/27/2018 12:53:14
0,0,0,0,0,0 7/27/2018 12:53:14
0,0,0,0,0,0 7/27/2018 12:53:14
0,0,0,0,0,0 7/27/2018 12:53:14
0,0,0,0,0,0 7/27/2018 12:53:14
0,0,0,0,0,0 7/27/2018 12:53:14
0,0,0,0,0,0 7/27/2018 12:53:14
0,0,0,0,0,0 7/27/2018 12:53:14
0,0,0,0,0,0 7/27/2018 12:53:14
