0,0,0,0,0,0 7/27/2018 12:54:10
0,0,0,0,0,0 7/27/2018 12:54:10
0,0,0,0,0,0 7/27/2018 12:54:10
0,0,0,0,0,0 7/27/2018 12:54:10
0,0,0,0,0,0 7/27/2018 12:54:10
0,0,0,0,0,0 7/27/2018 12:54:10
0,0,0,0,0,0 7/27/2018 12:54:10
0,0,0,0,0,0 7/27/2018 12:54:10
0,0,0,0,0,0 7/27/2018 12:54:10
0,0,0,0,0,0 7/27/2018 12:54:10
0,0,0,0,0,0 7/27/2018 12:54:10
0,0,0,0,0,0 7/27/2018 12:54:10
0,0,0,0,0,0 7/27/2018 12:54:10
0,0,0,0,0,0 7/27/2018 12:54:10
0,0,0,0,0,0 7/27/2018 12:54:10
0,0,0,0,0,0 7/27/2018 12:54:10
0,0,0,0,0,0 7/27/2018 12:54:10
0,0,0,0,0,0 7/27/2018 12:54:10
0,0,0,0,0,0 7/27/2018 12:54:10
0,0,0,0,0,0 7/27/2018 12:54:10
0,0,0,0,0,0 7/27/2018 12:54:10
0,0,0,0,0,0 7/27/2018 12:54:10
0,0,0,0,0,0 7/27/2018 12:54:11
0,0,0,0,0,0 7/27/2018 12:54:11
0,0,0,0,0,0 7/27/2018 12:54:11
0,0,0,0,0,0 7/27/2018 12:54:11
0,0,0,0,0,0 7/27/2018 12:54:11
0,0,0,0,0,0 7/27/2018 12:54:11
0,0,0,0,0,0 7/27/2018 12:54:11
0,0,0,0,0,0 7/27/2018 12:54:11
0,0,0,0,0,0 7/27/2018 12:54:11
0,0,0,0,0,0 7/27/2018 12:54:11
0,0,0,0,0,0 7/27/2018 12:54:11
0,0,0,0,0,0 7/27/2018 12:54:11
0,0,0,0,0,0 7/27/2018 12:54:11
0,0,0,0,0,0 7/27/2018 12:54:11
0,0,0,0,0,0 7/27/2018 12:54:11
0,0,0,0,0,0 7/27/2018 12:54:11
0,0,0,0,0,0 7/27/2018 12:54:11
0,0,0,0,0,0 7/27/2018 12:54:11
0,0,0,0,0,0 7/27/2018 12:54:11
0,0,0,0,0,0 7/27/2018 12:54:11
0,0,0,0,0,0 7/27/2018 12:54:11
0,0,0,0,0,0 7/27/2018 12:54:11
0,0,0,0,0,0 7/27/2018 12:54:11
0,0,0,0,0,0 7/27/2018 12:54:12
0,0,0,0,0,0 7/27/2018 12:54:12
0,0,0,0,0,0 7/27/2018 12:54:12
0,0,0,0,0,0 7/27/2018 12:54:12
0,0,0,0,0,0 7/27/2018 12:54:12
0,0,0,0,0,0 7/27/2018 12:54:12
0,0,0,0,0,0 7/27/2018 12:54:12
0,0,0,0,0,0 7/27/2018 12:54:12
0,0,0,0,0,0 7/27/2018 12:54:12
0,0,0,0,0,0 7/27/2018 12:54:12
0,0,0,0,0,0 7/27/2018 12:54:12
0,0,0,0,0,0 7/27/2018 12:54:12
0,0,0,0,0,0 7/27/2018 12:54:12
0,0,0,0,0,0 7/27/2018 12:54:12
0,0,0,0,0,0 7/27/2018 12:54:12
0,0,0,0,0,0 7/27/2018 12:54:12
0,0,0,0,0,0 7/27/2018 12:54:12
0,0,0,0,0,0 7/27/2018 12:54:12
0,0,0,0,0,0 7/27/2018 12:54:12
0,0,0,0,0,0 7/27/2018 12:54:12
0,0,0,0,0,0 7/27/2018 12:54:12
0,0,0,0,0,0 7/27/2018 12:54:12
0,0,0,0,0,0 7/27/2018 12:54:12
0,0,0,0,0,0 7/27/2018 12:54:13
0,0,0,0,0,0 7/27/2018 12:54:13
0,0,0,0,0,0 7/27/2018 12:54:13
0,0,0,0,0,0 7/27/2018 12:54:13
0,0,0,0,0,0 7/27/2018 12:54:13
0,0,0,0,0,0 7/27/2018 12:54:13
0,0,0,0,0,0 7/27/2018 12:54:13
0,0,0,0,0,0 7/27/2018 12:54:13
0,0,0,0,0,0 7/27/2018 12:54:13
0,0,0,0,0,0 7/27/2018 12:54:13
0,0,0,0,0,0 7/27/2018 12:54:13
0,0,0,0,0,0 7/27/2018 12:54:13
0,0,0,0,0,0 7/27/2018 12:54:13
0,0,0,0,0,0 7/27/2018 12:54:13
0,0,0,0,0,0 7/27/2018 12:54:13
0,0,0,0,0,0 7/27/2018 12:54:13
0,0,0,0,0,0 7/27/2018 12:54:13
0,0,0,0,0,0 7/27/2018 12:54:13
0,0,0,0,0,0 7/27/2018 12:54:13
0,0,0,0,0,0 7/27/2018 12:54:13
0,0,0,0,0,0 7/27/2018 12:54:13
0,0,0,0,0,0 7/27/2018 12:54:13
0,0,0,0,0,0 7/27/2018 12:54:13
0,0,0,0,0,0 7/27/2018 12:54:14
0,0,0,0,0,0 7/27/2018 12:54:14
0,0,0,0,0,0 7/27/2018 12:54:14
0,0,0,0,0,0 7/27/2018 12:54:14
0,0,0,0,0,0 7/27/2018 12:54:14
0,0,0,0,1,0 7/27/2018 12:54:14
0,0,0,0,0,0 7/27/2018 12:54:14
0,0,0,0,0,0 7/27/2018 12:54:14
0,0,0,0,0,0 7/27/2018 12:54:14
0,0,0,0,0,0 7/27/2018 12:54:14
0,0,0,0,0,0 7/27/2018 12:54:14
0,0,0,0,0,0 7/27/2018 12:54:14
0,0,0,0,0,0 7/27/2018 12:54:14
0,0,0,0,0,0 7/27/2018 12:54:14
0,0,0,0,0,0 7/27/2018 12:54:14
0,0,0,0,0,0 7/27/2018 12:54:14
0,0,0,0,0,0 7/27/2018 12:54:14
0,0,0,0,0,0 7/27/2018 12:54:14
0,0,0,0,0,0 7/27/2018 12:54:14
0,0,0,0,0,0 7/27/2018 12:54:14
0,0,0,0,0,0 7/27/2018 12:54:14
0,0,0,0,0,0 7/27/2018 12:54:14
0,0,0,0,0,0 7/27/2018 12:54:15
0,0,0,0,0,0 7/27/2018 12:54:15
0,0,0,0,0,0 7/27/2018 12:54:15
0,0,0,0,0,0 7/27/2018 12:54:15
0,0,0,0,0,0 7/27/2018 12:54:15
0,0,0,0,0,0 7/27/2018 12:54:15
0,0,0,0,0,0 7/27/2018 12:54:15
0,0,0,0,0,0 7/27/2018 12:54:15
0,0,0,0,0,0 7/27/2018 12:54:15
0,0,0,0,0,0 7/27/2018 12:54:15
0,0,0,0,0,0 7/27/2018 12:54:15
0,0,0,0,0,0 7/27/2018 12:54:15
0,0,0,0,0,0 7/27/2018 12:54:15
0,0,0,0,0,0 7/27/2018 12:54:15
0,0,0,0,0,0 7/27/2018 12:54:15
0,0,0,0,0,0 7/27/2018 12:54:15
0,0,0,0,0,0 7/27/2018 12:54:15
0,0,0,0,0,0 7/27/2018 12:54:15
0,0,0,0,0,0 7/27/2018 12:54:15
0,0,0,0,0,0 7/27/2018 12:54:15
0,0,0,0,0,0 7/27/2018 12:54:15
0,0,0,0,0,0 7/27/2018 12:54:15
0,0,0,0,0,0 7/27/2018 12:54:15
0,0,0,0,0,0 7/27/2018 12:54:16
0,0,0,0,0,0 7/27/2018 12:54:16
0,0,0,0,0,0 7/27/2018 12:54:16
0,0,0,0,0,0 7/27/2018 12:54:16
0,0,0,0,0,0 7/27/2018 12:54:16
0,0,0,0,0,0 7/27/2018 12:54:16
0,0,0,0,0,0 7/27/2018 12:54:16
0,0,1,0,0,0 7/27/2018 12:54:16
0,0,37,0,0,0 7/27/2018 12:54:16
0,0,43,0,0,0 7/27/2018 12:54:16
0,0,90,0,0,0 7/27/2018 12:54:16
0,0,97,0,0,0 7/27/2018 12:54:16
0,0,43,0,0,0 7/27/2018 12:54:16
0,0,0,0,0,0 7/27/2018 12:54:16
0,0,1,0,0,0 7/27/2018 12:54:16
0,0,0,0,0,0 7/27/2018 12:54:16
0,0,0,0,0,0 7/27/2018 12:54:16
0,0,1,0,0,0 7/27/2018 12:54:16
0,0,0,0,0,0 7/27/2018 12:54:16
0,0,0,0,0,0 7/27/2018 12:54:16
0,0,0,0,0,0 7/27/2018 12:54:16
0,0,0,0,0,0 7/27/2018 12:54:16
0,0,0,0,0,0 7/27/2018 12:54:16
0,0,0,0,0,0 7/27/2018 12:54:17
0,0,0,0,0,0 7/27/2018 12:54:17
0,0,0,0,0,0 7/27/2018 12:54:17
0,0,0,0,0,0 7/27/2018 12:54:17
0,0,0,0,0,0 7/27/2018 12:54:17
0,0,0,0,0,0 7/27/2018 12:54:17
0,0,0,0,0,0 7/27/2018 12:54:17
0,0,45,0,0,0 7/27/2018 12:54:17
0,0,217,0,0,0 7/27/2018 12:54:17
0,0,362,0,0,0 7/27/2018 12:54:17
0,0,367,0,0,0 7/27/2018 12:54:17
0,0,340,0,0,0 7/27/2018 12:54:17
0,0,334,0,0,0 7/27/2018 12:54:17
0,0,338,0,0,0 7/27/2018 12:54:17
0,0,348,0,0,0 7/27/2018 12:54:17
0,0,344,0,0,0 7/27/2018 12:54:17
0,0,346,0,0,0 7/27/2018 12:54:17
0,0,361,0,0,1 7/27/2018 12:54:17
0,0,380,0,0,0 7/27/2018 12:54:17
0,0,356,0,0,0 7/27/2018 12:54:17
0,0,321,0,0,0 7/27/2018 12:54:17
0,0,274,0,0,0 7/27/2018 12:54:17
0,0,190,0,0,0 7/27/2018 12:54:18
0,0,120,0,0,0 7/27/2018 12:54:18
0,0,79,0,0,0 7/27/2018 12:54:18
0,0,28,0,0,0 7/27/2018 12:54:18
0,0,0,0,0,0 7/27/2018 12:54:18
0,0,0,0,0,0 7/27/2018 12:54:18
0,0,0,0,0,0 7/27/2018 12:54:18
0,0,0,0,0,0 7/27/2018 12:54:18
0,0,0,0,0,0 7/27/2018 12:54:18
0,0,0,0,0,0 7/27/2018 12:54:18
0,0,0,0,0,0 7/27/2018 12:54:18
0,0,0,0,0,0 7/27/2018 12:54:18
0,0,0,0,0,0 7/27/2018 12:54:18
0,0,0,0,0,0 7/27/2018 12:54:18
0,0,0,0,0,0 7/27/2018 12:54:18
0,0,0,0,0,0 7/27/2018 12:54:18
0,0,0,0,0,0 7/27/2018 12:54:18
0,0,0,0,0,0 7/27/2018 12:54:18
0,0,0,0,0,0 7/27/2018 12:54:18
0,0,0,0,0,0 7/27/2018 12:54:18
0,0,0,0,0,0 7/27/2018 12:54:18
0,0,0,0,0,0 7/27/2018 12:54:18
0,0,0,0,0,0 7/27/2018 12:54:18
0,0,0,0,0,0 7/27/2018 12:54:19
0,0,0,0,2,0 7/27/2018 12:54:19
0,0,0,0,0,0 7/27/2018 12:54:19
0,0,0,0,0,0 7/27/2018 12:54:19
0,0,0,0,0,0 7/27/2018 12:54:19
0,0,0,0,0,0 7/27/2018 12:54:19
0,0,0,0,0,0 7/27/2018 12:54:19
0,0,0,0,0,0 7/27/2018 12:54:19
0,0,0,0,0,0 7/27/2018 12:54:19
0,0,0,0,0,0 7/27/2018 12:54:19
0,0,0,0,0,0 7/27/2018 12:54:19
0,0,0,0,0,0 7/27/2018 12:54:19
0,0,0,0,0,0 7/27/2018 12:54:19
0,0,0,0,0,0 7/27/2018 12:54:19
0,0,0,0,0,0 7/27/2018 12:54:19
0,0,0,0,0,0 7/27/2018 12:54:19
0,0,0,0,0,0 7/27/2018 12:54:19
0,0,0,0,0,0 7/27/2018 12:54:19
0,0,0,0,1,0 7/27/2018 12:54:19
0,0,0,0,0,0 7/27/2018 12:54:19
0,0,0,0,0,0 7/27/2018 12:54:19
0,0,0,0,0,0 7/27/2018 12:54:19
0,0,0,0,0,0 7/27/2018 12:54:19
0,0,0,0,0,0 7/27/2018 12:54:20
0,0,0,0,0,0 7/27/2018 12:54:20
0,0,0,0,0,0 7/27/2018 12:54:20
0,0,0,0,0,0 7/27/2018 12:54:20
0,0,0,0,0,0 7/27/2018 12:54:20
0,0,0,0,0,0 7/27/2018 12:54:20
0,0,0,0,0,0 7/27/2018 12:54:20
0,0,0,0,0,0 7/27/2018 12:54:20
0,0,0,0,0,0 7/27/2018 12:54:20
0,0,0,0,0,0 7/27/2018 12:54:20
0,0,0,0,0,0 7/27/2018 12:54:20
0,0,0,0,0,0 7/27/2018 12:54:20
0,0,0,0,0,0 7/27/2018 12:54:20
0,0,0,0,0,0 7/27/2018 12:54:20
0,0,0,0,0,0 7/27/2018 12:54:20
0,0,0,0,0,0 7/27/2018 12:54:20
0,0,0,0,0,0 7/27/2018 12:54:20
0,0,0,0,0,0 7/27/2018 12:54:20
0,0,0,0,0,0 7/27/2018 12:54:20
0,0,0,346,0,0 7/27/2018 12:54:20
0,0,0,0,0,0 7/27/2018 12:54:20
0,0,0,0,0,0 7/27/2018 12:54:20
0,0,0,0,0,0 7/27/2018 12:54:20
0,0,0,0,0,0 7/27/2018 12:54:21
0,0,0,0,0,0 7/27/2018 12:54:21
0,0,0,0,0,0 7/27/2018 12:54:21
0,0,0,0,0,0 7/27/2018 12:54:21
0,0,0,0,0,0 7/27/2018 12:54:21
0,0,0,0,0,0 7/27/2018 12:54:21
0,0,0,0,0,0 7/27/2018 12:54:21
0,0,0,0,0,0 7/27/2018 12:54:21
0,0,0,0,0,0 7/27/2018 12:54:21
0,1,0,0,0,0 7/27/2018 12:54:21
0,162,0,0,0,0 7/27/2018 12:54:21
0,287,0,0,0,0 7/27/2018 12:54:21
0,437,0,0,0,0 7/27/2018 12:54:21
0,441,0,0,0,0 7/27/2018 12:54:21
0,447,0,0,0,0 7/27/2018 12:54:21
0,467,0,0,0,0 7/27/2018 12:54:21
0,490,0,0,0,0 7/27/2018 12:54:21
0,491,0,0,0,0 7/27/2018 12:54:21
0,481,0,0,0,0 7/27/2018 12:54:21
0,473,0,0,0,0 7/27/2018 12:54:21
0,433,0,0,0,0 7/27/2018 12:54:21
0,342,0,0,0,0 7/27/2018 12:54:21
0,295,0,0,0,0 7/27/2018 12:54:22
0,282,0,0,0,0 7/27/2018 12:54:22
0,88,0,0,0,0 7/27/2018 12:54:22
0,0,0,0,0,0 7/27/2018 12:54:22
0,0,0,0,0,0 7/27/2018 12:54:22
0,0,0,0,0,0 7/27/2018 12:54:22
0,0,0,0,0,0 7/27/2018 12:54:22
0,0,0,0,0,0 7/27/2018 12:54:22
0,0,0,0,0,0 7/27/2018 12:54:22
0,0,0,0,0,0 7/27/2018 12:54:22
0,0,0,0,0,0 7/27/2018 12:54:22
0,0,0,0,0,0 7/27/2018 12:54:22
0,0,0,0,0,0 7/27/2018 12:54:22
0,0,0,0,0,0 7/27/2018 12:54:22
0,0,0,0,0,0 7/27/2018 12:54:22
0,0,0,0,0,0 7/27/2018 12:54:22
0,0,0,0,0,0 7/27/2018 12:54:22
0,0,0,0,0,0 7/27/2018 12:54:22
0,0,0,0,0,0 7/27/2018 12:54:22
0,0,0,0,0,0 7/27/2018 12:54:22
0,0,0,0,0,0 7/27/2018 12:54:22
0,0,0,0,0,0 7/27/2018 12:54:22
0,0,0,0,0,0 7/27/2018 12:54:22
