0,511,291,16,0,0 8/1/2018 14:25:0
0,510,302,4,0,0 8/1/2018 14:25:0
0,508,325,11,0,0 8/1/2018 14:25:0
0,510,327,7,0,0 8/1/2018 14:25:0
0,505,347,14,0,0 8/1/2018 14:25:0
0,507,350,20,0,0 8/1/2018 14:25:0
0,506,362,20,0,0 8/1/2018 14:25:0
0,508,374,17,0,0 8/1/2018 14:25:0
0,501,358,16,0,0 8/1/2018 14:25:0
0,503,347,16,0,0 8/1/2018 14:25:0
0,506,345,13,0,0 8/1/2018 14:25:0
0,505,345,19,0,1 8/1/2018 14:25:0
0,505,341,18,0,0 8/1/2018 14:25:0
0,496,349,21,0,0 8/1/2018 14:25:0
0,492,335,15,0,0 8/1/2018 14:25:0
0,489,335,10,0,0 8/1/2018 14:25:0
0,485,313,12,0,0 8/1/2018 14:25:1
0,492,332,10,0,0 8/1/2018 14:25:1
0,492,336,7,0,0 8/1/2018 14:25:1
0,486,311,8,0,0 8/1/2018 14:25:1
0,493,326,0,0,0 8/1/2018 14:25:1
0,494,330,4,0,0 8/1/2018 14:25:1
0,495,325,4,0,0 8/1/2018 14:25:1
0,497,326,2,0,0 8/1/2018 14:25:1
0,499,319,12,0,0 8/1/2018 14:25:1
0,499,311,10,0,0 8/1/2018 14:25:1
0,495,304,3,0,0 8/1/2018 14:25:1
0,502,305,3,1,0 8/1/2018 14:25:1
0,499,306,4,0,0 8/1/2018 14:25:1
0,502,314,6,0,0 8/1/2018 14:25:1
0,503,312,0,0,0 8/1/2018 14:25:1
0,506,316,0,0,0 8/1/2018 14:25:1
0,507,320,0,0,0 8/1/2018 14:25:1
0,503,316,0,0,0 8/1/2018 14:25:1
0,503,304,0,0,0 8/1/2018 14:25:1
0,505,294,0,0,0 8/1/2018 14:25:1
0,489,238,0,0,0 8/1/2018 14:25:1
0,481,215,0,0,0 8/1/2018 14:25:1
0,481,215,0,0,0 8/1/2018 14:25:2
0,480,217,0,0,0 8/1/2018 14:25:2
0,465,156,0,0,0 8/1/2018 14:25:2
0,478,163,0,0,0 8/1/2018 14:25:2
0,486,134,10,0,0 8/1/2018 14:25:2
0,487,134,0,0,0 8/1/2018 14:25:2
0,465,139,0,0,0 8/1/2018 14:25:2
0,471,138,1,0,0 8/1/2018 14:25:2
0,465,128,2,0,0 8/1/2018 14:25:2
0,465,132,0,0,0 8/1/2018 14:25:2
0,460,134,3,0,0 8/1/2018 14:25:2
0,456,162,5,0,0 8/1/2018 14:25:2
0,441,169,6,0,0 8/1/2018 14:25:2
0,456,185,15,0,0 8/1/2018 14:25:2
0,456,185,16,0,0 8/1/2018 14:25:2
0,463,201,16,0,0 8/1/2018 14:25:2
0,462,193,13,0,0 8/1/2018 14:25:2
0,454,195,7,0,0 8/1/2018 14:25:2
0,453,199,7,0,0 8/1/2018 14:25:2
0,458,185,9,0,0 8/1/2018 14:25:2
0,457,172,0,0,0 8/1/2018 14:25:2
0,459,178,0,0,0 8/1/2018 14:25:2
0,458,199,0,0,0 8/1/2018 14:25:2
0,459,199,0,0,0 8/1/2018 14:25:3
0,460,197,0,0,0 8/1/2018 14:25:3
0,462,194,0,0,0 8/1/2018 14:25:3
0,463,202,0,0,0 8/1/2018 14:25:3
0,459,203,0,0,0 8/1/2018 14:25:3
0,459,190,0,0,0 8/1/2018 14:25:3
0,461,192,0,0,0 8/1/2018 14:25:3
0,462,185,0,0,0 8/1/2018 14:25:3
0,466,184,0,0,0 8/1/2018 14:25:3
0,463,184,0,0,0 8/1/2018 14:25:3
0,466,194,0,0,0 8/1/2018 14:25:3
0,462,197,0,0,0 8/1/2018 14:25:3
0,464,180,0,0,0 8/1/2018 14:25:3
0,464,181,0,0,0 8/1/2018 14:25:3
0,462,166,0,0,0 8/1/2018 14:25:3
0,466,166,0,0,0 8/1/2018 14:25:3
0,468,164,0,0,0 8/1/2018 14:25:3
0,468,145,0,0,0 8/1/2018 14:25:3
0,463,145,0,0,0 8/1/2018 14:25:3
0,462,147,0,0,0 8/1/2018 14:25:3
0,462,146,0,0,0 8/1/2018 14:25:3
0,459,143,0,0,0 8/1/2018 14:25:3
0,459,139,0,0,0 8/1/2018 14:25:3
0,457,142,0,0,0 8/1/2018 14:25:4
0,460,137,0,0,0 8/1/2018 14:25:4
0,460,137,0,0,0 8/1/2018 14:25:4
0,458,135,0,0,0 8/1/2018 14:25:4
0,463,148,0,0,0 8/1/2018 14:25:4
0,463,143,0,0,0 8/1/2018 14:25:4
0,466,142,0,0,0 8/1/2018 14:25:4
0,466,141,0,0,0 8/1/2018 14:25:4
0,469,155,0,0,0 8/1/2018 14:25:4
0,464,164,0,0,0 8/1/2018 14:25:4
0,470,168,0,0,0 8/1/2018 14:25:4
0,472,169,0,0,0 8/1/2018 14:25:4
0,471,160,0,0,0 8/1/2018 14:25:4
0,464,149,0,0,0 8/1/2018 14:25:4
0,461,146,0,0,0 8/1/2018 14:25:4
0,460,153,0,0,0 8/1/2018 14:25:4
0,455,148,0,0,0 8/1/2018 14:25:4
0,444,144,0,0,0 8/1/2018 14:25:4
0,444,137,0,0,0 8/1/2018 14:25:4
0,452,134,0,0,0 8/1/2018 14:25:4
0,447,152,0,0,0 8/1/2018 14:25:4
0,449,152,0,0,0 8/1/2018 14:25:4
0,451,144,0,0,0 8/1/2018 14:25:4
0,451,134,0,0,0 8/1/2018 14:25:5
0,451,124,0,0,0 8/1/2018 14:25:5
0,451,111,0,0,0 8/1/2018 14:25:5
0,449,117,0,0,0 8/1/2018 14:25:5
0,451,113,0,0,0 8/1/2018 14:25:5
0,449,113,0,0,0 8/1/2018 14:25:5
0,445,111,0,0,0 8/1/2018 14:25:5
0,443,111,0,0,0 8/1/2018 14:25:5
0,436,110,0,0,0 8/1/2018 14:25:5
0,438,113,0,0,0 8/1/2018 14:25:5
0,437,113,0,0,0 8/1/2018 14:25:5
0,436,110,0,0,0 8/1/2018 14:25:5
0,430,101,0,0,0 8/1/2018 14:25:5
0,427,103,0,0,0 8/1/2018 14:25:5
0,425,105,0,0,0 8/1/2018 14:25:5
0,427,98,0,0,0 8/1/2018 14:25:5
0,425,98,0,0,0 8/1/2018 14:25:5
0,425,96,0,0,0 8/1/2018 14:25:5
0,424,98,0,0,0 8/1/2018 14:25:5
0,426,101,0,0,0 8/1/2018 14:25:5
0,432,105,0,0,0 8/1/2018 14:25:5
0,433,110,0,0,0 8/1/2018 14:25:5
0,433,108,0,0,0 8/1/2018 14:25:6
0,439,108,0,0,0 8/1/2018 14:25:6
0,435,111,0,0,0 8/1/2018 14:25:6
0,434,112,0,0,0 8/1/2018 14:25:6
0,429,113,0,0,0 8/1/2018 14:25:6
0,427,110,0,0,0 8/1/2018 14:25:6
0,425,111,0,0,0 8/1/2018 14:25:6
0,421,107,0,0,0 8/1/2018 14:25:6
0,417,106,0,0,0 8/1/2018 14:25:6
0,418,105,0,0,0 8/1/2018 14:25:6
0,417,93,0,0,0 8/1/2018 14:25:6
0,415,93,0,0,0 8/1/2018 14:25:6
0,416,95,0,0,0 8/1/2018 14:25:6
0,416,83,0,0,0 8/1/2018 14:25:6
0,421,71,0,0,0 8/1/2018 14:25:6
0,429,97,0,0,0 8/1/2018 14:25:6
0,432,98,0,0,0 8/1/2018 14:25:6
0,436,79,0,0,0 8/1/2018 14:25:6
0,434,81,0,0,0 8/1/2018 14:25:6
0,427,76,0,0,0 8/1/2018 14:25:6
0,428,73,0,0,0 8/1/2018 14:25:6
0,426,65,0,0,0 8/1/2018 14:25:6
0,415,76,0,0,0 8/1/2018 14:25:6
0,417,86,0,0,0 8/1/2018 14:25:7
0,424,86,0,0,0 8/1/2018 14:25:7
0,413,100,0,0,0 8/1/2018 14:25:7
0,406,103,0,0,0 8/1/2018 14:25:7
0,408,102,0,0,0 8/1/2018 14:25:7
0,409,102,0,0,0 8/1/2018 14:25:7
0,402,97,0,0,0 8/1/2018 14:25:7
0,406,99,0,0,0 8/1/2018 14:25:7
0,406,99,0,0,0 8/1/2018 14:25:7
0,408,109,0,0,0 8/1/2018 14:25:7
0,406,111,0,0,0 8/1/2018 14:25:7
0,404,98,0,0,0 8/1/2018 14:25:7
0,408,97,0,0,0 8/1/2018 14:25:7
0,403,103,0,0,0 8/1/2018 14:25:7
0,404,102,0,0,0 8/1/2018 14:25:7
0,404,104,0,0,0 8/1/2018 14:25:7
0,403,105,0,0,1 8/1/2018 14:25:7
0,400,97,0,0,0 8/1/2018 14:25:7
0,401,95,0,0,0 8/1/2018 14:25:7
0,402,93,0,0,0 8/1/2018 14:25:7
0,408,93,0,0,0 8/1/2018 14:25:7
0,407,94,0,0,0 8/1/2018 14:25:7
0,394,94,0,0,0 8/1/2018 14:25:7
0,393,94,0,0,0 8/1/2018 14:25:8
0,395,94,0,0,0 8/1/2018 14:25:8
0,396,99,0,0,0 8/1/2018 14:25:8
0,399,100,0,0,0 8/1/2018 14:25:8
0,399,92,0,0,0 8/1/2018 14:25:8
0,397,92,0,0,0 8/1/2018 14:25:8
0,397,92,0,0,0 8/1/2018 14:25:8
0,399,97,0,0,0 8/1/2018 14:25:8
0,402,99,0,0,0 8/1/2018 14:25:8
0,402,107,0,0,0 8/1/2018 14:25:8
0,398,103,0,0,0 8/1/2018 14:25:8
0,401,102,0,0,0 8/1/2018 14:25:8
0,403,107,0,0,0 8/1/2018 14:25:8
0,403,107,0,0,0 8/1/2018 14:25:8
0,401,109,0,0,0 8/1/2018 14:25:8
0,404,109,0,0,0 8/1/2018 14:25:8
0,407,102,0,0,0 8/1/2018 14:25:8
0,404,106,0,0,0 8/1/2018 14:25:8
0,405,108,0,0,0 8/1/2018 14:25:8
0,398,105,0,0,0 8/1/2018 14:25:8
0,384,111,0,0,0 8/1/2018 14:25:8
0,398,100,0,0,0 8/1/2018 14:25:8
0,396,104,0,0,0 8/1/2018 14:25:9
0,405,105,0,0,0 8/1/2018 14:25:9
0,407,106,0,0,0 8/1/2018 14:25:9
0,407,106,0,0,0 8/1/2018 14:25:9
0,405,105,0,0,0 8/1/2018 14:25:9
0,399,112,0,0,0 8/1/2018 14:25:9
0,399,115,0,0,0 8/1/2018 14:25:9
0,398,114,0,0,0 8/1/2018 14:25:9
0,394,116,0,0,0 8/1/2018 14:25:9
0,393,122,0,0,0 8/1/2018 14:25:9
0,390,124,0,0,0 8/1/2018 14:25:9
0,394,122,0,0,0 8/1/2018 14:25:9
0,396,124,0,0,0 8/1/2018 14:25:9
0,396,119,0,0,0 8/1/2018 14:25:9
0,393,123,0,0,0 8/1/2018 14:25:9
0,395,118,0,0,0 8/1/2018 14:25:9
0,392,110,0,0,0 8/1/2018 14:25:9
0,395,101,0,0,0 8/1/2018 14:25:9
0,397,101,0,0,0 8/1/2018 14:25:9
0,396,97,0,0,0 8/1/2018 14:25:9
0,395,101,0,0,0 8/1/2018 14:25:9
0,392,104,0,0,0 8/1/2018 14:25:9
0,393,101,0,0,0 8/1/2018 14:25:9
0,394,112,0,0,0 8/1/2018 14:25:10
0,387,114,0,0,0 8/1/2018 14:25:10
0,388,116,0,0,0 8/1/2018 14:25:10
0,389,114,0,0,0 8/1/2018 14:25:10
0,385,115,0,0,0 8/1/2018 14:25:10
0,389,110,0,0,0 8/1/2018 14:25:10
0,385,112,0,0,0 8/1/2018 14:25:10
0,388,108,0,0,0 8/1/2018 14:25:10
0,380,108,0,0,0 8/1/2018 14:25:10
0,371,112,0,0,0 8/1/2018 14:25:10
0,370,119,0,0,0 8/1/2018 14:25:10
0,369,114,0,0,0 8/1/2018 14:25:10
0,372,117,0,0,0 8/1/2018 14:25:10
0,370,118,0,0,0 8/1/2018 14:25:10
0,372,119,0,0,0 8/1/2018 14:25:10
0,375,122,0,0,0 8/1/2018 14:25:10
0,378,118,0,0,0 8/1/2018 14:25:10
0,375,120,0,0,0 8/1/2018 14:25:10
0,377,122,0,0,0 8/1/2018 14:25:10
0,371,126,0,0,0 8/1/2018 14:25:10
0,366,127,0,0,0 8/1/2018 14:25:10
0,364,129,0,0,1 8/1/2018 14:25:10
0,367,120,0,0,0 8/1/2018 14:25:10
0,367,116,0,0,0 8/1/2018 14:25:11
0,361,124,0,0,0 8/1/2018 14:25:11
0,356,129,0,0,0 8/1/2018 14:25:11
0,362,128,0,0,0 8/1/2018 14:25:11
0,367,116,0,0,0 8/1/2018 14:25:11
0,367,113,0,0,0 8/1/2018 14:25:11
0,367,121,0,0,0 8/1/2018 14:25:11
0,369,121,0,0,0 8/1/2018 14:25:11
0,367,117,0,0,0 8/1/2018 14:25:11
0,368,119,0,0,0 8/1/2018 14:25:11
0,370,118,0,0,0 8/1/2018 14:25:11
0,366,116,0,0,0 8/1/2018 14:25:11
0,368,115,0,0,0 8/1/2018 14:25:11
0,371,116,0,0,0 8/1/2018 14:25:11
0,369,117,0,0,0 8/1/2018 14:25:11
0,367,116,0,0,0 8/1/2018 14:25:11
0,364,119,0,0,0 8/1/2018 14:25:11
0,365,124,0,0,0 8/1/2018 14:25:11
0,369,118,0,0,0 8/1/2018 14:25:11
0,375,120,0,0,0 8/1/2018 14:25:11
0,372,121,0,0,0 8/1/2018 14:25:11
0,377,120,0,0,0 8/1/2018 14:25:11
0,378,125,0,0,0 8/1/2018 14:25:11
0,370,124,0,0,0 8/1/2018 14:25:12
0,371,117,0,0,0 8/1/2018 14:25:12
0,369,113,0,0,0 8/1/2018 14:25:12
0,371,114,0,0,0 8/1/2018 14:25:12
0,366,114,0,0,0 8/1/2018 14:25:12
0,367,115,0,0,0 8/1/2018 14:25:12
0,366,117,0,0,0 8/1/2018 14:25:12
0,363,111,0,0,0 8/1/2018 14:25:12
0,364,114,0,0,0 8/1/2018 14:25:12
0,364,115,0,0,0 8/1/2018 14:25:12
0,366,114,0,0,0 8/1/2018 14:25:12
0,368,119,0,0,0 8/1/2018 14:25:12
0,368,121,0,0,0 8/1/2018 14:25:12
0,371,118,0,0,0 8/1/2018 14:25:12
0,372,119,0,0,0 8/1/2018 14:25:12
0,370,120,0,0,0 8/1/2018 14:25:12
0,369,120,0,0,0 8/1/2018 14:25:12
0,370,121,0,0,0 8/1/2018 14:25:12
0,370,119,0,0,0 8/1/2018 14:25:12
0,372,121,0,0,0 8/1/2018 14:25:12
0,370,120,0,0,0 8/1/2018 14:25:12
0,371,119,0,0,0 8/1/2018 14:25:12
0,371,121,0,0,0 8/1/2018 14:25:13
0,371,121,0,0,0 8/1/2018 14:25:13
0,372,121,0,0,0 8/1/2018 14:25:13
0,374,122,0,0,0 8/1/2018 14:25:13
0,373,126,0,0,0 8/1/2018 14:25:13
0,378,131,0,0,0 8/1/2018 14:25:13
0,376,131,0,0,0 8/1/2018 14:25:13
0,374,134,0,0,0 8/1/2018 14:25:13
0,374,130,0,0,0 8/1/2018 14:25:13
0,375,134,0,0,0 8/1/2018 14:25:13
0,376,124,0,0,0 8/1/2018 14:25:13
0,378,126,0,0,0 8/1/2018 14:25:13
0,382,122,0,0,0 8/1/2018 14:25:13
0,380,129,0,0,0 8/1/2018 14:25:13
0,375,128,0,0,0 8/1/2018 14:25:13
0,374,125,0,0,0 8/1/2018 14:25:13
0,375,124,0,0,0 8/1/2018 14:25:13
0,373,126,0,0,0 8/1/2018 14:25:13
0,372,132,0,0,0 8/1/2018 14:25:13
0,372,137,0,0,0 8/1/2018 14:25:13
0,373,137,0,0,0 8/1/2018 14:25:13
0,373,130,0,0,0 8/1/2018 14:25:13
0,372,134,0,0,0 8/1/2018 14:25:13
0,372,135,0,0,0 8/1/2018 14:25:14
0,378,136,0,0,0 8/1/2018 14:25:14
0,379,137,0,0,0 8/1/2018 14:25:14
0,377,138,0,0,0 8/1/2018 14:25:14
0,374,136,0,0,0 8/1/2018 14:25:14
0,381,133,0,0,0 8/1/2018 14:25:14
0,379,134,0,0,0 8/1/2018 14:25:14
0,368,139,0,0,0 8/1/2018 14:25:14
0,369,139,0,0,0 8/1/2018 14:25:14
0,369,136,0,0,0 8/1/2018 14:25:14
0,370,137,0,0,0 8/1/2018 14:25:14
0,371,133,0,0,0 8/1/2018 14:25:14
0,372,133,0,0,0 8/1/2018 14:25:14
0,370,130,0,0,0 8/1/2018 14:25:14
0,370,134,0,0,0 8/1/2018 14:25:14
0,373,133,0,0,0 8/1/2018 14:25:14
0,371,132,0,0,0 8/1/2018 14:25:14
0,373,133,0,0,0 8/1/2018 14:25:14
0,372,131,0,0,0 8/1/2018 14:25:14
0,372,135,0,0,0 8/1/2018 14:25:14
0,371,135,0,0,0 8/1/2018 14:25:14
0,372,137,0,0,0 8/1/2018 14:25:14
0,374,139,0,0,0 8/1/2018 14:25:14
0,377,137,0,0,0 8/1/2018 14:25:15
0,377,136,0,0,0 8/1/2018 14:25:15
0,375,139,0,0,0 8/1/2018 14:25:15
0,378,138,0,0,0 8/1/2018 14:25:15
0,374,140,0,0,0 8/1/2018 14:25:15
0,374,141,0,0,0 8/1/2018 14:25:15
0,374,143,0,0,0 8/1/2018 14:25:15
0,374,139,0,0,0 8/1/2018 14:25:15
0,369,138,0,0,0 8/1/2018 14:25:15
0,367,137,0,0,0 8/1/2018 14:25:15
0,365,139,0,0,0 8/1/2018 14:25:15
0,367,138,0,0,0 8/1/2018 14:25:15
0,367,134,0,0,0 8/1/2018 14:25:15
0,367,135,0,0,0 8/1/2018 14:25:15
0,369,137,0,0,0 8/1/2018 14:25:15
0,370,137,0,0,0 8/1/2018 14:25:15
0,371,135,0,0,0 8/1/2018 14:25:15
0,371,136,0,0,0 8/1/2018 14:25:15
0,372,133,0,0,0 8/1/2018 14:25:15
0,369,135,0,0,0 8/1/2018 14:25:15
0,369,134,0,0,0 8/1/2018 14:25:15
0,370,131,0,0,0 8/1/2018 14:25:15
0,371,130,0,0,0 8/1/2018 14:25:16
0,371,132,0,0,0 8/1/2018 14:25:16
0,370,131,0,0,0 8/1/2018 14:25:16
0,370,135,0,0,0 8/1/2018 14:25:16
0,371,135,0,0,0 8/1/2018 14:25:16
0,371,134,0,0,0 8/1/2018 14:25:16
0,376,128,0,0,0 8/1/2018 14:25:16
0,371,131,0,0,0 8/1/2018 14:25:16
0,373,131,0,0,0 8/1/2018 14:25:16
0,373,131,0,0,0 8/1/2018 14:25:16
0,372,131,0,1,0 8/1/2018 14:25:16
0,369,131,0,0,0 8/1/2018 14:25:16
0,370,129,0,0,0 8/1/2018 14:25:16
0,366,132,0,0,0 8/1/2018 14:25:16
0,366,133,0,0,0 8/1/2018 14:25:16
0,363,131,0,0,0 8/1/2018 14:25:16
0,357,128,0,0,0 8/1/2018 14:25:16
0,350,136,0,0,0 8/1/2018 14:25:16
0,347,127,0,0,0 8/1/2018 14:25:16
0,335,121,0,0,0 8/1/2018 14:25:16
0,332,129,0,0,0 8/1/2018 14:25:16
0,331,134,0,0,0 8/1/2018 14:25:16
0,334,136,0,0,0 8/1/2018 14:25:16
0,343,136,0,0,0 8/1/2018 14:25:17
0,343,139,0,0,0 8/1/2018 14:25:17
0,345,137,0,0,0 8/1/2018 14:25:17
0,342,140,0,0,0 8/1/2018 14:25:17
0,339,140,0,0,0 8/1/2018 14:25:17
0,338,141,0,0,0 8/1/2018 14:25:17
0,335,138,0,0,0 8/1/2018 14:25:17
0,333,139,0,0,0 8/1/2018 14:25:17
0,324,137,0,0,0 8/1/2018 14:25:17
0,323,139,0,0,0 8/1/2018 14:25:17
0,323,136,0,0,0 8/1/2018 14:25:17
0,326,140,0,0,0 8/1/2018 14:25:17
0,331,141,0,0,0 8/1/2018 14:25:17
0,333,133,0,0,0 8/1/2018 14:25:17
0,328,134,0,0,0 8/1/2018 14:25:17
0,333,136,0,0,0 8/1/2018 14:25:17
0,333,137,0,0,0 8/1/2018 14:25:17
0,333,136,0,0,0 8/1/2018 14:25:17
0,333,134,0,0,0 8/1/2018 14:25:17
0,334,134,0,0,0 8/1/2018 14:25:17
0,332,131,0,0,0 8/1/2018 14:25:17
0,333,131,0,0,0 8/1/2018 14:25:17
0,326,131,0,0,0 8/1/2018 14:25:17
0,322,127,0,0,0 8/1/2018 14:25:18
0,325,126,0,0,0 8/1/2018 14:25:18
0,323,127,0,0,0 8/1/2018 14:25:18
0,315,126,0,0,0 8/1/2018 14:25:18
0,319,127,0,0,0 8/1/2018 14:25:18
0,313,128,0,0,0 8/1/2018 14:25:18
0,301,120,0,0,0 8/1/2018 14:25:18
0,316,119,0,0,0 8/1/2018 14:25:18
0,316,126,0,0,0 8/1/2018 14:25:18
0,305,122,0,0,0 8/1/2018 14:25:18
0,313,127,0,0,0 8/1/2018 14:25:18
0,308,126,0,0,0 8/1/2018 14:25:18
0,311,136,0,0,0 8/1/2018 14:25:18
0,303,139,0,0,0 8/1/2018 14:25:18
0,294,140,0,0,0 8/1/2018 14:25:18
0,299,140,0,0,0 8/1/2018 14:25:18
0,288,133,0,0,0 8/1/2018 14:25:18
0,278,126,0,0,0 8/1/2018 14:25:18
0,287,117,0,0,0 8/1/2018 14:25:18
0,301,114,0,0,0 8/1/2018 14:25:18
0,303,115,0,0,0 8/1/2018 14:25:18
0,308,114,0,0,0 8/1/2018 14:25:18
0,294,121,0,0,0 8/1/2018 14:25:18
0,296,121,0,0,0 8/1/2018 14:25:19
0,305,127,0,0,0 8/1/2018 14:25:19
0,300,124,0,0,0 8/1/2018 14:25:19
0,297,129,0,0,0 8/1/2018 14:25:19
0,302,126,0,0,0 8/1/2018 14:25:19
0,303,119,0,0,0 8/1/2018 14:25:19
0,303,114,0,0,0 8/1/2018 14:25:19
0,301,93,0,0,0 8/1/2018 14:25:19
0,291,90,0,0,0 8/1/2018 14:25:19
0,274,92,0,0,0 8/1/2018 14:25:19
0,277,91,0,0,0 8/1/2018 14:25:19
0,268,92,0,0,0 8/1/2018 14:25:19
0,277,85,0,0,0 8/1/2018 14:25:19
0,281,49,0,0,0 8/1/2018 14:25:19
0,287,31,0,0,0 8/1/2018 14:25:19
0,272,42,0,0,0 8/1/2018 14:25:19
0,259,46,0,0,0 8/1/2018 14:25:19
0,268,47,0,0,0 8/1/2018 14:25:19
0,272,41,0,0,0 8/1/2018 14:25:19
0,278,56,0,0,0 8/1/2018 14:25:19
0,278,47,0,0,0 8/1/2018 14:25:19
0,275,29,0,0,0 8/1/2018 14:25:19
0,270,29,0,0,0 8/1/2018 14:25:20
0,251,25,0,0,0 8/1/2018 14:25:20
0,244,27,0,0,0 8/1/2018 14:25:20
0,258,21,0,0,0 8/1/2018 14:25:20
0,261,22,0,0,0 8/1/2018 14:25:20
0,265,26,0,0,0 8/1/2018 14:25:20
0,260,16,0,0,0 8/1/2018 14:25:20
0,264,18,0,0,0 8/1/2018 14:25:20
0,258,23,0,0,0 8/1/2018 14:25:20
0,260,19,0,0,0 8/1/2018 14:25:20
0,265,17,0,0,0 8/1/2018 14:25:20
0,274,15,0,0,0 8/1/2018 14:25:20
0,273,10,0,0,0 8/1/2018 14:25:20
0,269,14,0,0,0 8/1/2018 14:25:20
0,267,10,0,0,0 8/1/2018 14:25:20
0,275,20,0,0,0 8/1/2018 14:25:20
0,272,19,0,0,0 8/1/2018 14:25:20
0,280,13,0,0,0 8/1/2018 14:25:20
0,275,14,0,0,0 8/1/2018 14:25:20
0,267,17,0,0,0 8/1/2018 14:25:20
0,270,36,0,0,0 8/1/2018 14:25:20
0,268,64,0,0,0 8/1/2018 14:25:20
0,274,94,0,0,0 8/1/2018 14:25:20
0,266,109,0,0,0 8/1/2018 14:25:21
0,254,113,0,0,0 8/1/2018 14:25:21
0,247,126,0,0,0 8/1/2018 14:25:21
0,254,127,0,0,0 8/1/2018 14:25:21
0,259,126,0,0,0 8/1/2018 14:25:21
0,258,123,0,0,0 8/1/2018 14:25:21
0,248,124,0,0,0 8/1/2018 14:25:21
0,240,125,0,0,0 8/1/2018 14:25:21
0,244,127,0,0,0 8/1/2018 14:25:21
0,249,136,0,0,0 8/1/2018 14:25:21
0,238,140,0,0,0 8/1/2018 14:25:21
0,246,140,0,0,0 8/1/2018 14:25:21
0,252,141,0,0,0 8/1/2018 14:25:21
0,250,142,0,0,0 8/1/2018 14:25:21
0,245,135,0,0,0 8/1/2018 14:25:21
0,254,134,0,0,0 8/1/2018 14:25:21
0,251,134,0,0,0 8/1/2018 14:25:21
0,239,134,0,0,0 8/1/2018 14:25:21
0,237,136,0,0,0 8/1/2018 14:25:21
0,237,148,0,0,0 8/1/2018 14:25:21
0,234,150,0,0,0 8/1/2018 14:25:21
0,235,154,0,0,0 8/1/2018 14:25:21
0,237,155,0,0,0 8/1/2018 14:25:21
0,243,150,0,0,0 8/1/2018 14:25:22
0,244,147,0,0,0 8/1/2018 14:25:22
0,244,148,0,0,0 8/1/2018 14:25:22
0,242,147,0,0,0 8/1/2018 14:25:22
0,243,149,0,0,0 8/1/2018 14:25:22
0,240,152,0,0,0 8/1/2018 14:25:22
0,239,140,0,0,0 8/1/2018 14:25:22
0,247,145,0,0,0 8/1/2018 14:25:22
0,242,141,0,0,0 8/1/2018 14:25:22
0,238,148,0,0,0 8/1/2018 14:25:22
0,239,147,0,0,0 8/1/2018 14:25:22
0,248,148,0,0,0 8/1/2018 14:25:22
0,248,151,0,0,0 8/1/2018 14:25:22
0,246,153,0,0,0 8/1/2018 14:25:22
0,250,150,0,0,0 8/1/2018 14:25:22
0,252,156,0,0,0 8/1/2018 14:25:22
0,251,159,0,0,0 8/1/2018 14:25:22
0,251,162,0,0,0 8/1/2018 14:25:22
0,247,162,0,0,0 8/1/2018 14:25:22
0,253,164,0,0,0 8/1/2018 14:25:22
0,257,164,0,0,0 8/1/2018 14:25:22
0,257,165,0,0,0 8/1/2018 14:25:22
0,256,161,0,0,0 8/1/2018 14:25:22
0,256,162,0,0,0 8/1/2018 14:25:23
0,254,163,0,0,0 8/1/2018 14:25:23
0,256,162,0,0,0 8/1/2018 14:25:23
0,255,163,0,0,0 8/1/2018 14:25:23
0,255,163,0,0,0 8/1/2018 14:25:23
0,255,164,0,0,0 8/1/2018 14:25:23
0,256,163,0,0,0 8/1/2018 14:25:23
0,254,162,0,0,0 8/1/2018 14:25:23
0,256,161,0,0,0 8/1/2018 14:25:23
0,255,163,0,0,0 8/1/2018 14:25:23
0,254,165,0,0,0 8/1/2018 14:25:23
0,253,164,0,0,0 8/1/2018 14:25:23
0,259,165,0,0,0 8/1/2018 14:25:23
0,259,164,0,0,0 8/1/2018 14:25:23
0,259,167,0,0,0 8/1/2018 14:25:23
0,256,166,0,0,0 8/1/2018 14:25:23
0,259,166,0,0,0 8/1/2018 14:25:23
0,255,168,0,0,0 8/1/2018 14:25:23
0,256,164,0,0,0 8/1/2018 14:25:23
0,253,166,0,0,0 8/1/2018 14:25:23
0,250,165,0,0,0 8/1/2018 14:25:23
0,255,166,0,0,0 8/1/2018 14:25:23
0,255,167,0,0,0 8/1/2018 14:25:24
0,253,166,0,0,0 8/1/2018 14:25:24
0,255,167,0,0,0 8/1/2018 14:25:24
0,257,166,0,0,0 8/1/2018 14:25:24
0,258,170,0,0,0 8/1/2018 14:25:24
0,257,170,0,0,0 8/1/2018 14:25:24
0,260,169,0,0,1 8/1/2018 14:25:24
0,260,169,0,0,0 8/1/2018 14:25:24
0,264,169,0,0,0 8/1/2018 14:25:24
0,257,167,0,0,0 8/1/2018 14:25:24
0,254,170,0,0,0 8/1/2018 14:25:24
0,252,171,0,0,0 8/1/2018 14:25:24
0,254,170,0,0,0 8/1/2018 14:25:24
0,254,170,0,0,0 8/1/2018 14:25:24
0,251,169,0,0,0 8/1/2018 14:25:24
0,246,169,0,0,0 8/1/2018 14:25:24
0,249,170,0,0,0 8/1/2018 14:25:24
0,246,171,0,0,0 8/1/2018 14:25:24
0,248,172,0,0,0 8/1/2018 14:25:24
0,250,172,0,0,0 8/1/2018 14:25:24
0,241,172,0,0,0 8/1/2018 14:25:24
0,245,173,0,0,0 8/1/2018 14:25:24
0,246,172,0,0,0 8/1/2018 14:25:24
0,245,173,0,0,0 8/1/2018 14:25:25
0,240,172,0,0,0 8/1/2018 14:25:25
0,235,172,0,0,0 8/1/2018 14:25:25
0,230,172,0,0,0 8/1/2018 14:25:25
0,234,173,0,0,0 8/1/2018 14:25:25
0,227,173,0,0,0 8/1/2018 14:25:25
0,228,173,0,0,0 8/1/2018 14:25:25
0,225,169,0,0,0 8/1/2018 14:25:25
0,226,172,0,0,0 8/1/2018 14:25:25
0,231,171,0,0,0 8/1/2018 14:25:25
0,236,173,0,0,0 8/1/2018 14:25:25
0,238,173,0,0,0 8/1/2018 14:25:25
0,241,171,0,0,0 8/1/2018 14:25:25
0,246,169,0,0,0 8/1/2018 14:25:25
0,243,173,0,0,0 8/1/2018 14:25:25
0,241,172,0,0,0 8/1/2018 14:25:25
0,244,170,0,0,0 8/1/2018 14:25:25
0,241,169,0,0,0 8/1/2018 14:25:25
0,242,169,0,0,0 8/1/2018 14:25:25
0,240,168,0,0,0 8/1/2018 14:25:25
0,229,169,0,0,0 8/1/2018 14:25:25
0,228,170,0,0,0 8/1/2018 14:25:25
0,227,168,0,0,0 8/1/2018 14:25:25
0,229,170,0,0,0 8/1/2018 14:25:26
0,234,170,0,0,0 8/1/2018 14:25:26
0,232,169,0,0,0 8/1/2018 14:25:26
0,233,170,0,0,0 8/1/2018 14:25:26
0,232,170,0,0,0 8/1/2018 14:25:26
0,236,170,0,0,0 8/1/2018 14:25:26
0,237,170,0,0,0 8/1/2018 14:25:26
0,236,165,0,0,0 8/1/2018 14:25:26
0,233,163,0,0,0 8/1/2018 14:25:26
0,233,164,0,0,0 8/1/2018 14:25:26
0,232,164,0,0,0 8/1/2018 14:25:26
0,234,165,0,0,0 8/1/2018 14:25:26
0,234,164,0,0,0 8/1/2018 14:25:26
0,233,162,0,0,0 8/1/2018 14:25:26
0,236,164,0,0,0 8/1/2018 14:25:26
0,236,163,0,0,0 8/1/2018 14:25:26
0,237,160,0,0,0 8/1/2018 14:25:26
0,238,163,0,0,0 8/1/2018 14:25:26
0,239,163,0,0,0 8/1/2018 14:25:26
0,237,164,0,0,0 8/1/2018 14:25:26
0,237,165,0,0,0 8/1/2018 14:25:26
0,236,167,0,0,0 8/1/2018 14:25:26
0,239,165,0,0,0 8/1/2018 14:25:27
0,236,166,0,0,0 8/1/2018 14:25:27
0,237,165,0,0,0 8/1/2018 14:25:27
0,237,165,0,0,0 8/1/2018 14:25:27
0,236,166,0,0,0 8/1/2018 14:25:27
0,235,168,0,0,0 8/1/2018 14:25:27
0,238,163,0,0,0 8/1/2018 14:25:27
0,237,167,0,0,0 8/1/2018 14:25:27
0,237,167,0,0,0 8/1/2018 14:25:27
0,230,168,0,0,0 8/1/2018 14:25:27
0,228,166,0,0,0 8/1/2018 14:25:27
0,228,166,0,0,0 8/1/2018 14:25:27
0,227,167,0,0,0 8/1/2018 14:25:27
0,227,166,0,0,0 8/1/2018 14:25:27
0,228,166,0,0,0 8/1/2018 14:25:27
0,226,168,0,0,0 8/1/2018 14:25:27
0,228,169,0,0,0 8/1/2018 14:25:27
0,229,168,0,0,0 8/1/2018 14:25:27
0,228,168,0,0,0 8/1/2018 14:25:27
0,229,168,0,0,0 8/1/2018 14:25:27
0,230,169,0,0,0 8/1/2018 14:25:27
0,230,172,0,0,0 8/1/2018 14:25:27
0,228,177,0,0,0 8/1/2018 14:25:27
0,230,177,0,0,0 8/1/2018 14:25:28
0,232,176,0,0,0 8/1/2018 14:25:28
0,230,177,0,0,0 8/1/2018 14:25:28
0,228,178,0,0,0 8/1/2018 14:25:28
0,220,198,0,0,0 8/1/2018 14:25:28
0,213,197,0,0,0 8/1/2018 14:25:28
0,216,197,0,0,0 8/1/2018 14:25:28
0,220,183,0,0,0 8/1/2018 14:25:28
0,220,180,0,0,0 8/1/2018 14:25:28
0,218,183,0,0,0 8/1/2018 14:25:28
0,216,203,0,0,0 8/1/2018 14:25:28
0,222,186,0,0,0 8/1/2018 14:25:28
0,224,185,0,0,0 8/1/2018 14:25:28
0,214,190,0,0,0 8/1/2018 14:25:28
0,220,188,0,0,0 8/1/2018 14:25:28
0,213,189,0,0,0 8/1/2018 14:25:28
0,215,189,0,0,0 8/1/2018 14:25:28
0,223,193,0,0,0 8/1/2018 14:25:28
0,217,190,0,0,0 8/1/2018 14:25:28
0,218,190,0,0,0 8/1/2018 14:25:28
0,219,193,0,0,0 8/1/2018 14:25:28
0,220,191,0,0,0 8/1/2018 14:25:28
0,223,185,0,0,0 8/1/2018 14:25:28
0,228,185,0,0,0 8/1/2018 14:25:29
0,229,184,0,0,0 8/1/2018 14:25:29
0,228,186,0,0,0 8/1/2018 14:25:29
0,220,192,0,0,0 8/1/2018 14:25:29
0,225,195,0,0,0 8/1/2018 14:25:29
0,230,186,0,0,0 8/1/2018 14:25:29
0,230,188,0,0,0 8/1/2018 14:25:29
0,230,189,0,0,0 8/1/2018 14:25:29
0,223,193,0,0,0 8/1/2018 14:25:29
0,231,191,0,0,0 8/1/2018 14:25:29
0,232,190,0,0,0 8/1/2018 14:25:29
0,232,191,0,0,0 8/1/2018 14:25:29
0,231,192,0,0,0 8/1/2018 14:25:29
0,232,192,0,0,0 8/1/2018 14:25:29
0,236,199,0,0,0 8/1/2018 14:25:29
0,237,201,0,0,0 8/1/2018 14:25:29
0,233,197,0,0,0 8/1/2018 14:25:29
0,230,193,0,0,0 8/1/2018 14:25:29
0,228,194,0,0,0 8/1/2018 14:25:29
0,232,182,0,0,0 8/1/2018 14:25:29
0,232,181,0,0,0 8/1/2018 14:25:29
0,232,184,0,0,0 8/1/2018 14:25:29
0,236,187,0,0,0 8/1/2018 14:25:29
0,234,188,0,0,0 8/1/2018 14:25:30
0,231,189,0,0,0 8/1/2018 14:25:30
0,232,187,0,0,0 8/1/2018 14:25:30
0,233,191,0,0,0 8/1/2018 14:25:30
0,235,188,0,0,0 8/1/2018 14:25:30
0,234,182,0,0,0 8/1/2018 14:25:30
0,235,181,0,0,0 8/1/2018 14:25:30
0,234,178,0,0,0 8/1/2018 14:25:30
0,233,178,0,0,0 8/1/2018 14:25:30
0,233,180,0,0,0 8/1/2018 14:25:30
0,233,180,0,0,0 8/1/2018 14:25:30
0,233,183,0,0,0 8/1/2018 14:25:30
0,234,185,0,0,0 8/1/2018 14:25:30
0,233,185,0,0,0 8/1/2018 14:25:30
0,234,185,0,0,0 8/1/2018 14:25:30
0,233,181,0,0,0 8/1/2018 14:25:30
0,235,182,0,0,0 8/1/2018 14:25:30
0,234,188,0,0,0 8/1/2018 14:25:30
0,235,185,0,0,0 8/1/2018 14:25:30
0,235,187,0,0,0 8/1/2018 14:25:30
0,235,187,0,0,0 8/1/2018 14:25:30
0,237,183,0,0,0 8/1/2018 14:25:30
0,237,185,0,0,0 8/1/2018 14:25:31
0,236,186,0,0,0 8/1/2018 14:25:31
0,234,184,0,0,0 8/1/2018 14:25:31
0,233,185,0,0,0 8/1/2018 14:25:31
0,233,182,0,0,0 8/1/2018 14:25:31
0,235,178,0,0,0 8/1/2018 14:25:31
0,235,175,0,0,0 8/1/2018 14:25:31
0,239,173,0,0,0 8/1/2018 14:25:31
0,237,172,0,0,0 8/1/2018 14:25:31
0,237,173,0,0,0 8/1/2018 14:25:31
0,238,178,0,0,0 8/1/2018 14:25:31
0,237,180,0,0,0 8/1/2018 14:25:31
0,236,181,0,0,0 8/1/2018 14:25:31
0,236,175,0,0,0 8/1/2018 14:25:31
0,237,178,0,0,0 8/1/2018 14:25:31
0,236,177,0,0,0 8/1/2018 14:25:31
0,234,178,0,0,0 8/1/2018 14:25:31
0,235,175,0,0,0 8/1/2018 14:25:31
0,235,177,0,0,0 8/1/2018 14:25:31
0,238,177,0,0,0 8/1/2018 14:25:31
0,237,180,0,0,0 8/1/2018 14:25:31
0,239,180,0,0,0 8/1/2018 14:25:31
0,236,178,0,0,0 8/1/2018 14:25:31
0,237,179,0,0,0 8/1/2018 14:25:32
0,240,180,0,0,0 8/1/2018 14:25:32
0,239,180,0,0,0 8/1/2018 14:25:32
0,236,180,0,0,0 8/1/2018 14:25:32
0,237,179,0,0,0 8/1/2018 14:25:32
0,238,180,0,0,0 8/1/2018 14:25:32
0,235,179,0,0,0 8/1/2018 14:25:32
0,237,181,0,0,0 8/1/2018 14:25:32
0,237,178,0,0,0 8/1/2018 14:25:32
0,236,179,0,0,0 8/1/2018 14:25:32
0,237,180,0,0,0 8/1/2018 14:25:32
0,237,179,0,0,0 8/1/2018 14:25:32
0,237,180,0,0,0 8/1/2018 14:25:32
0,238,176,0,0,0 8/1/2018 14:25:32
0,237,177,0,0,0 8/1/2018 14:25:32
0,239,178,0,0,0 8/1/2018 14:25:32
0,234,178,0,0,0 8/1/2018 14:25:32
0,234,177,0,0,0 8/1/2018 14:25:32
0,231,177,0,0,0 8/1/2018 14:25:32
0,231,178,0,0,0 8/1/2018 14:25:32
0,233,176,0,0,0 8/1/2018 14:25:32
0,228,177,0,0,0 8/1/2018 14:25:32
0,228,178,0,0,0 8/1/2018 14:25:32
0,229,177,0,0,0 8/1/2018 14:25:33
0,227,180,0,0,0 8/1/2018 14:25:33
0,229,177,0,0,0 8/1/2018 14:25:33
0,230,178,0,0,0 8/1/2018 14:25:33
0,227,180,0,0,0 8/1/2018 14:25:33
0,231,178,0,0,0 8/1/2018 14:25:33
0,230,178,0,0,0 8/1/2018 14:25:33
0,230,178,0,0,0 8/1/2018 14:25:33
0,223,178,0,0,0 8/1/2018 14:25:33
0,225,178,0,0,0 8/1/2018 14:25:33
0,225,178,0,0,0 8/1/2018 14:25:33
0,228,176,0,0,0 8/1/2018 14:25:33
0,226,172,0,0,0 8/1/2018 14:25:33
0,222,172,0,0,0 8/1/2018 14:25:33
0,222,172,0,0,0 8/1/2018 14:25:33
0,224,173,0,0,0 8/1/2018 14:25:33
0,226,174,0,0,0 8/1/2018 14:25:33
0,227,177,0,0,0 8/1/2018 14:25:33
0,226,176,0,0,0 8/1/2018 14:25:33
0,227,177,0,0,1 8/1/2018 14:25:33
0,227,176,0,0,0 8/1/2018 14:25:33
0,228,172,0,0,0 8/1/2018 14:25:33
0,227,176,0,0,0 8/1/2018 14:25:34
0,227,176,0,0,0 8/1/2018 14:25:34
0,225,176,0,0,0 8/1/2018 14:25:34
0,227,176,0,0,0 8/1/2018 14:25:34
0,226,172,0,0,0 8/1/2018 14:25:34
0,226,172,0,0,0 8/1/2018 14:25:34
0,225,173,0,0,0 8/1/2018 14:25:34
0,224,173,0,0,0 8/1/2018 14:25:34
0,228,173,0,0,0 8/1/2018 14:25:34
0,225,175,0,0,0 8/1/2018 14:25:34
0,223,177,0,0,0 8/1/2018 14:25:34
0,224,177,0,0,0 8/1/2018 14:25:34
0,223,180,0,0,0 8/1/2018 14:25:34
0,224,179,0,0,0 8/1/2018 14:25:34
0,223,178,0,0,0 8/1/2018 14:25:34
0,220,177,0,0,0 8/1/2018 14:25:34
0,224,185,0,0,0 8/1/2018 14:25:34
0,226,180,0,0,0 8/1/2018 14:25:34
0,228,180,0,0,0 8/1/2018 14:25:34
0,226,180,0,0,0 8/1/2018 14:25:34
0,226,182,0,0,0 8/1/2018 14:25:34
0,226,183,0,0,0 8/1/2018 14:25:34
0,225,184,0,0,0 8/1/2018 14:25:34
0,225,182,0,0,0 8/1/2018 14:25:35
0,227,185,0,0,0 8/1/2018 14:25:35
0,227,185,0,0,0 8/1/2018 14:25:35
0,225,185,0,0,0 8/1/2018 14:25:35
0,228,185,0,0,0 8/1/2018 14:25:35
0,229,185,0,0,0 8/1/2018 14:25:35
0,226,184,0,0,0 8/1/2018 14:25:35
0,227,186,0,0,0 8/1/2018 14:25:35
0,229,185,0,0,0 8/1/2018 14:25:35
0,227,182,0,0,0 8/1/2018 14:25:35
0,229,183,0,0,0 8/1/2018 14:25:35
0,228,182,0,0,0 8/1/2018 14:25:35
0,228,178,0,0,0 8/1/2018 14:25:35
0,226,180,0,0,0 8/1/2018 14:25:35
0,229,179,0,0,0 8/1/2018 14:25:35
0,229,180,0,0,0 8/1/2018 14:25:35
0,231,180,0,0,0 8/1/2018 14:25:35
0,231,181,0,0,0 8/1/2018 14:25:35
0,230,181,0,0,0 8/1/2018 14:25:35
0,233,180,0,0,0 8/1/2018 14:25:35
0,233,182,0,0,0 8/1/2018 14:25:35
0,237,181,0,0,0 8/1/2018 14:25:35
0,235,182,0,0,0 8/1/2018 14:25:35
0,234,181,0,0,0 8/1/2018 14:25:36
0,234,182,0,0,0 8/1/2018 14:25:36
0,234,181,0,0,0 8/1/2018 14:25:36
0,234,183,0,0,0 8/1/2018 14:25:36
0,235,183,0,0,0 8/1/2018 14:25:36
0,234,184,0,0,0 8/1/2018 14:25:36
0,232,184,0,0,0 8/1/2018 14:25:36
0,231,180,0,0,0 8/1/2018 14:25:36
0,231,176,0,0,0 8/1/2018 14:25:36
0,232,178,0,0,0 8/1/2018 14:25:36
0,232,178,0,0,0 8/1/2018 14:25:36
0,230,185,0,0,0 8/1/2018 14:25:36
0,231,184,0,0,0 8/1/2018 14:25:36
0,233,186,0,0,0 8/1/2018 14:25:36
0,230,183,0,0,0 8/1/2018 14:25:36
0,226,180,0,0,0 8/1/2018 14:25:36
0,235,180,0,0,0 8/1/2018 14:25:36
0,237,168,0,0,0 8/1/2018 14:25:36
0,233,168,0,0,0 8/1/2018 14:25:36
0,238,167,0,0,0 8/1/2018 14:25:36
0,233,167,0,0,0 8/1/2018 14:25:36
0,234,171,0,0,0 8/1/2018 14:25:36
0,236,163,0,0,0 8/1/2018 14:25:36
0,235,169,0,0,0 8/1/2018 14:25:37
0,235,170,0,0,0 8/1/2018 14:25:37
0,236,170,0,0,0 8/1/2018 14:25:37
0,237,169,0,0,0 8/1/2018 14:25:37
0,233,167,0,0,0 8/1/2018 14:25:37
0,234,165,0,0,0 8/1/2018 14:25:37
0,238,167,0,0,0 8/1/2018 14:25:37
0,238,168,0,0,0 8/1/2018 14:25:37
0,237,165,0,0,0 8/1/2018 14:25:37
0,238,167,0,0,0 8/1/2018 14:25:37
0,236,167,0,0,0 8/1/2018 14:25:37
0,239,167,0,0,0 8/1/2018 14:25:37
0,238,166,0,0,0 8/1/2018 14:25:37
0,237,168,0,0,0 8/1/2018 14:25:37
0,238,171,0,0,0 8/1/2018 14:25:37
0,237,172,0,0,0 8/1/2018 14:25:37
0,235,177,0,0,0 8/1/2018 14:25:37
0,236,183,0,0,0 8/1/2018 14:25:37
0,235,180,0,0,0 8/1/2018 14:25:37
0,236,178,0,0,0 8/1/2018 14:25:37
0,235,179,0,0,0 8/1/2018 14:25:37
0,235,178,0,0,0 8/1/2018 14:25:37
0,229,173,0,0,0 8/1/2018 14:25:38
0,230,173,0,0,0 8/1/2018 14:25:38
0,229,173,0,0,0 8/1/2018 14:25:38
0,228,180,0,0,0 8/1/2018 14:25:38
0,228,174,0,0,0 8/1/2018 14:25:38
0,223,168,0,0,0 8/1/2018 14:25:38
0,226,167,0,0,0 8/1/2018 14:25:38
0,224,164,0,0,0 8/1/2018 14:25:38
0,223,174,0,0,0 8/1/2018 14:25:38
0,228,174,0,0,0 8/1/2018 14:25:38
0,231,184,0,0,0 8/1/2018 14:25:38
0,230,181,0,0,0 8/1/2018 14:25:38
0,229,180,0,0,0 8/1/2018 14:25:38
0,226,183,0,0,0 8/1/2018 14:25:38
0,224,185,0,0,0 8/1/2018 14:25:38
0,224,186,0,0,0 8/1/2018 14:25:38
0,224,181,0,0,0 8/1/2018 14:25:38
0,226,183,0,0,0 8/1/2018 14:25:38
0,219,182,0,0,0 8/1/2018 14:25:38
0,214,176,0,0,0 8/1/2018 14:25:38
0,209,179,0,0,0 8/1/2018 14:25:38
0,210,179,0,0,0 8/1/2018 14:25:38
0,218,180,0,0,0 8/1/2018 14:25:38
0,211,183,0,0,0 8/1/2018 14:25:39
0,213,181,0,0,0 8/1/2018 14:25:39
0,212,187,0,0,0 8/1/2018 14:25:39
0,216,188,0,0,0 8/1/2018 14:25:39
0,218,186,0,0,0 8/1/2018 14:25:39
0,218,171,0,0,0 8/1/2018 14:25:39
0,215,162,0,0,0 8/1/2018 14:25:39
0,213,163,0,0,0 8/1/2018 14:25:39
0,205,161,0,0,0 8/1/2018 14:25:39
0,205,157,0,0,0 8/1/2018 14:25:39
0,200,147,0,0,0 8/1/2018 14:25:39
0,209,141,0,0,0 8/1/2018 14:25:39
0,186,112,0,0,0 8/1/2018 14:25:39
0,114,85,0,0,0 8/1/2018 14:25:39
0,84,0,0,0,0 8/1/2018 14:25:39
0,57,0,0,0,0 8/1/2018 14:25:39
0,0,0,0,0,0 8/1/2018 14:25:39
0,0,0,0,0,0 8/1/2018 14:25:39
0,0,0,0,0,0 8/1/2018 14:25:39
0,0,0,0,0,0 8/1/2018 14:25:39
0,0,0,0,0,0 8/1/2018 14:25:39
0,0,0,0,0,0 8/1/2018 14:25:39
0,0,0,0,0,0 8/1/2018 14:25:39
0,0,0,0,0,0 8/1/2018 14:25:40
0,0,0,0,0,0 8/1/2018 14:25:40
0,0,0,0,0,0 8/1/2018 14:25:40
0,0,0,0,0,0 8/1/2018 14:25:40
0,0,0,0,0,0 8/1/2018 14:25:40
0,0,0,0,0,0 8/1/2018 14:25:40
0,0,0,0,0,0 8/1/2018 14:25:40
0,0,0,0,0,0 8/1/2018 14:25:40
0,0,0,0,0,0 8/1/2018 14:25:40
0,0,2,0,0,0 8/1/2018 14:25:40
0,52,22,0,0,0 8/1/2018 14:25:40
0,56,25,0,0,0 8/1/2018 14:25:40
0,57,22,0,0,0 8/1/2018 14:25:40
0,57,2,0,0,0 8/1/2018 14:25:40
0,0,3,0,0,0 8/1/2018 14:25:40
0,0,3,0,0,0 8/1/2018 14:25:40
0,0,12,0,0,0 8/1/2018 14:25:40
0,0,9,0,0,0 8/1/2018 14:25:40
0,0,16,0,0,0 8/1/2018 14:25:40
0,0,14,0,0,0 8/1/2018 14:25:40
0,0,11,0,0,0 8/1/2018 14:25:40
0,0,29,0,0,0 8/1/2018 14:25:40
0,0,27,0,0,0 8/1/2018 14:25:41
0,0,27,0,0,0 8/1/2018 14:25:41
