0,0,0,61,0,0 8/3/2018 16:48:24
0,0,0,160,0,0 8/3/2018 16:48:24
0,0,0,226,0,0 8/3/2018 16:48:24
0,0,0,179,0,0 8/3/2018 16:48:24
0,0,0,146,0,0 8/3/2018 16:48:24
0,0,0,81,0,0 8/3/2018 16:48:24
0,0,0,52,0,0 8/3/2018 16:48:24
0,0,0,49,0,0 8/3/2018 16:48:24
0,0,0,46,0,0 8/3/2018 16:48:24
0,0,0,33,0,0 8/3/2018 16:48:24
0,0,0,0,0,0 8/3/2018 16:48:24
0,0,0,41,0,0 8/3/2018 16:48:24
0,0,0,45,0,0 8/3/2018 16:48:24
0,0,0,64,0,0 8/3/2018 16:48:24
0,0,0,54,0,0 8/3/2018 16:48:24
0,0,0,48,0,0 8/3/2018 16:48:25
0,0,0,0,0,0 8/3/2018 16:48:25
0,0,0,0,0,0 8/3/2018 16:48:25
0,0,0,0,0,0 8/3/2018 16:48:25
0,0,0,0,0,0 8/3/2018 16:48:25
0,0,0,46,0,0 8/3/2018 16:48:25
0,0,0,66,0,0 8/3/2018 16:48:25
0,0,8,173,0,0 8/3/2018 16:48:25
0,0,40,214,0,0 8/3/2018 16:48:25
0,0,61,255,0,0 8/3/2018 16:48:25
0,0,6,317,0,0 8/3/2018 16:48:25
0,0,9,371,0,0 8/3/2018 16:48:25
0,0,4,434,0,0 8/3/2018 16:48:25
0,0,4,462,0,0 8/3/2018 16:48:25
0,0,6,471,0,0 8/3/2018 16:48:25
0,0,10,427,0,0 8/3/2018 16:48:25
0,0,0,286,0,0 8/3/2018 16:48:25
0,0,5,91,0,0 8/3/2018 16:48:25
0,0,4,38,0,0 8/3/2018 16:48:25
0,0,13,0,0,0 8/3/2018 16:48:25
0,0,10,59,0,0 8/3/2018 16:48:25
0,0,12,76,0,0 8/3/2018 16:48:25
0,0,11,0,0,0 8/3/2018 16:48:25
0,0,17,0,0,0 8/3/2018 16:48:26
0,0,20,0,0,0 8/3/2018 16:48:26
0,0,20,0,0,0 8/3/2018 16:48:26
0,0,17,0,0,0 8/3/2018 16:48:26
0,0,22,0,0,0 8/3/2018 16:48:26
0,0,20,0,0,0 8/3/2018 16:48:26
0,0,21,0,0,0 8/3/2018 16:48:26
0,0,17,0,0,0 8/3/2018 16:48:26
0,0,21,0,0,0 8/3/2018 16:48:26
0,0,19,0,0,0 8/3/2018 16:48:26
0,0,18,0,0,0 8/3/2018 16:48:26
0,0,16,0,0,0 8/3/2018 16:48:26
0,0,17,0,0,0 8/3/2018 16:48:26
0,0,16,0,0,0 8/3/2018 16:48:26
0,0,5,0,0,0 8/3/2018 16:48:26
0,0,0,0,0,0 8/3/2018 16:48:26
0,0,0,0,0,0 8/3/2018 16:48:26
0,0,10,0,0,0 8/3/2018 16:48:26
0,0,16,0,0,0 8/3/2018 16:48:26
0,0,17,0,0,0 8/3/2018 16:48:26
0,0,11,0,0,0 8/3/2018 16:48:26
0,0,17,0,0,0 8/3/2018 16:48:26
0,0,23,0,0,0 8/3/2018 16:48:27
0,0,25,0,0,0 8/3/2018 16:48:27
0,0,21,0,0,0 8/3/2018 16:48:27
0,0,21,2,0,0 8/3/2018 16:48:27
0,0,21,0,0,0 8/3/2018 16:48:27
0,0,26,0,0,0 8/3/2018 16:48:27
0,0,23,0,0,0 8/3/2018 16:48:27
0,0,25,0,0,0 8/3/2018 16:48:27
0,0,41,0,0,0 8/3/2018 16:48:27
0,0,39,0,0,0 8/3/2018 16:48:27
0,0,41,0,0,0 8/3/2018 16:48:27
0,0,34,0,0,0 8/3/2018 16:48:27
0,0,45,0,0,0 8/3/2018 16:48:27
0,0,44,0,0,0 8/3/2018 16:48:27
0,0,42,0,0,0 8/3/2018 16:48:27
0,0,47,0,0,0 8/3/2018 16:48:27
0,0,46,0,0,0 8/3/2018 16:48:27
0,0,48,0,0,0 8/3/2018 16:48:27
0,0,49,0,0,0 8/3/2018 16:48:27
0,0,47,0,0,0 8/3/2018 16:48:27
0,0,47,0,0,0 8/3/2018 16:48:27
0,0,48,0,0,0 8/3/2018 16:48:27
0,0,51,0,0,0 8/3/2018 16:48:27
0,0,52,0,0,0 8/3/2018 16:48:28
0,0,56,0,0,0 8/3/2018 16:48:28
0,0,60,0,0,0 8/3/2018 16:48:28
0,0,62,0,0,0 8/3/2018 16:48:28
0,0,64,0,0,0 8/3/2018 16:48:28
0,0,77,0,0,0 8/3/2018 16:48:28
0,0,86,34,0,0 8/3/2018 16:48:28
0,0,82,36,0,0 8/3/2018 16:48:28
0,0,87,35,0,0 8/3/2018 16:48:28
0,0,95,41,0,0 8/3/2018 16:48:28
0,0,98,50,0,0 8/3/2018 16:48:28
0,0,105,45,0,0 8/3/2018 16:48:28
0,0,109,55,0,0 8/3/2018 16:48:28
0,0,116,51,0,0 8/3/2018 16:48:28
0,0,118,60,0,0 8/3/2018 16:48:28
0,0,124,74,0,0 8/3/2018 16:48:28
0,0,133,87,0,0 8/3/2018 16:48:28
0,0,122,89,0,0 8/3/2018 16:48:28
0,0,125,95,0,0 8/3/2018 16:48:28
0,0,130,96,0,0 8/3/2018 16:48:28
0,0,134,95,0,0 8/3/2018 16:48:28
0,0,134,94,0,0 8/3/2018 16:48:28
0,0,138,96,0,0 8/3/2018 16:48:28
0,0,138,94,0,0 8/3/2018 16:48:29
0,0,135,101,0,0 8/3/2018 16:48:29
0,0,137,93,0,0 8/3/2018 16:48:29
0,0,129,89,0,0 8/3/2018 16:48:29
0,0,132,79,0,0 8/3/2018 16:48:29
0,0,129,79,0,0 8/3/2018 16:48:29
0,0,126,83,0,0 8/3/2018 16:48:29
0,0,123,79,0,0 8/3/2018 16:48:29
0,0,111,84,0,0 8/3/2018 16:48:29
0,0,130,96,0,0 8/3/2018 16:48:29
0,0,141,96,0,0 8/3/2018 16:48:29
0,0,113,90,0,0 8/3/2018 16:48:29
0,0,121,74,0,0 8/3/2018 16:48:29
0,0,86,66,0,0 8/3/2018 16:48:29
0,0,87,77,0,0 8/3/2018 16:48:29
0,0,78,78,0,0 8/3/2018 16:48:29
0,0,68,83,0,0 8/3/2018 16:48:29
0,0,39,87,0,0 8/3/2018 16:48:29
0,0,31,91,0,0 8/3/2018 16:48:29
0,0,29,114,0,0 8/3/2018 16:48:29
0,0,20,103,0,0 8/3/2018 16:48:29
0,0,17,180,0,0 8/3/2018 16:48:29
0,0,20,130,0,0 8/3/2018 16:48:29
0,0,6,77,0,0 8/3/2018 16:48:30
0,0,0,0,0,0 8/3/2018 16:48:30
0,0,0,0,0,0 8/3/2018 16:48:30
0,0,0,0,0,0 8/3/2018 16:48:30
0,0,0,0,0,0 8/3/2018 16:48:30
0,0,0,0,0,0 8/3/2018 16:48:30
0,0,0,0,0,0 8/3/2018 16:48:30
0,0,0,0,0,0 8/3/2018 16:48:30
0,0,0,0,0,0 8/3/2018 16:48:30
0,0,7,0,0,0 8/3/2018 16:48:30
0,0,9,0,0,0 8/3/2018 16:48:30
0,0,10,0,0,0 8/3/2018 16:48:30
0,0,12,0,0,0 8/3/2018 16:48:30
0,0,20,0,0,0 8/3/2018 16:48:30
0,0,18,0,0,0 8/3/2018 16:48:30
0,0,19,0,0,0 8/3/2018 16:48:30
0,0,22,0,0,0 8/3/2018 16:48:30
0,0,25,0,0,0 8/3/2018 16:48:30
0,0,23,0,0,0 8/3/2018 16:48:30
0,0,25,0,0,0 8/3/2018 16:48:30
0,0,27,0,0,0 8/3/2018 16:48:30
0,0,34,0,0,0 8/3/2018 16:48:30
0,0,32,0,0,0 8/3/2018 16:48:31
0,0,34,0,0,0 8/3/2018 16:48:31
0,0,36,0,0,0 8/3/2018 16:48:31
0,0,31,0,0,0 8/3/2018 16:48:31
0,0,35,0,0,0 8/3/2018 16:48:31
0,0,44,0,0,0 8/3/2018 16:48:31
0,0,44,0,0,0 8/3/2018 16:48:31
0,0,45,23,0,0 8/3/2018 16:48:31
0,0,47,30,0,0 8/3/2018 16:48:31
0,0,44,26,0,0 8/3/2018 16:48:31
0,0,49,1,0,0 8/3/2018 16:48:31
0,0,47,2,0,0 8/3/2018 16:48:31
0,0,46,24,0,0 8/3/2018 16:48:31
0,0,44,26,0,0 8/3/2018 16:48:31
0,0,50,26,0,0 8/3/2018 16:48:31
0,0,50,25,0,0 8/3/2018 16:48:31
0,0,48,27,0,0 8/3/2018 16:48:31
0,0,42,25,0,0 8/3/2018 16:48:31
0,0,41,25,0,0 8/3/2018 16:48:31
0,0,39,26,0,0 8/3/2018 16:48:31
0,0,38,31,0,0 8/3/2018 16:48:31
0,0,37,31,0,0 8/3/2018 16:48:31
0,0,38,32,0,0 8/3/2018 16:48:31
0,0,35,46,0,0 8/3/2018 16:48:32
0,0,30,47,0,0 8/3/2018 16:48:32
0,0,22,54,0,0 8/3/2018 16:48:32
0,0,19,52,0,0 8/3/2018 16:48:32
0,0,16,53,0,0 8/3/2018 16:48:32
0,0,0,54,0,0 8/3/2018 16:48:32
0,0,5,57,0,0 8/3/2018 16:48:32
0,0,7,57,0,0 8/3/2018 16:48:32
0,0,6,55,0,0 8/3/2018 16:48:32
0,0,0,56,0,0 8/3/2018 16:48:32
0,0,0,58,0,0 8/3/2018 16:48:32
0,0,0,49,0,0 8/3/2018 16:48:32
0,0,0,0,0,0 8/3/2018 16:48:32
0,0,0,0,0,0 8/3/2018 16:48:32
0,0,0,0,0,0 8/3/2018 16:48:32
0,0,0,0,0,0 8/3/2018 16:48:32
0,0,0,0,0,0 8/3/2018 16:48:32
0,0,0,0,0,0 8/3/2018 16:48:32
0,0,0,0,0,0 8/3/2018 16:48:32
0,0,0,0,0,0 8/3/2018 16:48:32
0,0,0,0,0,0 8/3/2018 16:48:32
0,0,0,0,0,0 8/3/2018 16:48:32
0,0,0,0,0,0 8/3/2018 16:48:32
0,0,0,0,0,0 8/3/2018 16:48:33
0,0,0,0,0,0 8/3/2018 16:48:33
0,0,0,0,0,0 8/3/2018 16:48:33
0,0,0,0,0,0 8/3/2018 16:48:33
0,0,0,0,0,0 8/3/2018 16:48:33
0,0,0,0,0,0 8/3/2018 16:48:33
0,0,0,0,0,0 8/3/2018 16:48:33
0,0,0,0,0,0 8/3/2018 16:48:33
0,0,0,0,0,0 8/3/2018 16:48:33
0,0,0,0,0,0 8/3/2018 16:48:33
0,0,0,0,0,0 8/3/2018 16:48:33
0,0,0,0,0,0 8/3/2018 16:48:33
0,0,12,0,0,0 8/3/2018 16:48:33
0,0,12,0,0,0 8/3/2018 16:48:33
0,0,13,0,0,0 8/3/2018 16:48:33
0,0,12,2,0,0 8/3/2018 16:48:33
0,0,12,0,0,0 8/3/2018 16:48:33
0,0,10,0,0,0 8/3/2018 16:48:33
0,0,9,0,0,0 8/3/2018 16:48:33
0,0,10,0,0,0 8/3/2018 16:48:33
0,0,11,0,0,0 8/3/2018 16:48:33
0,0,12,0,0,0 8/3/2018 16:48:33
0,0,12,0,0,0 8/3/2018 16:48:34
0,0,12,0,0,0 8/3/2018 16:48:34
0,0,11,0,0,0 8/3/2018 16:48:34
0,0,11,0,0,0 8/3/2018 16:48:34
0,0,11,0,0,0 8/3/2018 16:48:34
0,0,9,0,0,0 8/3/2018 16:48:34
0,0,10,0,0,0 8/3/2018 16:48:34
0,0,9,0,0,0 8/3/2018 16:48:34
0,0,9,0,0,0 8/3/2018 16:48:34
0,0,0,0,0,0 8/3/2018 16:48:34
0,0,0,0,0,0 8/3/2018 16:48:34
0,0,0,0,0,0 8/3/2018 16:48:34
0,0,0,0,0,0 8/3/2018 16:48:34
0,0,0,0,0,0 8/3/2018 16:48:34
0,0,9,0,0,0 8/3/2018 16:48:34
0,0,6,0,0,0 8/3/2018 16:48:34
0,0,4,0,0,0 8/3/2018 16:48:34
0,0,5,0,0,0 8/3/2018 16:48:34
0,0,7,0,0,0 8/3/2018 16:48:34
0,0,8,0,0,0 8/3/2018 16:48:34
0,0,3,0,0,0 8/3/2018 16:48:34
0,0,0,0,0,0 8/3/2018 16:48:34
0,0,0,0,0,0 8/3/2018 16:48:34
0,0,0,0,0,0 8/3/2018 16:48:35
0,0,0,0,0,0 8/3/2018 16:48:35
0,0,0,0,0,0 8/3/2018 16:48:35
0,0,0,0,0,0 8/3/2018 16:48:35
0,0,7,0,0,0 8/3/2018 16:48:35
0,0,5,0,0,0 8/3/2018 16:48:35
0,0,6,0,0,0 8/3/2018 16:48:35
0,0,7,0,0,0 8/3/2018 16:48:35
0,0,4,0,0,0 8/3/2018 16:48:35
0,0,7,0,0,0 8/3/2018 16:48:35
0,0,5,0,0,0 8/3/2018 16:48:35
0,0,4,0,0,0 8/3/2018 16:48:35
0,0,2,0,0,0 8/3/2018 16:48:35
0,0,3,0,0,0 8/3/2018 16:48:35
0,0,5,0,0,0 8/3/2018 16:48:35
0,0,5,47,0,0 8/3/2018 16:48:35
0,0,4,77,0,0 8/3/2018 16:48:35
0,0,10,138,0,0 8/3/2018 16:48:35
0,0,11,222,0,0 8/3/2018 16:48:35
0,0,12,242,0,0 8/3/2018 16:48:35
0,0,10,272,0,0 8/3/2018 16:48:35
0,0,22,270,0,0 8/3/2018 16:48:35
0,0,17,296,0,0 8/3/2018 16:48:35
0,0,25,298,0,0 8/3/2018 16:48:36
0,0,21,265,0,0 8/3/2018 16:48:36
0,0,21,266,0,0 8/3/2018 16:48:36
0,0,23,266,0,0 8/3/2018 16:48:36
0,0,20,282,0,0 8/3/2018 16:48:36
0,0,21,289,0,0 8/3/2018 16:48:36
0,0,18,284,0,0 8/3/2018 16:48:36
0,0,18,277,0,0 8/3/2018 16:48:36
0,0,24,294,0,0 8/3/2018 16:48:36
0,0,23,304,0,0 8/3/2018 16:48:36
0,0,25,303,0,0 8/3/2018 16:48:36
0,0,24,271,0,0 8/3/2018 16:48:36
0,0,22,272,0,0 8/3/2018 16:48:36
0,0,27,250,0,0 8/3/2018 16:48:36
0,0,28,250,0,0 8/3/2018 16:48:36
0,0,26,216,0,0 8/3/2018 16:48:36
0,0,15,142,0,0 8/3/2018 16:48:36
0,0,10,169,0,0 8/3/2018 16:48:36
0,0,8,170,0,0 8/3/2018 16:48:36
0,0,5,188,0,0 8/3/2018 16:48:36
0,0,7,177,0,0 8/3/2018 16:48:36
0,0,6,177,0,0 8/3/2018 16:48:36
0,0,5,183,0,0 8/3/2018 16:48:36
0,0,7,178,0,0 8/3/2018 16:48:37
0,0,4,174,0,0 8/3/2018 16:48:37
0,0,7,177,0,0 8/3/2018 16:48:37
0,0,8,160,0,0 8/3/2018 16:48:37
0,0,0,146,0,0 8/3/2018 16:48:37
0,0,0,77,0,0 8/3/2018 16:48:37
0,0,0,40,0,0 8/3/2018 16:48:37
0,0,13,39,0,0 8/3/2018 16:48:37
0,0,17,53,0,0 8/3/2018 16:48:37
0,0,21,76,0,0 8/3/2018 16:48:37
0,0,27,93,0,0 8/3/2018 16:48:37
0,0,28,71,0,0 8/3/2018 16:48:37
0,0,28,95,0,0 8/3/2018 16:48:37
0,0,32,71,0,0 8/3/2018 16:48:37
0,0,31,41,0,0 8/3/2018 16:48:37
0,0,30,0,0,0 8/3/2018 16:48:37
0,0,33,0,0,0 8/3/2018 16:48:37
0,0,29,0,0,0 8/3/2018 16:48:37
0,0,29,0,0,0 8/3/2018 16:48:37
0,0,28,0,0,0 8/3/2018 16:48:37
0,0,21,0,0,0 8/3/2018 16:48:37
0,0,22,0,0,0 8/3/2018 16:48:37
0,0,26,0,0,0 8/3/2018 16:48:38
