0,0,100,0,0,0 8/3/2018 16:49:39
0,0,101,0,0,0 8/3/2018 16:49:39
0,0,107,0,0,0 8/3/2018 16:49:39
0,0,79,0,0,0 8/3/2018 16:49:39
0,0,76,0,0,0 8/3/2018 16:49:39
0,0,110,0,0,0 8/3/2018 16:49:39
0,0,109,0,0,0 8/3/2018 16:49:39
0,0,117,0,0,0 8/3/2018 16:49:39
0,0,114,0,0,0 8/3/2018 16:49:39
0,0,119,0,0,0 8/3/2018 16:49:39
0,0,133,0,0,0 8/3/2018 16:49:39
0,0,167,0,0,0 8/3/2018 16:49:39
0,0,195,0,0,0 8/3/2018 16:49:39
0,0,204,0,0,0 8/3/2018 16:49:39
0,0,209,0,0,0 8/3/2018 16:49:39
0,0,220,0,0,0 8/3/2018 16:49:39
0,0,247,0,0,0 8/3/2018 16:49:39
0,0,260,0,0,0 8/3/2018 16:49:39
0,0,246,0,0,0 8/3/2018 16:49:39
0,0,304,0,0,0 8/3/2018 16:49:39
0,0,347,0,0,0 8/3/2018 16:49:39
0,0,376,0,0,0 8/3/2018 16:49:39
0,0,380,0,0,0 8/3/2018 16:49:39
0,0,407,0,0,0 8/3/2018 16:49:40
0,0,418,0,0,0 8/3/2018 16:49:40
0,0,427,0,0,0 8/3/2018 16:49:40
0,0,435,0,0,0 8/3/2018 16:49:40
0,0,437,0,0,0 8/3/2018 16:49:40
0,0,439,0,0,0 8/3/2018 16:49:40
0,0,428,0,0,0 8/3/2018 16:49:40
0,0,447,0,0,0 8/3/2018 16:49:40
0,0,430,0,0,0 8/3/2018 16:49:40
0,0,397,0,0,0 8/3/2018 16:49:40
0,0,322,0,0,0 8/3/2018 16:49:40
0,0,201,0,0,0 8/3/2018 16:49:40
0,0,113,0,0,0 8/3/2018 16:49:40
0,0,42,0,0,0 8/3/2018 16:49:40
0,0,24,0,0,0 8/3/2018 16:49:40
0,0,80,0,0,0 8/3/2018 16:49:40
0,0,78,0,0,0 8/3/2018 16:49:40
0,0,106,0,0,0 8/3/2018 16:49:40
0,0,104,0,0,0 8/3/2018 16:49:40
0,0,104,0,0,0 8/3/2018 16:49:40
0,0,66,0,0,0 8/3/2018 16:49:40
0,0,35,0,0,0 8/3/2018 16:49:40
0,0,102,0,1,0 8/3/2018 16:49:41
0,0,74,0,0,0 8/3/2018 16:49:41
0,0,0,0,0,0 8/3/2018 16:49:41
0,0,0,0,0,0 8/3/2018 16:49:41
0,0,0,0,0,0 8/3/2018 16:49:41
0,0,0,0,0,0 8/3/2018 16:49:41
0,0,0,0,0,0 8/3/2018 16:49:41
0,0,0,0,0,0 8/3/2018 16:49:41
0,0,0,0,0,0 8/3/2018 16:49:41
0,0,0,0,0,0 8/3/2018 16:49:41
0,0,0,0,0,0 8/3/2018 16:49:41
0,0,0,0,0,0 8/3/2018 16:49:41
0,0,0,0,0,0 8/3/2018 16:49:41
0,0,0,0,0,0 8/3/2018 16:49:41
0,0,0,0,0,0 8/3/2018 16:49:41
0,0,0,0,0,0 8/3/2018 16:49:41
0,0,0,0,0,0 8/3/2018 16:49:41
0,0,7,0,0,0 8/3/2018 16:49:41
0,0,8,0,0,0 8/3/2018 16:49:41
0,0,0,0,0,0 8/3/2018 16:49:41
0,0,0,0,0,0 8/3/2018 16:49:41
0,0,0,0,0,0 8/3/2018 16:49:41
0,0,0,0,0,0 8/3/2018 16:49:41
0,0,0,0,0,0 8/3/2018 16:49:42
0,0,0,0,0,0 8/3/2018 16:49:42
0,0,0,0,0,0 8/3/2018 16:49:42
0,0,0,0,0,0 8/3/2018 16:49:42
0,0,0,0,0,1 8/3/2018 16:49:42
0,0,0,0,0,0 8/3/2018 16:49:42
0,0,0,0,0,0 8/3/2018 16:49:42
0,0,0,0,0,0 8/3/2018 16:49:42
0,0,0,0,0,0 8/3/2018 16:49:42
0,0,0,0,0,0 8/3/2018 16:49:42
0,0,0,0,0,0 8/3/2018 16:49:42
0,0,0,0,0,0 8/3/2018 16:49:42
0,0,0,0,0,0 8/3/2018 16:49:42
0,0,0,0,0,0 8/3/2018 16:49:42
0,0,0,0,0,0 8/3/2018 16:49:42
0,0,0,32,0,0 8/3/2018 16:49:42
0,0,0,39,0,0 8/3/2018 16:49:42
0,0,0,45,0,0 8/3/2018 16:49:42
0,0,0,51,0,0 8/3/2018 16:49:42
0,0,0,55,0,0 8/3/2018 16:49:42
0,0,0,53,0,0 8/3/2018 16:49:42
0,0,0,54,0,0 8/3/2018 16:49:42
0,0,0,52,0,0 8/3/2018 16:49:42
0,0,0,54,0,0 8/3/2018 16:49:43
0,0,0,55,0,0 8/3/2018 16:49:43
0,0,0,55,0,0 8/3/2018 16:49:43
0,0,0,59,0,0 8/3/2018 16:49:43
0,0,0,45,0,0 8/3/2018 16:49:43
0,0,0,0,0,0 8/3/2018 16:49:43
0,0,0,0,0,0 8/3/2018 16:49:43
0,0,0,0,0,0 8/3/2018 16:49:43
0,0,0,0,0,0 8/3/2018 16:49:43
0,0,0,0,0,0 8/3/2018 16:49:43
0,0,0,0,0,0 8/3/2018 16:49:43
0,0,0,0,0,0 8/3/2018 16:49:43
0,0,0,0,0,0 8/3/2018 16:49:43
0,0,5,0,0,0 8/3/2018 16:49:43
0,0,7,0,0,0 8/3/2018 16:49:43
0,0,7,0,0,0 8/3/2018 16:49:43
0,0,7,0,0,0 8/3/2018 16:49:43
0,0,4,0,0,0 8/3/2018 16:49:43
0,0,1,0,0,0 8/3/2018 16:49:43
0,0,6,0,0,0 8/3/2018 16:49:43
0,0,7,0,0,0 8/3/2018 16:49:43
0,0,8,0,0,0 8/3/2018 16:49:43
0,0,10,0,0,0 8/3/2018 16:49:44
0,0,8,0,0,0 8/3/2018 16:49:44
0,0,8,0,0,0 8/3/2018 16:49:44
0,0,5,1,0,0 8/3/2018 16:49:44
0,0,2,31,0,0 8/3/2018 16:49:44
0,0,4,37,0,0 8/3/2018 16:49:44
0,0,6,40,0,0 8/3/2018 16:49:44
0,0,5,29,0,0 8/3/2018 16:49:44
0,0,6,26,0,0 8/3/2018 16:49:44
0,0,5,13,0,0 8/3/2018 16:49:44
0,0,6,9,0,0 8/3/2018 16:49:44
0,0,6,0,0,0 8/3/2018 16:49:44
0,0,10,0,0,0 8/3/2018 16:49:44
0,0,26,0,0,0 8/3/2018 16:49:44
0,0,7,0,0,0 8/3/2018 16:49:44
0,0,9,0,0,0 8/3/2018 16:49:44
0,0,11,0,0,0 8/3/2018 16:49:44
0,0,11,0,0,0 8/3/2018 16:49:44
0,0,7,0,0,0 8/3/2018 16:49:44
0,0,0,0,0,0 8/3/2018 16:49:44
0,0,0,0,0,0 8/3/2018 16:49:44
0,0,0,0,0,0 8/3/2018 16:49:44
0,0,0,0,0,0 8/3/2018 16:49:44
0,0,0,0,0,0 8/3/2018 16:49:45
0,0,0,0,0,0 8/3/2018 16:49:45
0,0,0,0,0,0 8/3/2018 16:49:45
0,0,0,0,0,0 8/3/2018 16:49:45
0,0,0,0,0,0 8/3/2018 16:49:45
0,0,0,0,0,0 8/3/2018 16:49:45
0,0,0,0,0,0 8/3/2018 16:49:45
0,0,0,0,0,0 8/3/2018 16:49:45
0,0,0,0,0,0 8/3/2018 16:49:45
0,0,0,0,0,0 8/3/2018 16:49:45
0,0,0,0,0,0 8/3/2018 16:49:45
0,0,0,0,0,0 8/3/2018 16:49:45
0,0,0,0,0,0 8/3/2018 16:49:45
0,0,0,0,0,0 8/3/2018 16:49:45
0,0,0,0,0,0 8/3/2018 16:49:45
0,0,0,0,0,0 8/3/2018 16:49:45
0,0,0,0,0,0 8/3/2018 16:49:45
0,0,0,0,0,0 8/3/2018 16:49:45
0,0,0,0,0,0 8/3/2018 16:49:45
0,0,0,0,0,0 8/3/2018 16:49:45
0,0,0,0,0,0 8/3/2018 16:49:45
0,0,0,0,0,0 8/3/2018 16:49:45
0,0,0,0,0,0 8/3/2018 16:49:45
0,0,0,0,0,0 8/3/2018 16:49:46
0,0,0,0,0,0 8/3/2018 16:49:46
0,0,0,0,0,0 8/3/2018 16:49:46
0,0,0,0,0,0 8/3/2018 16:49:46
0,0,0,0,0,0 8/3/2018 16:49:46
0,0,0,0,0,0 8/3/2018 16:49:46
0,0,0,0,0,0 8/3/2018 16:49:46
0,0,0,0,0,0 8/3/2018 16:49:46
0,0,0,0,0,0 8/3/2018 16:49:46
0,0,0,0,0,0 8/3/2018 16:49:46
0,0,0,0,0,0 8/3/2018 16:49:46
0,0,0,0,0,0 8/3/2018 16:49:46
0,0,0,0,0,0 8/3/2018 16:49:46
0,0,0,0,0,0 8/3/2018 16:49:46
0,0,0,0,0,0 8/3/2018 16:49:46
0,0,0,0,0,0 8/3/2018 16:49:46
0,0,0,0,0,0 8/3/2018 16:49:46
0,0,0,0,0,0 8/3/2018 16:49:46
0,0,0,0,0,0 8/3/2018 16:49:46
0,0,0,0,0,0 8/3/2018 16:49:46
0,0,0,0,0,0 8/3/2018 16:49:46
0,0,0,0,0,0 8/3/2018 16:49:46
0,0,0,0,0,0 8/3/2018 16:49:46
0,0,0,0,0,0 8/3/2018 16:49:47
0,0,0,0,0,0 8/3/2018 16:49:47
0,0,0,0,0,0 8/3/2018 16:49:47
0,0,0,0,0,0 8/3/2018 16:49:47
0,0,0,0,0,0 8/3/2018 16:49:47
0,0,0,0,0,0 8/3/2018 16:49:47
0,0,0,0,0,0 8/3/2018 16:49:47
0,0,0,0,0,0 8/3/2018 16:49:47
0,0,0,0,0,0 8/3/2018 16:49:47
0,0,0,0,0,0 8/3/2018 16:49:47
0,0,0,0,0,0 8/3/2018 16:49:47
0,0,0,0,0,0 8/3/2018 16:49:47
0,0,0,0,0,0 8/3/2018 16:49:47
0,0,0,0,0,0 8/3/2018 16:49:47
0,0,0,0,0,0 8/3/2018 16:49:47
0,0,0,0,0,0 8/3/2018 16:49:47
0,0,0,0,0,0 8/3/2018 16:49:47
0,0,0,0,0,0 8/3/2018 16:49:47
0,0,0,0,0,0 8/3/2018 16:49:47
0,0,0,0,0,0 8/3/2018 16:49:47
0,0,0,0,0,0 8/3/2018 16:49:47
0,0,0,0,0,0 8/3/2018 16:49:47
0,0,0,0,0,0 8/3/2018 16:49:48
0,0,0,0,0,0 8/3/2018 16:49:48
0,0,0,0,0,0 8/3/2018 16:49:48
0,0,0,0,0,0 8/3/2018 16:49:48
0,0,0,0,0,0 8/3/2018 16:49:48
0,0,0,0,0,0 8/3/2018 16:49:48
0,0,0,0,0,0 8/3/2018 16:49:48
0,0,0,0,0,0 8/3/2018 16:49:48
0,0,0,0,0,0 8/3/2018 16:49:48
0,0,0,0,0,0 8/3/2018 16:49:48
0,0,0,0,0,0 8/3/2018 16:49:48
0,0,0,0,0,0 8/3/2018 16:49:48
0,0,0,0,0,0 8/3/2018 16:49:48
0,0,0,0,0,0 8/3/2018 16:49:48
0,0,0,0,0,0 8/3/2018 16:49:48
0,0,0,0,0,0 8/3/2018 16:49:48
0,0,0,0,0,0 8/3/2018 16:49:48
0,0,2,0,0,0 8/3/2018 16:49:48
0,0,0,0,2,0 8/3/2018 16:49:48
0,0,4,0,0,0 8/3/2018 16:49:48
0,0,2,0,0,0 8/3/2018 16:49:48
0,0,5,0,0,0 8/3/2018 16:49:48
0,0,1,0,0,0 8/3/2018 16:49:48
0,0,2,0,0,0 8/3/2018 16:49:49
0,0,0,0,0,0 8/3/2018 16:49:49
0,0,1,0,0,0 8/3/2018 16:49:49
0,0,0,0,0,0 8/3/2018 16:49:49
0,0,0,0,0,0 8/3/2018 16:49:49
0,0,0,0,0,0 8/3/2018 16:49:49
0,0,0,0,0,0 8/3/2018 16:49:49
0,0,0,0,0,0 8/3/2018 16:49:49
0,0,0,0,0,0 8/3/2018 16:49:49
0,0,0,0,0,0 8/3/2018 16:49:49
0,0,0,0,0,0 8/3/2018 16:49:49
0,0,0,0,0,0 8/3/2018 16:49:49
0,0,0,0,0,0 8/3/2018 16:49:49
0,0,0,0,0,0 8/3/2018 16:49:49
0,0,0,0,0,0 8/3/2018 16:49:49
0,0,0,0,0,0 8/3/2018 16:49:49
0,0,3,0,0,0 8/3/2018 16:49:49
0,0,3,0,0,0 8/3/2018 16:49:49
0,0,6,0,0,0 8/3/2018 16:49:49
0,0,4,0,0,0 8/3/2018 16:49:49
0,0,0,0,0,0 8/3/2018 16:49:49
0,0,0,0,0,0 8/3/2018 16:49:49
0,0,0,0,0,0 8/3/2018 16:49:49
0,0,0,0,0,0 8/3/2018 16:49:50
0,0,0,0,0,0 8/3/2018 16:49:50
0,0,0,0,0,0 8/3/2018 16:49:50
0,0,0,0,0,0 8/3/2018 16:49:50
0,0,0,0,0,0 8/3/2018 16:49:50
0,0,0,0,0,0 8/3/2018 16:49:50
0,0,0,0,0,0 8/3/2018 16:49:50
0,0,2,0,0,0 8/3/2018 16:49:50
0,0,5,0,0,0 8/3/2018 16:49:50
0,0,5,0,0,0 8/3/2018 16:49:50
0,0,5,110,0,0 8/3/2018 16:49:50
0,0,5,233,0,0 8/3/2018 16:49:50
0,0,3,323,0,0 8/3/2018 16:49:50
0,0,4,453,0,0 8/3/2018 16:49:50
0,0,5,457,0,0 8/3/2018 16:49:50
0,0,5,473,0,0 8/3/2018 16:49:50
0,0,23,487,0,0 8/3/2018 16:49:50
0,0,50,481,0,0 8/3/2018 16:49:50
0,0,55,497,0,0 8/3/2018 16:49:50
0,0,55,497,0,0 8/3/2018 16:49:50
0,0,52,531,0,0 8/3/2018 16:49:50
0,0,38,564,0,0 8/3/2018 16:49:50
0,0,69,593,0,0 8/3/2018 16:49:50
0,0,71,608,0,0 8/3/2018 16:49:51
0,0,76,642,0,0 8/3/2018 16:49:51
0,0,75,657,0,0 8/3/2018 16:49:51
0,0,74,665,0,0 8/3/2018 16:49:51
0,0,77,667,0,0 8/3/2018 16:49:51
0,0,79,668,0,0 8/3/2018 16:49:51
0,0,74,669,0,0 8/3/2018 16:49:51
0,0,71,662,0,0 8/3/2018 16:49:51
0,0,73,659,0,0 8/3/2018 16:49:51
0,0,68,646,0,0 8/3/2018 16:49:51
0,0,69,643,0,0 8/3/2018 16:49:51
0,0,75,648,0,0 8/3/2018 16:49:51
0,0,71,638,0,0 8/3/2018 16:49:51
0,0,75,643,0,0 8/3/2018 16:49:51
0,0,71,628,0,0 8/3/2018 16:49:51
0,0,83,619,0,0 8/3/2018 16:49:51
0,0,78,609,0,0 8/3/2018 16:49:51
0,0,76,603,0,0 8/3/2018 16:49:51
0,0,74,598,0,0 8/3/2018 16:49:51
0,0,75,591,0,0 8/3/2018 16:49:51
0,0,70,595,0,0 8/3/2018 16:49:51
0,0,65,590,0,0 8/3/2018 16:49:51
0,0,63,594,0,0 8/3/2018 16:49:52
0,0,69,592,0,0 8/3/2018 16:49:52
0,0,68,587,0,0 8/3/2018 16:49:52
0,0,69,579,0,0 8/3/2018 16:49:52
0,0,59,567,0,0 8/3/2018 16:49:52
0,0,69,582,0,0 8/3/2018 16:49:52
0,0,67,587,0,0 8/3/2018 16:49:52
0,0,66,601,0,0 8/3/2018 16:49:52
0,0,66,607,0,0 8/3/2018 16:49:52
0,0,68,613,0,0 8/3/2018 16:49:52
0,0,68,616,0,0 8/3/2018 16:49:52
0,0,68,614,0,0 8/3/2018 16:49:52
0,0,67,604,0,0 8/3/2018 16:49:52
0,0,64,587,0,0 8/3/2018 16:49:52
0,0,66,570,0,0 8/3/2018 16:49:52
0,0,62,571,0,0 8/3/2018 16:49:52
0,0,63,556,0,0 8/3/2018 16:49:52
0,0,62,550,0,0 8/3/2018 16:49:52
0,0,56,551,0,0 8/3/2018 16:49:52
0,0,62,546,0,0 8/3/2018 16:49:52
0,0,62,530,0,0 8/3/2018 16:49:52
0,0,64,535,0,0 8/3/2018 16:49:52
0,0,60,524,0,0 8/3/2018 16:49:52
0,0,59,505,0,0 8/3/2018 16:49:53
0,0,63,507,0,0 8/3/2018 16:49:53
0,0,65,504,1,0 8/3/2018 16:49:53
0,0,66,493,0,0 8/3/2018 16:49:53
0,0,64,470,0,0 8/3/2018 16:49:53
0,0,67,478,0,0 8/3/2018 16:49:53
0,0,63,485,0,0 8/3/2018 16:49:53
0,0,60,489,0,0 8/3/2018 16:49:53
0,0,63,490,0,0 8/3/2018 16:49:53
0,0,60,473,0,0 8/3/2018 16:49:53
0,0,55,475,0,0 8/3/2018 16:49:53
0,0,53,472,0,0 8/3/2018 16:49:53
0,0,16,473,0,0 8/3/2018 16:49:53
0,0,17,487,0,0 8/3/2018 16:49:53
0,0,0,533,0,0 8/3/2018 16:49:53
0,0,10,525,0,0 8/3/2018 16:49:53
0,0,10,522,0,0 8/3/2018 16:49:53
0,0,0,502,0,0 8/3/2018 16:49:53
0,0,0,505,0,0 8/3/2018 16:49:53
0,0,0,492,0,0 8/3/2018 16:49:53
0,0,0,370,0,0 8/3/2018 16:49:53
0,0,0,217,0,0 8/3/2018 16:49:53
0,0,0,150,0,0 8/3/2018 16:49:53
0,0,0,79,0,0 8/3/2018 16:49:54
0,0,0,0,0,0 8/3/2018 16:49:54
0,0,0,0,0,0 8/3/2018 16:49:54
0,0,0,0,0,0 8/3/2018 16:49:54
0,0,0,0,0,0 8/3/2018 16:49:54
0,0,0,0,0,0 8/3/2018 16:49:54
0,0,0,0,0,0 8/3/2018 16:49:54
0,0,0,0,0,0 8/3/2018 16:49:54
0,0,0,0,0,0 8/3/2018 16:49:54
0,0,0,0,0,0 8/3/2018 16:49:54
0,0,0,0,0,0 8/3/2018 16:49:54
0,0,0,0,0,0 8/3/2018 16:49:54
0,0,0,0,0,0 8/3/2018 16:49:54
0,0,0,0,0,0 8/3/2018 16:49:54
0,0,0,0,0,0 8/3/2018 16:49:54
0,0,0,0,0,0 8/3/2018 16:49:54
0,0,0,0,0,0 8/3/2018 16:49:54
0,0,0,0,0,0 8/3/2018 16:49:54
0,0,0,0,0,0 8/3/2018 16:49:54
0,0,0,0,0,0 8/3/2018 16:49:54
0,0,0,0,0,0 8/3/2018 16:49:54
0,0,0,0,0,0 8/3/2018 16:49:54
0,0,0,0,0,0 8/3/2018 16:49:55
0,0,0,0,0,0 8/3/2018 16:49:55
0,0,0,0,0,0 8/3/2018 16:49:55
