0,0,0,0,0,0 8/3/2018 16:52:54
0,0,9,0,0,0 8/3/2018 16:52:54
0,0,10,0,0,0 8/3/2018 16:52:54
0,0,10,0,0,0 8/3/2018 16:52:54
0,0,10,0,0,0 8/3/2018 16:52:54
0,0,9,0,0,0 8/3/2018 16:52:54
0,0,9,0,0,0 8/3/2018 16:52:54
0,0,8,0,0,0 8/3/2018 16:52:54
0,0,9,0,0,0 8/3/2018 16:52:55
0,0,8,0,0,0 8/3/2018 16:52:55
0,0,10,0,0,0 8/3/2018 16:52:55
0,0,11,0,0,0 8/3/2018 16:52:55
0,0,11,0,0,0 8/3/2018 16:52:55
0,0,13,0,0,0 8/3/2018 16:52:55
0,0,15,0,0,0 8/3/2018 16:52:55
0,0,16,0,0,0 8/3/2018 16:52:55
0,0,14,0,0,0 8/3/2018 16:52:55
0,0,15,0,0,0 8/3/2018 16:52:55
0,0,15,0,0,0 8/3/2018 16:52:55
0,0,15,0,0,0 8/3/2018 16:52:55
0,0,26,0,0,0 8/3/2018 16:52:55
0,0,41,0,0,0 8/3/2018 16:52:55
0,0,54,0,0,0 8/3/2018 16:52:55
0,0,54,0,0,0 8/3/2018 16:52:55
0,0,54,0,0,0 8/3/2018 16:52:55
0,0,31,0,0,0 8/3/2018 16:52:55
0,0,32,0,0,0 8/3/2018 16:52:55
0,0,29,0,0,0 8/3/2018 16:52:55
0,0,28,0,0,0 8/3/2018 16:52:55
0,0,25,4,0,0 8/3/2018 16:52:55
0,0,29,0,0,0 8/3/2018 16:52:55
0,0,23,0,0,0 8/3/2018 16:52:56
0,0,23,0,0,0 8/3/2018 16:52:56
0,0,21,0,0,0 8/3/2018 16:52:56
0,0,23,0,0,0 8/3/2018 16:52:56
0,0,28,0,0,0 8/3/2018 16:52:56
0,0,33,0,0,0 8/3/2018 16:52:56
0,0,35,0,0,0 8/3/2018 16:52:56
0,0,30,0,0,0 8/3/2018 16:52:56
0,0,25,0,0,0 8/3/2018 16:52:56
0,0,27,0,0,0 8/3/2018 16:52:56
0,0,43,0,0,0 8/3/2018 16:52:56
0,0,28,0,0,0 8/3/2018 16:52:56
0,0,47,0,0,0 8/3/2018 16:52:56
0,0,45,0,0,0 8/3/2018 16:52:56
0,0,44,0,0,0 8/3/2018 16:52:56
0,0,45,0,0,0 8/3/2018 16:52:56
0,0,65,0,0,0 8/3/2018 16:52:56
0,0,54,0,0,0 8/3/2018 16:52:56
0,0,63,0,0,0 8/3/2018 16:52:56
0,0,65,9,0,0 8/3/2018 16:52:56
0,0,68,14,0,0 8/3/2018 16:52:56
0,0,75,10,0,0 8/3/2018 16:52:56
0,0,89,14,0,0 8/3/2018 16:52:56
0,0,90,8,0,0 8/3/2018 16:52:57
0,0,76,8,0,0 8/3/2018 16:52:57
0,0,74,4,0,0 8/3/2018 16:52:57
0,0,93,0,0,0 8/3/2018 16:52:57
0,0,107,0,0,0 8/3/2018 16:52:57
0,0,113,0,0,0 8/3/2018 16:52:57
0,0,110,0,0,0 8/3/2018 16:52:57
0,0,120,10,0,0 8/3/2018 16:52:57
0,0,115,12,0,0 8/3/2018 16:52:57
0,0,118,15,0,0 8/3/2018 16:52:57
0,0,110,1,0,0 8/3/2018 16:52:57
0,0,93,1,0,0 8/3/2018 16:52:57
0,0,78,0,0,0 8/3/2018 16:52:57
0,0,58,8,0,0 8/3/2018 16:52:57
0,0,43,14,0,0 8/3/2018 16:52:57
0,0,45,14,0,0 8/3/2018 16:52:57
0,0,41,0,0,0 8/3/2018 16:52:57
0,0,44,0,0,0 8/3/2018 16:52:57
0,0,46,16,0,0 8/3/2018 16:52:57
0,0,46,0,0,0 8/3/2018 16:52:57
0,0,45,0,0,0 8/3/2018 16:52:57
0,0,39,0,0,0 8/3/2018 16:52:57
0,0,41,0,0,0 8/3/2018 16:52:58
0,0,37,0,0,0 8/3/2018 16:52:58
0,0,42,0,0,0 8/3/2018 16:52:58
0,0,55,0,0,0 8/3/2018 16:52:58
0,0,50,0,0,0 8/3/2018 16:52:58
0,0,67,0,0,0 8/3/2018 16:52:58
0,0,103,0,0,0 8/3/2018 16:52:58
0,0,94,0,0,0 8/3/2018 16:52:58
0,0,107,0,0,0 8/3/2018 16:52:58
0,0,105,0,0,0 8/3/2018 16:52:58
0,0,98,0,0,0 8/3/2018 16:52:58
0,0,122,0,0,0 8/3/2018 16:52:58
0,0,123,0,0,0 8/3/2018 16:52:58
0,0,141,0,0,0 8/3/2018 16:52:58
0,0,143,0,0,0 8/3/2018 16:52:58
0,0,121,0,0,0 8/3/2018 16:52:58
0,0,128,0,0,0 8/3/2018 16:52:58
0,0,126,0,0,0 8/3/2018 16:52:58
0,0,114,0,0,0 8/3/2018 16:52:58
0,0,115,0,0,0 8/3/2018 16:52:58
0,0,94,0,0,0 8/3/2018 16:52:58
0,0,71,0,0,0 8/3/2018 16:52:58
0,0,63,0,0,0 8/3/2018 16:52:58
0,0,56,0,0,0 8/3/2018 16:52:59
0,0,36,0,0,0 8/3/2018 16:52:59
0,0,7,0,0,0 8/3/2018 16:52:59
0,0,4,0,0,0 8/3/2018 16:52:59
0,0,37,0,0,0 8/3/2018 16:52:59
0,0,10,0,0,0 8/3/2018 16:52:59
0,0,32,0,0,0 8/3/2018 16:52:59
0,0,5,0,0,0 8/3/2018 16:52:59
0,0,0,0,0,0 8/3/2018 16:52:59
0,0,0,0,0,0 8/3/2018 16:52:59
0,0,3,0,0,0 8/3/2018 16:52:59
0,0,1,0,0,0 8/3/2018 16:52:59
0,0,34,0,0,0 8/3/2018 16:52:59
0,0,35,0,0,0 8/3/2018 16:52:59
0,0,36,0,0,0 8/3/2018 16:52:59
0,0,36,0,0,0 8/3/2018 16:52:59
0,0,33,106,0,0 8/3/2018 16:52:59
0,0,14,268,0,0 8/3/2018 16:52:59
0,0,0,417,0,0 8/3/2018 16:52:59
0,0,6,441,0,0 8/3/2018 16:52:59
0,0,5,450,0,0 8/3/2018 16:52:59
0,0,20,412,0,0 8/3/2018 16:52:59
0,0,30,332,0,0 8/3/2018 16:52:59
0,0,30,264,0,0 8/3/2018 16:53:0
0,0,30,130,0,0 8/3/2018 16:53:0
0,0,18,43,0,0 8/3/2018 16:53:0
0,0,8,0,0,0 8/3/2018 16:53:0
0,0,0,0,0,0 8/3/2018 16:53:0
0,0,0,0,0,0 8/3/2018 16:53:0
0,0,0,0,0,0 8/3/2018 16:53:0
0,0,0,0,0,0 8/3/2018 16:53:0
0,0,0,0,0,0 8/3/2018 16:53:0
0,0,0,0,0,0 8/3/2018 16:53:0
0,0,0,0,0,0 8/3/2018 16:53:0
0,0,0,0,0,0 8/3/2018 16:53:0
0,0,0,0,0,0 8/3/2018 16:53:0
0,0,0,0,0,0 8/3/2018 16:53:0
0,0,8,0,0,0 8/3/2018 16:53:0
0,0,0,0,0,0 8/3/2018 16:53:0
0,0,16,0,0,0 8/3/2018 16:53:0
0,0,16,0,0,0 8/3/2018 16:53:0
0,0,0,0,0,0 8/3/2018 16:53:0
0,0,0,0,0,0 8/3/2018 16:53:0
0,0,0,0,0,0 8/3/2018 16:53:0
0,0,0,0,0,0 8/3/2018 16:53:0
0,0,0,0,0,0 8/3/2018 16:53:1
0,0,0,0,0,0 8/3/2018 16:53:1
0,0,0,0,0,0 8/3/2018 16:53:1
0,0,0,0,0,0 8/3/2018 16:53:1
0,0,0,0,0,0 8/3/2018 16:53:1
0,0,0,0,0,0 8/3/2018 16:53:1
0,0,0,0,0,0 8/3/2018 16:53:1
0,0,0,0,0,0 8/3/2018 16:53:1
0,0,0,0,0,0 8/3/2018 16:53:1
0,0,0,0,0,0 8/3/2018 16:53:1
0,0,0,0,0,0 8/3/2018 16:53:1
0,0,0,0,0,0 8/3/2018 16:53:1
0,0,0,0,0,0 8/3/2018 16:53:1
0,0,0,0,0,0 8/3/2018 16:53:1
0,0,5,0,0,0 8/3/2018 16:53:1
0,0,15,0,0,0 8/3/2018 16:53:1
0,0,14,0,0,0 8/3/2018 16:53:1
0,0,10,0,0,0 8/3/2018 16:53:1
0,0,15,0,0,0 8/3/2018 16:53:1
0,0,2,0,0,0 8/3/2018 16:53:1
0,0,15,0,0,0 8/3/2018 16:53:1
0,0,12,0,0,0 8/3/2018 16:53:1
0,0,0,0,0,1 8/3/2018 16:53:1
0,0,3,0,0,0 8/3/2018 16:53:2
0,0,6,0,0,0 8/3/2018 16:53:2
0,0,0,0,0,0 8/3/2018 16:53:2
0,0,0,0,0,0 8/3/2018 16:53:2
0,0,0,0,0,0 8/3/2018 16:53:2
0,0,0,0,0,0 8/3/2018 16:53:2
0,0,0,0,0,0 8/3/2018 16:53:2
0,0,0,0,0,0 8/3/2018 16:53:2
0,0,0,0,0,0 8/3/2018 16:53:2
0,0,0,0,0,0 8/3/2018 16:53:2
0,0,0,0,0,0 8/3/2018 16:53:2
0,0,0,0,0,0 8/3/2018 16:53:2
0,0,0,0,0,0 8/3/2018 16:53:2
0,0,0,0,0,0 8/3/2018 16:53:2
0,0,0,0,0,0 8/3/2018 16:53:2
0,0,0,0,0,0 8/3/2018 16:53:2
0,0,0,0,0,0 8/3/2018 16:53:2
0,0,0,0,0,0 8/3/2018 16:53:2
0,0,0,0,0,0 8/3/2018 16:53:2
0,0,0,0,0,0 8/3/2018 16:53:2
0,0,0,0,0,0 8/3/2018 16:53:2
0,0,0,0,0,0 8/3/2018 16:53:2
0,0,0,0,0,0 8/3/2018 16:53:2
0,0,0,0,0,0 8/3/2018 16:53:3
0,0,3,0,0,0 8/3/2018 16:53:3
0,0,14,0,0,0 8/3/2018 16:53:3
0,0,4,0,0,0 8/3/2018 16:53:3
0,0,0,0,0,0 8/3/2018 16:53:3
0,0,7,0,0,0 8/3/2018 16:53:3
0,0,0,0,0,0 8/3/2018 16:53:3
0,0,0,0,0,0 8/3/2018 16:53:3
0,0,0,0,0,0 8/3/2018 16:53:3
0,0,0,0,0,0 8/3/2018 16:53:3
0,0,0,0,0,0 8/3/2018 16:53:3
0,0,0,0,0,0 8/3/2018 16:53:3
0,0,0,0,0,0 8/3/2018 16:53:3
0,0,0,0,0,0 8/3/2018 16:53:3
0,0,0,0,0,0 8/3/2018 16:53:3
0,0,0,0,0,0 8/3/2018 16:53:3
0,0,0,0,0,0 8/3/2018 16:53:3
0,0,0,0,0,0 8/3/2018 16:53:3
0,0,0,0,0,0 8/3/2018 16:53:3
0,0,0,0,0,0 8/3/2018 16:53:3
0,0,0,0,0,0 8/3/2018 16:53:3
0,0,0,0,0,0 8/3/2018 16:53:3
0,0,0,0,0,0 8/3/2018 16:53:3
0,0,0,0,0,0 8/3/2018 16:53:4
0,0,0,0,0,0 8/3/2018 16:53:4
0,0,0,0,0,0 8/3/2018 16:53:4
0,0,0,0,0,0 8/3/2018 16:53:4
0,0,4,0,0,0 8/3/2018 16:53:4
0,0,0,0,0,0 8/3/2018 16:53:4
0,0,0,0,0,0 8/3/2018 16:53:4
0,0,0,0,0,0 8/3/2018 16:53:4
0,0,0,0,0,0 8/3/2018 16:53:4
0,0,10,0,0,0 8/3/2018 16:53:4
0,0,0,0,0,0 8/3/2018 16:53:4
0,0,0,0,0,0 8/3/2018 16:53:4
0,0,11,0,0,0 8/3/2018 16:53:4
0,0,12,0,0,0 8/3/2018 16:53:4
0,0,0,0,0,0 8/3/2018 16:53:4
0,0,2,0,0,0 8/3/2018 16:53:4
0,0,0,0,0,0 8/3/2018 16:53:4
0,0,0,0,0,0 8/3/2018 16:53:4
0,0,0,0,0,0 8/3/2018 16:53:4
0,0,5,0,0,0 8/3/2018 16:53:4
0,0,0,0,0,0 8/3/2018 16:53:4
0,0,0,0,0,0 8/3/2018 16:53:4
0,0,0,0,0,0 8/3/2018 16:53:5
0,0,0,0,0,0 8/3/2018 16:53:5
0,0,0,0,0,0 8/3/2018 16:53:5
0,0,0,0,0,0 8/3/2018 16:53:5
0,0,0,0,0,0 8/3/2018 16:53:5
0,0,0,0,0,0 8/3/2018 16:53:5
0,0,0,0,0,0 8/3/2018 16:53:5
0,0,0,0,0,0 8/3/2018 16:53:5
0,0,46,0,0,0 8/3/2018 16:53:5
0,0,75,0,0,0 8/3/2018 16:53:5
0,0,140,0,0,0 8/3/2018 16:53:5
0,0,199,0,0,0 8/3/2018 16:53:5
0,0,202,0,0,0 8/3/2018 16:53:5
0,0,260,0,0,0 8/3/2018 16:53:5
0,0,273,0,0,0 8/3/2018 16:53:5
0,0,278,0,0,0 8/3/2018 16:53:5
0,0,276,0,0,0 8/3/2018 16:53:5
0,0,276,0,0,0 8/3/2018 16:53:5
0,0,285,0,0,0 8/3/2018 16:53:5
0,0,298,0,0,0 8/3/2018 16:53:5
0,0,313,0,0,0 8/3/2018 16:53:5
0,0,318,0,0,0 8/3/2018 16:53:5
0,0,307,0,0,0 8/3/2018 16:53:5
0,0,297,0,0,0 8/3/2018 16:53:6
0,0,297,0,0,0 8/3/2018 16:53:6
0,0,283,0,0,0 8/3/2018 16:53:6
0,0,246,0,0,0 8/3/2018 16:53:6
0,0,239,0,0,0 8/3/2018 16:53:6
0,0,286,0,0,0 8/3/2018 16:53:6
0,0,322,0,0,0 8/3/2018 16:53:6
0,0,328,0,0,0 8/3/2018 16:53:6
0,0,328,0,0,0 8/3/2018 16:53:6
0,0,246,0,0,0 8/3/2018 16:53:6
0,0,258,0,0,0 8/3/2018 16:53:6
0,0,265,0,0,0 8/3/2018 16:53:6
0,0,266,0,0,0 8/3/2018 16:53:6
0,0,269,0,0,0 8/3/2018 16:53:6
0,0,287,0,0,0 8/3/2018 16:53:6
0,0,289,0,0,0 8/3/2018 16:53:6
0,0,279,0,0,0 8/3/2018 16:53:6
0,0,296,0,0,0 8/3/2018 16:53:6
0,0,282,0,0,0 8/3/2018 16:53:6
0,0,288,0,0,0 8/3/2018 16:53:6
0,0,286,0,0,0 8/3/2018 16:53:6
0,0,276,0,0,0 8/3/2018 16:53:6
0,0,280,0,0,0 8/3/2018 16:53:6
0,0,270,0,0,0 8/3/2018 16:53:7
0,0,252,0,0,0 8/3/2018 16:53:7
0,0,243,0,0,0 8/3/2018 16:53:7
0,0,238,0,0,0 8/3/2018 16:53:7
0,0,227,0,0,0 8/3/2018 16:53:7
0,0,226,0,0,0 8/3/2018 16:53:7
0,0,195,0,0,0 8/3/2018 16:53:7
0,0,157,0,0,0 8/3/2018 16:53:7
0,0,90,0,0,0 8/3/2018 16:53:7
0,0,52,0,1,0 8/3/2018 16:53:7
0,0,15,0,2,0 8/3/2018 16:53:7
0,1,0,0,0,0 8/3/2018 16:53:7
0,0,0,0,0,0 8/3/2018 16:53:7
0,0,0,0,0,0 8/3/2018 16:53:7
0,0,0,0,0,0 8/3/2018 16:53:7
0,0,6,0,0,0 8/3/2018 16:53:7
0,0,14,0,0,0 8/3/2018 16:53:7
0,0,4,0,0,0 8/3/2018 16:53:7
