0,0,0,0,0,0 8/3/2018 16:56:29
0,0,0,0,0,0 8/3/2018 16:56:29
0,0,0,0,0,0 8/3/2018 16:56:29
0,0,0,0,0,0 8/3/2018 16:56:30
0,0,0,0,0,0 8/3/2018 16:56:30
0,0,0,0,0,0 8/3/2018 16:56:30
0,0,0,0,0,0 8/3/2018 16:56:30
0,0,0,0,0,0 8/3/2018 16:56:30
0,0,0,0,0,0 8/3/2018 16:56:30
0,0,0,0,0,0 8/3/2018 16:56:30
0,0,0,0,0,0 8/3/2018 16:56:30
0,0,0,0,0,0 8/3/2018 16:56:30
0,0,0,0,0,0 8/3/2018 16:56:30
0,0,0,0,0,0 8/3/2018 16:56:30
0,0,0,0,0,0 8/3/2018 16:56:30
0,0,0,0,0,0 8/3/2018 16:56:30
0,0,0,0,3,0 8/3/2018 16:56:30
0,0,0,0,0,0 8/3/2018 16:56:30
0,0,0,0,0,0 8/3/2018 16:56:30
0,0,0,0,0,0 8/3/2018 16:56:30
0,0,0,0,0,0 8/3/2018 16:56:30
0,0,0,0,0,0 8/3/2018 16:56:30
0,0,0,0,0,0 8/3/2018 16:56:30
0,0,0,0,0,0 8/3/2018 16:56:30
0,0,0,0,0,0 8/3/2018 16:56:30
0,0,0,0,0,0 8/3/2018 16:56:30
0,0,0,0,0,0 8/3/2018 16:56:31
0,0,0,0,0,0 8/3/2018 16:56:31
0,0,0,0,0,0 8/3/2018 16:56:31
0,0,39,0,0,0 8/3/2018 16:56:31
0,0,42,104,0,0 8/3/2018 16:56:31
0,0,111,220,0,0 8/3/2018 16:56:31
0,0,257,271,0,0 8/3/2018 16:56:31
0,0,333,375,0,0 8/3/2018 16:56:31
0,0,389,438,0,0 8/3/2018 16:56:31
0,0,391,451,0,0 8/3/2018 16:56:31
0,0,417,488,0,0 8/3/2018 16:56:31
0,0,450,500,0,0 8/3/2018 16:56:31
0,0,466,509,0,0 8/3/2018 16:56:31
0,0,468,504,0,0 8/3/2018 16:56:31
0,0,481,499,0,0 8/3/2018 16:56:31
0,0,482,518,0,0 8/3/2018 16:56:31
0,0,446,515,0,0 8/3/2018 16:56:31
0,0,449,534,0,0 8/3/2018 16:56:31
0,0,434,537,0,0 8/3/2018 16:56:31
0,0,432,546,0,0 8/3/2018 16:56:31
0,0,435,550,0,0 8/3/2018 16:56:31
0,0,418,551,0,0 8/3/2018 16:56:31
0,0,378,536,0,0 8/3/2018 16:56:32
0,0,364,521,0,0 8/3/2018 16:56:32
0,0,344,507,0,0 8/3/2018 16:56:32
0,0,299,484,0,0 8/3/2018 16:56:32
0,0,308,486,0,0 8/3/2018 16:56:32
0,0,314,485,0,0 8/3/2018 16:56:32
0,0,335,491,0,0 8/3/2018 16:56:32
0,0,352,489,0,0 8/3/2018 16:56:32
0,0,346,463,0,0 8/3/2018 16:56:32
0,0,240,301,0,0 8/3/2018 16:56:32
0,0,129,0,0,0 8/3/2018 16:56:32
0,0,66,0,0,0 8/3/2018 16:56:32
0,0,0,0,0,0 8/3/2018 16:56:32
0,0,0,0,0,0 8/3/2018 16:56:32
0,0,0,0,0,0 8/3/2018 16:56:32
0,0,0,0,0,0 8/3/2018 16:56:32
0,0,0,0,0,0 8/3/2018 16:56:32
0,0,0,0,0,0 8/3/2018 16:56:32
0,0,0,0,0,0 8/3/2018 16:56:32
0,0,0,0,0,0 8/3/2018 16:56:32
0,0,0,0,0,0 8/3/2018 16:56:32
0,0,0,0,0,0 8/3/2018 16:56:32
0,0,0,0,0,0 8/3/2018 16:56:32
0,0,0,0,0,0 8/3/2018 16:56:33
0,0,0,0,0,0 8/3/2018 16:56:33
0,0,0,0,0,0 8/3/2018 16:56:33
0,0,0,0,0,0 8/3/2018 16:56:33
0,0,0,0,0,0 8/3/2018 16:56:33
0,0,0,15,0,0 8/3/2018 16:56:33
0,0,0,30,0,0 8/3/2018 16:56:33
0,0,0,44,0,0 8/3/2018 16:56:33
0,0,0,73,0,0 8/3/2018 16:56:33
0,0,0,104,0,0 8/3/2018 16:56:33
0,0,0,106,0,0 8/3/2018 16:56:33
0,0,0,123,0,0 8/3/2018 16:56:33
0,0,0,132,0,0 8/3/2018 16:56:33
0,0,0,160,0,0 8/3/2018 16:56:33
0,0,0,182,0,0 8/3/2018 16:56:33
0,0,0,187,0,0 8/3/2018 16:56:33
0,0,0,187,0,0 8/3/2018 16:56:33
0,0,0,208,0,0 8/3/2018 16:56:33
0,0,0,223,0,0 8/3/2018 16:56:33
0,0,0,236,0,0 8/3/2018 16:56:33
0,0,5,314,0,0 8/3/2018 16:56:33
0,0,33,335,0,0 8/3/2018 16:56:33
0,0,29,368,0,0 8/3/2018 16:56:33
0,0,47,372,0,0 8/3/2018 16:56:34
0,0,76,395,0,0 8/3/2018 16:56:34
0,0,76,388,0,0 8/3/2018 16:56:34
0,0,77,397,0,0 8/3/2018 16:56:34
0,0,79,411,0,0 8/3/2018 16:56:34
0,0,76,398,0,0 8/3/2018 16:56:34
0,0,79,393,0,0 8/3/2018 16:56:34
0,0,87,362,0,0 8/3/2018 16:56:34
0,0,77,337,0,0 8/3/2018 16:56:34
0,0,112,319,0,0 8/3/2018 16:56:34
0,0,133,298,0,0 8/3/2018 16:56:34
0,0,148,291,0,0 8/3/2018 16:56:34
0,0,140,282,0,0 8/3/2018 16:56:34
0,0,147,272,0,0 8/3/2018 16:56:34
0,0,141,266,0,0 8/3/2018 16:56:34
0,0,151,256,0,0 8/3/2018 16:56:34
0,0,142,250,0,0 8/3/2018 16:56:34
0,0,140,228,0,0 8/3/2018 16:56:34
0,0,166,205,0,0 8/3/2018 16:56:34
0,0,182,192,0,0 8/3/2018 16:56:34
0,0,214,108,0,0 8/3/2018 16:56:34
0,0,206,129,0,0 8/3/2018 16:56:34
0,0,177,139,0,0 8/3/2018 16:56:35
0,0,161,108,0,0 8/3/2018 16:56:35
0,0,149,105,0,0 8/3/2018 16:56:35
0,0,142,88,0,0 8/3/2018 16:56:35
0,0,126,68,0,0 8/3/2018 16:56:35
0,0,123,45,0,0 8/3/2018 16:56:35
0,0,111,32,0,0 8/3/2018 16:56:35
0,0,77,8,0,0 8/3/2018 16:56:35
0,0,31,0,0,0 8/3/2018 16:56:35
0,0,0,0,0,0 8/3/2018 16:56:35
0,0,0,0,0,0 8/3/2018 16:56:35
0,0,0,0,0,0 8/3/2018 16:56:35
0,0,0,0,0,0 8/3/2018 16:56:35
0,0,0,0,0,0 8/3/2018 16:56:35
0,0,0,0,0,0 8/3/2018 16:56:35
0,0,0,0,0,0 8/3/2018 16:56:35
0,0,0,0,0,0 8/3/2018 16:56:35
0,0,0,0,0,0 8/3/2018 16:56:35
0,0,0,0,0,0 8/3/2018 16:56:35
0,0,0,0,0,0 8/3/2018 16:56:35
0,0,0,0,0,0 8/3/2018 16:56:35
0,0,0,0,0,0 8/3/2018 16:56:35
0,0,0,0,0,0 8/3/2018 16:56:35
0,0,11,0,0,0 8/3/2018 16:56:36
0,0,19,8,0,0 8/3/2018 16:56:36
0,0,52,26,0,0 8/3/2018 16:56:36
0,0,64,34,0,0 8/3/2018 16:56:36
0,0,66,46,0,0 8/3/2018 16:56:36
0,0,84,42,0,0 8/3/2018 16:56:36
0,0,94,62,0,0 8/3/2018 16:56:36
0,0,102,66,0,0 8/3/2018 16:56:36
0,0,154,66,0,0 8/3/2018 16:56:36
0,0,165,55,0,0 8/3/2018 16:56:36
0,0,193,71,0,0 8/3/2018 16:56:36
0,0,195,82,0,0 8/3/2018 16:56:36
0,0,192,82,0,0 8/3/2018 16:56:36
0,0,186,73,0,0 8/3/2018 16:56:36
0,0,112,55,0,0 8/3/2018 16:56:36
0,0,73,54,0,0 8/3/2018 16:56:36
0,0,43,36,0,0 8/3/2018 16:56:36
0,0,15,34,0,0 8/3/2018 16:56:36
0,0,4,33,0,0 8/3/2018 16:56:36
0,0,0,0,0,0 8/3/2018 16:56:36
0,0,0,0,0,0 8/3/2018 16:56:36
0,0,0,0,0,0 8/3/2018 16:56:36
0,0,0,0,0,0 8/3/2018 16:56:36
0,0,0,0,0,0 8/3/2018 16:56:37
0,0,1,0,0,0 8/3/2018 16:56:37
0,0,11,0,0,0 8/3/2018 16:56:37
0,0,13,0,0,0 8/3/2018 16:56:37
0,0,10,0,0,0 8/3/2018 16:56:37
0,0,8,0,0,0 8/3/2018 16:56:37
0,0,10,0,0,0 8/3/2018 16:56:37
0,0,10,0,0,0 8/3/2018 16:56:37
0,0,0,0,0,0 8/3/2018 16:56:37
0,0,0,0,0,0 8/3/2018 16:56:37
0,0,0,0,0,0 8/3/2018 16:56:37
0,0,0,0,0,0 8/3/2018 16:56:37
0,0,0,0,0,0 8/3/2018 16:56:37
0,0,0,0,0,0 8/3/2018 16:56:37
0,0,0,0,0,0 8/3/2018 16:56:37
0,0,0,0,0,0 8/3/2018 16:56:37
0,0,0,0,0,0 8/3/2018 16:56:37
0,0,0,0,0,0 8/3/2018 16:56:37
0,0,0,0,0,0 8/3/2018 16:56:37
0,0,0,0,0,0 8/3/2018 16:56:37
0,0,0,0,0,0 8/3/2018 16:56:37
0,0,0,0,0,0 8/3/2018 16:56:37
0,0,0,0,0,0 8/3/2018 16:56:37
0,0,0,0,0,0 8/3/2018 16:56:38
0,0,0,0,0,0 8/3/2018 16:56:38
0,0,0,0,0,0 8/3/2018 16:56:38
0,0,0,0,0,0 8/3/2018 16:56:38
0,0,2,0,0,0 8/3/2018 16:56:38
0,0,4,0,0,0 8/3/2018 16:56:38
0,0,3,0,0,0 8/3/2018 16:56:38
0,0,3,0,0,0 8/3/2018 16:56:38
0,0,2,0,0,0 8/3/2018 16:56:38
0,0,0,0,0,0 8/3/2018 16:56:38
0,0,1,0,0,0 8/3/2018 16:56:38
0,0,1,0,0,0 8/3/2018 16:56:38
0,0,1,0,0,0 8/3/2018 16:56:38
0,0,0,0,0,0 8/3/2018 16:56:38
0,0,1,0,0,0 8/3/2018 16:56:38
0,0,5,0,0,0 8/3/2018 16:56:38
0,0,5,0,0,0 8/3/2018 16:56:38
0,0,5,0,0,0 8/3/2018 16:56:38
0,0,1,0,0,0 8/3/2018 16:56:38
0,0,2,0,0,0 8/3/2018 16:56:38
0,0,2,0,0,0 8/3/2018 16:56:38
0,0,3,0,0,0 8/3/2018 16:56:38
0,0,2,0,0,0 8/3/2018 16:56:39
0,0,0,0,0,0 8/3/2018 16:56:39
0,0,0,0,0,0 8/3/2018 16:56:39
0,0,0,0,0,0 8/3/2018 16:56:39
0,0,0,0,0,0 8/3/2018 16:56:39
0,0,0,0,0,0 8/3/2018 16:56:39
0,0,0,0,0,0 8/3/2018 16:56:39
0,0,1,0,0,0 8/3/2018 16:56:39
0,0,0,0,0,0 8/3/2018 16:56:39
0,0,0,0,0,0 8/3/2018 16:56:39
0,0,0,0,0,0 8/3/2018 16:56:39
0,0,0,0,0,0 8/3/2018 16:56:39
0,0,0,0,0,0 8/3/2018 16:56:39
0,0,0,0,0,0 8/3/2018 16:56:39
0,0,0,0,0,0 8/3/2018 16:56:39
0,0,0,0,0,0 8/3/2018 16:56:39
0,0,1,0,0,0 8/3/2018 16:56:39
0,0,1,0,0,0 8/3/2018 16:56:39
0,0,14,48,0,0 8/3/2018 16:56:39
0,0,20,63,0,0 8/3/2018 16:56:39
0,0,25,89,0,0 8/3/2018 16:56:39
0,0,38,139,0,0 8/3/2018 16:56:39
0,0,39,153,0,0 8/3/2018 16:56:39
0,0,39,170,0,1 8/3/2018 16:56:40
0,0,39,131,0,0 8/3/2018 16:56:40
0,0,39,142,0,0 8/3/2018 16:56:40
0,0,36,155,0,0 8/3/2018 16:56:40
0,0,34,165,0,0 8/3/2018 16:56:40
0,0,35,160,0,0 8/3/2018 16:56:40
0,0,35,166,0,0 8/3/2018 16:56:40
0,0,33,158,0,0 8/3/2018 16:56:40
0,0,8,139,0,0 8/3/2018 16:56:40
0,0,7,139,0,0 8/3/2018 16:56:40
0,0,3,130,0,0 8/3/2018 16:56:40
0,0,11,88,0,0 8/3/2018 16:56:40
0,0,14,119,0,0 8/3/2018 16:56:40
0,0,15,87,0,0 8/3/2018 16:56:40
0,0,20,71,0,0 8/3/2018 16:56:40
0,0,21,92,0,0 8/3/2018 16:56:40
0,0,20,75,0,0 8/3/2018 16:56:40
0,0,26,42,0,0 8/3/2018 16:56:40
0,0,14,51,0,0 8/3/2018 16:56:40
0,0,13,36,0,0 8/3/2018 16:56:40
0,0,22,3,0,0 8/3/2018 16:56:40
0,0,29,0,0,0 8/3/2018 16:56:40
0,0,26,0,0,0 8/3/2018 16:56:40
0,0,20,0,0,0 8/3/2018 16:56:41
0,0,8,0,0,0 8/3/2018 16:56:41
0,0,0,0,0,0 8/3/2018 16:56:41
0,0,0,0,0,0 8/3/2018 16:56:41
0,0,7,0,0,0 8/3/2018 16:56:41
0,0,21,0,0,0 8/3/2018 16:56:41
0,0,25,0,0,0 8/3/2018 16:56:41
0,0,32,0,4,0 8/3/2018 16:56:41
0,0,50,0,0,0 8/3/2018 16:56:41
0,0,55,0,0,0 8/3/2018 16:56:41
0,0,54,0,0,0 8/3/2018 16:56:41
0,0,52,0,0,0 8/3/2018 16:56:41
0,0,45,0,0,0 8/3/2018 16:56:41
0,0,42,0,0,0 8/3/2018 16:56:41
0,0,45,0,0,0 8/3/2018 16:56:41
0,0,26,0,0,0 8/3/2018 16:56:41
0,0,26,0,0,0 8/3/2018 16:56:41
0,0,25,0,0,0 8/3/2018 16:56:41
0,0,26,0,0,0 8/3/2018 16:56:41
0,0,40,0,0,0 8/3/2018 16:56:41
0,0,38,0,0,0 8/3/2018 16:56:41
0,0,9,0,0,0 8/3/2018 16:56:41
0,0,10,0,0,0 8/3/2018 16:56:41
