0,0,0,0,0,0 8/3/2018 16:58:20
0,0,0,0,0,0 8/3/2018 16:58:20
0,0,0,0,0,0 8/3/2018 16:58:20
0,0,0,0,0,0 8/3/2018 16:58:20
0,0,0,0,0,0 8/3/2018 16:58:20
0,0,0,0,0,0 8/3/2018 16:58:20
0,0,0,0,0,0 8/3/2018 16:58:20
0,0,0,0,0,0 8/3/2018 16:58:20
0,0,0,2,0,0 8/3/2018 16:58:21
0,0,0,0,0,0 8/3/2018 16:58:21
0,0,0,0,0,0 8/3/2018 16:58:21
0,0,0,0,0,0 8/3/2018 16:58:21
0,0,0,0,0,0 8/3/2018 16:58:21
0,0,0,0,0,0 8/3/2018 16:58:21
0,0,0,0,0,0 8/3/2018 16:58:21
0,0,0,0,0,0 8/3/2018 16:58:21
0,0,0,0,0,0 8/3/2018 16:58:21
0,0,0,0,0,0 8/3/2018 16:58:21
0,0,0,0,0,0 8/3/2018 16:58:21
0,0,0,0,0,0 8/3/2018 16:58:21
0,0,0,0,2,0 8/3/2018 16:58:21
0,0,0,0,0,0 8/3/2018 16:58:21
0,0,0,0,0,0 8/3/2018 16:58:21
0,0,0,0,0,0 8/3/2018 16:58:21
0,0,0,0,0,0 8/3/2018 16:58:21
0,0,0,0,0,0 8/3/2018 16:58:21
0,0,0,0,0,0 8/3/2018 16:58:21
0,0,0,0,0,0 8/3/2018 16:58:21
0,0,0,0,0,0 8/3/2018 16:58:21
0,0,0,0,0,0 8/3/2018 16:58:21
0,0,0,0,0,0 8/3/2018 16:58:21
0,0,0,0,0,0 8/3/2018 16:58:22
0,0,0,0,0,0 8/3/2018 16:58:22
0,0,13,0,0,0 8/3/2018 16:58:22
0,0,12,0,0,0 8/3/2018 16:58:22
0,0,15,0,0,0 8/3/2018 16:58:22
0,0,16,0,0,0 8/3/2018 16:58:22
0,0,14,0,0,0 8/3/2018 16:58:22
0,0,1,0,0,0 8/3/2018 16:58:22
0,0,5,0,0,0 8/3/2018 16:58:22
0,0,6,0,0,0 8/3/2018 16:58:22
0,0,8,0,0,0 8/3/2018 16:58:22
0,0,0,0,0,0 8/3/2018 16:58:22
0,0,14,0,0,0 8/3/2018 16:58:22
0,0,7,0,0,0 8/3/2018 16:58:22
0,0,10,0,0,0 8/3/2018 16:58:22
0,0,13,0,0,0 8/3/2018 16:58:22
0,0,16,0,0,0 8/3/2018 16:58:22
0,0,13,0,0,0 8/3/2018 16:58:22
0,0,17,0,0,0 8/3/2018 16:58:22
0,0,12,0,0,0 8/3/2018 16:58:22
0,0,0,0,0,0 8/3/2018 16:58:22
0,0,0,0,0,0 8/3/2018 16:58:22
0,0,0,0,0,0 8/3/2018 16:58:22
0,0,0,0,0,0 8/3/2018 16:58:23
0,0,0,0,0,0 8/3/2018 16:58:23
0,0,0,0,0,0 8/3/2018 16:58:23
0,0,0,491,0,0 8/3/2018 16:58:23
0,0,0,434,0,0 8/3/2018 16:58:23
0,0,21,0,0,0 8/3/2018 16:58:23
0,0,0,0,0,0 8/3/2018 16:58:23
0,0,0,0,0,0 8/3/2018 16:58:23
0,0,23,61,0,0 8/3/2018 16:58:23
0,0,0,71,0,0 8/3/2018 16:58:23
0,0,0,0,0,0 8/3/2018 16:58:23
0,0,0,0,0,0 8/3/2018 16:58:23
0,0,0,0,0,0 8/3/2018 16:58:23
0,0,0,0,0,0 8/3/2018 16:58:23
0,0,0,0,0,0 8/3/2018 16:58:23
0,0,0,0,0,0 8/3/2018 16:58:23
0,0,0,0,0,0 8/3/2018 16:58:23
0,0,39,0,0,0 8/3/2018 16:58:23
0,0,66,0,0,0 8/3/2018 16:58:23
0,0,174,0,0,0 8/3/2018 16:58:23
0,0,322,0,0,0 8/3/2018 16:58:23
0,0,378,18,0,0 8/3/2018 16:58:23
0,0,395,63,0,0 8/3/2018 16:58:24
0,0,360,89,0,0 8/3/2018 16:58:24
0,0,368,70,0,0 8/3/2018 16:58:24
0,0,244,17,0,0 8/3/2018 16:58:24
0,0,52,0,0,0 8/3/2018 16:58:24
0,0,0,15,0,0 8/3/2018 16:58:24
0,0,0,15,0,0 8/3/2018 16:58:24
0,0,0,0,0,0 8/3/2018 16:58:24
0,0,9,0,0,0 8/3/2018 16:58:24
0,0,0,0,0,0 8/3/2018 16:58:24
0,0,0,0,0,0 8/3/2018 16:58:24
0,0,0,0,0,0 8/3/2018 16:58:24
0,0,0,0,0,0 8/3/2018 16:58:24
0,0,0,0,0,0 8/3/2018 16:58:24
0,0,0,0,0,0 8/3/2018 16:58:24
0,0,0,0,0,0 8/3/2018 16:58:24
0,0,0,0,0,0 8/3/2018 16:58:24
0,0,4,0,0,0 8/3/2018 16:58:24
0,0,1,0,0,0 8/3/2018 16:58:24
0,0,0,0,0,0 8/3/2018 16:58:24
0,0,7,0,0,0 8/3/2018 16:58:24
0,0,0,0,0,0 8/3/2018 16:58:24
0,0,0,0,0,0 8/3/2018 16:58:24
0,0,0,0,0,0 8/3/2018 16:58:25
0,0,0,0,0,0 8/3/2018 16:58:25
0,0,0,0,0,0 8/3/2018 16:58:25
0,0,0,164,0,0 8/3/2018 16:58:25
0,0,0,209,0,0 8/3/2018 16:58:25
0,0,0,223,0,0 8/3/2018 16:58:25
0,0,0,141,0,0 8/3/2018 16:58:25
0,0,0,125,0,0 8/3/2018 16:58:25
0,0,1,54,0,0 8/3/2018 16:58:25
0,0,0,0,0,0 8/3/2018 16:58:25
0,0,0,0,0,0 8/3/2018 16:58:25
0,0,0,0,0,0 8/3/2018 16:58:25
0,0,0,0,0,0 8/3/2018 16:58:25
0,0,0,0,0,0 8/3/2018 16:58:25
0,0,0,0,0,0 8/3/2018 16:58:25
0,0,0,0,0,0 8/3/2018 16:58:25
0,0,1,0,0,0 8/3/2018 16:58:25
0,0,2,0,0,0 8/3/2018 16:58:25
0,0,7,0,0,0 8/3/2018 16:58:25
0,0,17,0,0,0 8/3/2018 16:58:25
0,0,4,0,0,0 8/3/2018 16:58:25
0,0,3,0,0,0 8/3/2018 16:58:25
0,0,0,0,0,0 8/3/2018 16:58:25
0,0,0,0,0,0 8/3/2018 16:58:26
0,0,0,0,0,0 8/3/2018 16:58:26
0,0,0,0,0,0 8/3/2018 16:58:26
0,0,0,0,0,0 8/3/2018 16:58:26
0,0,0,0,0,0 8/3/2018 16:58:26
0,0,0,0,0,0 8/3/2018 16:58:26
0,0,0,0,0,0 8/3/2018 16:58:26
0,0,0,0,0,0 8/3/2018 16:58:26
0,0,0,0,0,0 8/3/2018 16:58:26
0,0,0,0,0,0 8/3/2018 16:58:26
0,0,0,0,0,0 8/3/2018 16:58:26
0,0,9,0,0,0 8/3/2018 16:58:26
0,0,10,0,0,0 8/3/2018 16:58:26
0,0,14,0,0,0 8/3/2018 16:58:26
0,0,13,0,0,0 8/3/2018 16:58:26
0,0,20,0,0,0 8/3/2018 16:58:26
0,0,19,0,0,0 8/3/2018 16:58:26
0,0,0,0,0,0 8/3/2018 16:58:26
0,0,0,0,0,0 8/3/2018 16:58:26
0,0,0,0,0,0 8/3/2018 16:58:26
0,0,0,0,0,0 8/3/2018 16:58:26
0,0,0,0,0,0 8/3/2018 16:58:26
0,0,0,0,0,0 8/3/2018 16:58:26
0,0,0,0,0,0 8/3/2018 16:58:27
0,0,0,0,0,0 8/3/2018 16:58:27
0,0,0,0,0,0 8/3/2018 16:58:27
0,0,0,0,0,0 8/3/2018 16:58:27
0,0,0,0,0,0 8/3/2018 16:58:27
0,0,0,0,0,0 8/3/2018 16:58:27
0,0,0,0,0,0 8/3/2018 16:58:27
0,0,0,0,0,0 8/3/2018 16:58:27
0,0,133,0,0,0 8/3/2018 16:58:27
0,0,333,0,0,0 8/3/2018 16:58:27
0,0,352,0,0,0 8/3/2018 16:58:27
0,0,371,0,0,0 8/3/2018 16:58:27
0,0,434,0,0,0 8/3/2018 16:58:27
0,0,377,0,0,0 8/3/2018 16:58:27
0,0,372,0,0,0 8/3/2018 16:58:27
0,0,386,0,0,0 8/3/2018 16:58:27
0,0,440,0,0,0 8/3/2018 16:58:27
0,0,495,0,0,0 8/3/2018 16:58:27
0,0,506,17,0,0 8/3/2018 16:58:27
0,0,548,89,0,0 8/3/2018 16:58:27
0,0,563,100,0,0 8/3/2018 16:58:27
0,0,570,0,0,0 8/3/2018 16:58:27
0,0,570,0,0,0 8/3/2018 16:58:28
0,0,562,0,0,0 8/3/2018 16:58:28
0,0,573,2,0,0 8/3/2018 16:58:28
0,0,592,0,0,0 8/3/2018 16:58:28
0,0,531,0,0,0 8/3/2018 16:58:28
0,0,462,0,0,0 8/3/2018 16:58:28
0,0,286,0,0,0 8/3/2018 16:58:28
0,0,95,0,0,0 8/3/2018 16:58:28
0,0,0,0,0,0 8/3/2018 16:58:28
0,0,0,0,0,0 8/3/2018 16:58:28
0,0,0,0,0,0 8/3/2018 16:58:28
0,0,0,0,0,0 8/3/2018 16:58:28
0,0,0,0,0,0 8/3/2018 16:58:28
0,0,0,0,0,0 8/3/2018 16:58:28
0,0,0,0,0,0 8/3/2018 16:58:28
0,0,0,0,0,0 8/3/2018 16:58:28
0,0,0,0,0,0 8/3/2018 16:58:28
0,0,0,0,0,0 8/3/2018 16:58:28
0,0,0,0,0,0 8/3/2018 16:58:28
0,0,0,0,0,0 8/3/2018 16:58:28
0,0,0,0,0,0 8/3/2018 16:58:28
0,0,0,0,0,0 8/3/2018 16:58:28
0,0,0,0,0,0 8/3/2018 16:58:28
0,0,0,0,0,0 8/3/2018 16:58:29
0,0,0,0,0,0 8/3/2018 16:58:29
0,0,0,0,0,0 8/3/2018 16:58:29
0,0,0,0,0,0 8/3/2018 16:58:29
0,0,0,0,0,0 8/3/2018 16:58:29
0,0,0,0,0,0 8/3/2018 16:58:29
0,0,0,0,0,0 8/3/2018 16:58:29
0,0,0,0,0,0 8/3/2018 16:58:29
0,0,0,0,0,0 8/3/2018 16:58:29
0,0,0,0,0,0 8/3/2018 16:58:29
0,0,0,0,0,0 8/3/2018 16:58:29
0,0,0,0,0,0 8/3/2018 16:58:29
0,0,0,0,0,0 8/3/2018 16:58:29
0,0,0,0,0,0 8/3/2018 16:58:29
0,0,0,0,0,0 8/3/2018 16:58:29
0,0,0,0,0,0 8/3/2018 16:58:29
0,0,0,0,0,0 8/3/2018 16:58:29
0,0,0,0,0,0 8/3/2018 16:58:29
0,0,0,0,0,0 8/3/2018 16:58:29
0,0,0,0,0,0 8/3/2018 16:58:29
0,0,0,0,0,0 8/3/2018 16:58:29
0,0,0,0,0,0 8/3/2018 16:58:29
0,0,0,0,0,0 8/3/2018 16:58:29
0,0,0,0,0,0 8/3/2018 16:58:30
0,0,0,0,0,0 8/3/2018 16:58:30
0,0,0,0,0,0 8/3/2018 16:58:30
0,0,0,0,0,0 8/3/2018 16:58:30
0,0,0,0,0,0 8/3/2018 16:58:30
0,0,0,0,0,0 8/3/2018 16:58:30
0,0,0,0,0,0 8/3/2018 16:58:30
0,0,0,0,0,0 8/3/2018 16:58:30
0,0,0,0,0,0 8/3/2018 16:58:30
0,0,0,0,0,0 8/3/2018 16:58:30
0,0,0,0,0,0 8/3/2018 16:58:30
0,0,0,0,0,0 8/3/2018 16:58:30
0,0,0,0,0,0 8/3/2018 16:58:30
0,0,0,0,0,0 8/3/2018 16:58:30
0,0,0,0,0,0 8/3/2018 16:58:30
0,0,0,0,0,0 8/3/2018 16:58:30
0,0,0,0,0,0 8/3/2018 16:58:30
0,0,0,0,0,0 8/3/2018 16:58:30
0,0,0,0,0,0 8/3/2018 16:58:30
0,0,0,0,0,0 8/3/2018 16:58:30
0,0,0,0,0,0 8/3/2018 16:58:30
0,0,0,0,0,0 8/3/2018 16:58:30
0,0,0,0,0,0 8/3/2018 16:58:30
0,0,0,0,0,0 8/3/2018 16:58:31
0,0,0,0,0,0 8/3/2018 16:58:31
