0,0,0,0,0,0 8/3/2018 16:59:33
0,0,0,0,0,0 8/3/2018 16:59:33
0,0,0,0,0,0 8/3/2018 16:59:34
0,0,0,0,0,0 8/3/2018 16:59:34
0,0,0,0,0,0 8/3/2018 16:59:34
0,0,0,0,0,0 8/3/2018 16:59:34
0,0,0,0,0,0 8/3/2018 16:59:34
0,0,0,0,0,0 8/3/2018 16:59:34
0,0,0,0,0,0 8/3/2018 16:59:34
0,0,0,0,0,0 8/3/2018 16:59:34
0,0,0,0,0,0 8/3/2018 16:59:34
0,0,0,0,0,0 8/3/2018 16:59:34
0,0,0,0,0,0 8/3/2018 16:59:34
0,0,0,0,0,0 8/3/2018 16:59:34
0,0,0,0,0,0 8/3/2018 16:59:34
0,0,0,0,0,0 8/3/2018 16:59:34
0,0,0,0,0,0 8/3/2018 16:59:34
0,0,0,0,0,0 8/3/2018 16:59:34
0,0,0,0,0,0 8/3/2018 16:59:34
0,0,0,0,0,0 8/3/2018 16:59:34
0,0,0,0,0,0 8/3/2018 16:59:34
0,0,0,0,0,0 8/3/2018 16:59:34
0,0,0,0,0,0 8/3/2018 16:59:34
0,0,0,0,0,0 8/3/2018 16:59:34
0,0,0,0,0,0 8/3/2018 16:59:35
0,0,0,0,0,0 8/3/2018 16:59:35
0,0,0,0,0,0 8/3/2018 16:59:35
0,0,0,0,0,0 8/3/2018 16:59:35
0,0,0,0,0,0 8/3/2018 16:59:35
0,0,0,0,0,0 8/3/2018 16:59:35
0,0,0,0,0,0 8/3/2018 16:59:35
0,0,8,0,0,0 8/3/2018 16:59:35
0,0,6,0,0,0 8/3/2018 16:59:35
0,0,0,0,0,0 8/3/2018 16:59:35
0,0,0,0,0,0 8/3/2018 16:59:35
0,0,0,0,0,0 8/3/2018 16:59:35
0,0,0,0,0,0 8/3/2018 16:59:35
0,0,0,0,0,0 8/3/2018 16:59:35
0,0,0,0,0,0 8/3/2018 16:59:35
0,0,0,0,0,0 8/3/2018 16:59:35
0,0,0,0,0,0 8/3/2018 16:59:35
0,0,0,0,0,0 8/3/2018 16:59:35
0,0,0,0,0,0 8/3/2018 16:59:35
0,0,0,0,0,0 8/3/2018 16:59:35
0,0,0,0,0,0 8/3/2018 16:59:35
0,0,0,0,0,0 8/3/2018 16:59:35
0,0,0,0,0,0 8/3/2018 16:59:35
0,0,0,0,0,0 8/3/2018 16:59:36
0,0,0,0,0,0 8/3/2018 16:59:36
0,0,0,0,0,0 8/3/2018 16:59:36
0,0,0,0,0,0 8/3/2018 16:59:36
0,0,0,0,0,0 8/3/2018 16:59:36
0,0,0,0,0,0 8/3/2018 16:59:36
0,0,0,0,0,0 8/3/2018 16:59:36
0,0,0,0,0,0 8/3/2018 16:59:36
0,0,0,0,0,0 8/3/2018 16:59:36
0,0,0,0,0,0 8/3/2018 16:59:36
0,0,0,0,0,0 8/3/2018 16:59:36
0,0,0,0,0,0 8/3/2018 16:59:36
0,0,0,0,0,0 8/3/2018 16:59:36
0,0,0,0,0,0 8/3/2018 16:59:36
0,0,0,0,0,0 8/3/2018 16:59:36
0,0,0,0,0,0 8/3/2018 16:59:36
0,0,0,0,0,0 8/3/2018 16:59:36
0,0,21,0,0,0 8/3/2018 16:59:36
0,0,18,0,0,0 8/3/2018 16:59:36
0,0,20,56,0,0 8/3/2018 16:59:36
0,0,10,34,0,0 8/3/2018 16:59:36
0,0,10,0,0,0 8/3/2018 16:59:36
0,0,6,0,0,0 8/3/2018 16:59:36
0,0,6,0,0,0 8/3/2018 16:59:37
0,0,0,0,0,0 8/3/2018 16:59:37
0,0,0,0,0,0 8/3/2018 16:59:37
0,0,0,0,0,0 8/3/2018 16:59:37
0,0,0,0,0,0 8/3/2018 16:59:37
0,0,0,0,0,0 8/3/2018 16:59:37
0,0,0,0,1,0 8/3/2018 16:59:37
0,0,47,0,0,0 8/3/2018 16:59:37
0,0,73,0,0,0 8/3/2018 16:59:37
0,0,89,0,0,0 8/3/2018 16:59:37
0,0,121,0,0,0 8/3/2018 16:59:37
0,0,132,0,0,0 8/3/2018 16:59:37
0,0,130,0,0,0 8/3/2018 16:59:37
0,0,131,0,0,0 8/3/2018 16:59:37
0,0,145,0,0,0 8/3/2018 16:59:37
0,0,143,0,0,0 8/3/2018 16:59:37
0,0,144,0,0,0 8/3/2018 16:59:37
0,0,146,0,0,0 8/3/2018 16:59:37
0,0,149,1,0,0 8/3/2018 16:59:37
0,0,129,0,0,0 8/3/2018 16:59:37
0,0,121,0,0,0 8/3/2018 16:59:37
0,0,83,0,0,0 8/3/2018 16:59:37
0,0,70,0,0,0 8/3/2018 16:59:37
0,0,21,0,0,0 8/3/2018 16:59:38
0,0,43,0,0,0 8/3/2018 16:59:38
0,0,49,0,0,0 8/3/2018 16:59:38
0,0,57,0,0,0 8/3/2018 16:59:38
0,0,69,0,0,0 8/3/2018 16:59:38
0,0,69,0,0,0 8/3/2018 16:59:38
0,0,71,0,0,0 8/3/2018 16:59:38
0,0,80,0,0,0 8/3/2018 16:59:38
0,0,74,0,0,0 8/3/2018 16:59:38
0,0,82,0,0,0 8/3/2018 16:59:38
0,0,89,0,0,0 8/3/2018 16:59:38
0,0,83,0,0,0 8/3/2018 16:59:38
0,0,86,0,0,0 8/3/2018 16:59:38
0,0,86,0,0,0 8/3/2018 16:59:38
0,0,87,0,0,0 8/3/2018 16:59:38
0,0,83,0,0,0 8/3/2018 16:59:38
0,0,58,0,0,0 8/3/2018 16:59:38
0,0,45,0,0,0 8/3/2018 16:59:38
0,0,35,0,0,0 8/3/2018 16:59:38
0,0,14,0,0,0 8/3/2018 16:59:38
0,0,0,0,0,0 8/3/2018 16:59:38
0,2,0,0,0,0 8/3/2018 16:59:38
0,0,0,0,0,0 8/3/2018 16:59:39
0,0,0,0,0,0 8/3/2018 16:59:39
0,0,0,0,0,0 8/3/2018 16:59:39
0,0,0,0,0,0 8/3/2018 16:59:39
0,0,0,0,0,0 8/3/2018 16:59:39
0,0,0,0,0,0 8/3/2018 16:59:39
0,0,0,22,0,0 8/3/2018 16:59:39
0,0,4,82,0,0 8/3/2018 16:59:39
0,0,5,95,0,0 8/3/2018 16:59:39
0,0,7,57,0,0 8/3/2018 16:59:39
0,0,7,49,0,0 8/3/2018 16:59:39
0,0,0,0,0,0 8/3/2018 16:59:39
0,0,0,0,0,0 8/3/2018 16:59:39
0,0,0,0,0,0 8/3/2018 16:59:39
0,0,0,0,0,0 8/3/2018 16:59:39
0,0,28,0,0,0 8/3/2018 16:59:39
0,0,79,0,0,0 8/3/2018 16:59:39
0,0,99,0,0,0 8/3/2018 16:59:39
0,0,145,0,0,0 8/3/2018 16:59:39
0,0,161,0,0,0 8/3/2018 16:59:39
0,0,181,0,0,0 8/3/2018 16:59:39
0,0,166,0,0,0 8/3/2018 16:59:39
0,0,169,0,0,0 8/3/2018 16:59:39
0,0,167,0,0,0 8/3/2018 16:59:40
0,0,143,0,0,0 8/3/2018 16:59:40
0,0,104,0,0,0 8/3/2018 16:59:40
0,0,32,0,0,0 8/3/2018 16:59:40
0,0,0,0,0,0 8/3/2018 16:59:40
0,0,0,0,0,0 8/3/2018 16:59:40
0,0,0,0,0,0 8/3/2018 16:59:40
0,0,0,0,0,0 8/3/2018 16:59:40
0,0,0,0,0,0 8/3/2018 16:59:40
0,0,0,0,0,0 8/3/2018 16:59:40
0,0,0,0,0,0 8/3/2018 16:59:40
0,0,0,1,0,0 8/3/2018 16:59:40
0,0,0,0,0,0 8/3/2018 16:59:40
0,0,0,0,0,0 8/3/2018 16:59:40
0,0,0,241,0,0 8/3/2018 16:59:40
0,0,0,289,0,0 8/3/2018 16:59:40
0,0,0,330,0,0 8/3/2018 16:59:40
0,0,18,339,0,0 8/3/2018 16:59:40
0,0,20,389,0,0 8/3/2018 16:59:40
0,0,21,376,0,0 8/3/2018 16:59:40
0,0,13,376,0,0 8/3/2018 16:59:40
0,0,3,338,0,0 8/3/2018 16:59:40
0,0,0,241,0,0 8/3/2018 16:59:40
0,0,0,78,0,0 8/3/2018 16:59:41
0,0,0,0,0,0 8/3/2018 16:59:41
0,0,0,0,0,0 8/3/2018 16:59:41
0,0,0,0,0,0 8/3/2018 16:59:41
0,0,79,0,0,0 8/3/2018 16:59:41
0,0,361,0,0,0 8/3/2018 16:59:41
0,0,489,0,0,0 8/3/2018 16:59:41
0,0,513,0,0,0 8/3/2018 16:59:41
0,0,529,0,0,0 8/3/2018 16:59:41
0,0,542,0,0,0 8/3/2018 16:59:41
0,0,552,0,0,0 8/3/2018 16:59:41
0,0,553,0,0,0 8/3/2018 16:59:41
0,0,560,0,0,0 8/3/2018 16:59:41
0,0,572,0,0,0 8/3/2018 16:59:41
0,0,574,0,0,0 8/3/2018 16:59:41
0,0,577,0,0,0 8/3/2018 16:59:41
0,0,570,0,0,0 8/3/2018 16:59:41
0,0,572,0,0,0 8/3/2018 16:59:41
0,0,548,0,0,0 8/3/2018 16:59:41
0,0,518,0,0,0 8/3/2018 16:59:41
0,0,482,0,0,0 8/3/2018 16:59:41
0,0,436,0,0,0 8/3/2018 16:59:41
0,0,341,0,0,0 8/3/2018 16:59:41
0,0,257,0,0,0 8/3/2018 16:59:42
0,0,237,0,0,0 8/3/2018 16:59:42
0,0,192,0,0,0 8/3/2018 16:59:42
0,0,168,0,0,0 8/3/2018 16:59:42
0,0,145,0,0,0 8/3/2018 16:59:42
0,0,0,0,0,0 8/3/2018 16:59:42
0,0,0,0,0,0 8/3/2018 16:59:42
0,0,0,0,0,0 8/3/2018 16:59:42
0,0,0,0,0,0 8/3/2018 16:59:42
0,0,0,0,0,0 8/3/2018 16:59:42
0,0,0,0,0,0 8/3/2018 16:59:42
0,0,0,0,0,0 8/3/2018 16:59:42
0,0,0,0,0,0 8/3/2018 16:59:42
0,0,0,0,0,0 8/3/2018 16:59:42
0,0,0,0,0,0 8/3/2018 16:59:42
0,0,0,0,0,0 8/3/2018 16:59:42
0,0,0,0,0,0 8/3/2018 16:59:42
0,0,8,0,0,0 8/3/2018 16:59:42
0,0,0,0,0,0 8/3/2018 16:59:42
0,0,2,0,0,0 8/3/2018 16:59:42
0,0,6,0,0,0 8/3/2018 16:59:42
0,0,3,0,0,0 8/3/2018 16:59:42
0,0,0,0,0,0 8/3/2018 16:59:43
0,0,0,0,0,0 8/3/2018 16:59:43
0,0,0,0,0,0 8/3/2018 16:59:43
0,0,0,0,0,0 8/3/2018 16:59:43
0,0,0,0,0,0 8/3/2018 16:59:43
0,0,0,0,0,0 8/3/2018 16:59:43
0,0,0,0,0,0 8/3/2018 16:59:43
0,0,0,0,0,0 8/3/2018 16:59:43
0,0,0,0,0,0 8/3/2018 16:59:43
0,0,0,0,0,0 8/3/2018 16:59:43
0,0,24,0,0,0 8/3/2018 16:59:43
0,0,23,0,0,0 8/3/2018 16:59:43
0,0,20,0,0,0 8/3/2018 16:59:43
0,0,19,0,0,0 8/3/2018 16:59:43
0,0,10,0,0,0 8/3/2018 16:59:43
0,0,0,0,0,0 8/3/2018 16:59:43
0,0,0,0,0,0 8/3/2018 16:59:43
0,0,0,0,0,0 8/3/2018 16:59:43
0,0,0,0,0,0 8/3/2018 16:59:43
0,0,0,0,0,0 8/3/2018 16:59:43
0,0,0,0,0,0 8/3/2018 16:59:43
0,0,0,0,0,0 8/3/2018 16:59:43
0,0,0,0,0,0 8/3/2018 16:59:43
0,0,0,0,0,0 8/3/2018 16:59:44
0,0,0,0,0,0 8/3/2018 16:59:44
0,0,0,0,0,0 8/3/2018 16:59:44
0,0,0,0,0,0 8/3/2018 16:59:44
0,0,0,0,0,0 8/3/2018 16:59:44
0,0,0,0,0,0 8/3/2018 16:59:44
0,0,0,0,0,0 8/3/2018 16:59:44
0,0,0,0,0,0 8/3/2018 16:59:44
0,0,0,0,0,0 8/3/2018 16:59:44
0,0,0,0,0,0 8/3/2018 16:59:44
0,0,0,0,0,0 8/3/2018 16:59:44
0,0,0,0,0,0 8/3/2018 16:59:44
0,0,0,0,0,0 8/3/2018 16:59:44
0,0,0,0,0,0 8/3/2018 16:59:44
0,0,0,0,0,0 8/3/2018 16:59:44
0,0,0,0,0,0 8/3/2018 16:59:44
0,0,0,0,0,0 8/3/2018 16:59:44
0,0,211,0,0,0 8/3/2018 16:59:44
0,0,0,0,0,0 8/3/2018 16:59:44
0,0,0,0,0,0 8/3/2018 16:59:44
0,0,0,0,0,0 8/3/2018 16:59:44
0,0,0,0,0,0 8/3/2018 16:59:44
0,0,0,0,0,0 8/3/2018 16:59:44
0,0,0,0,0,0 8/3/2018 16:59:45
0,0,0,0,0,0 8/3/2018 16:59:45
0,0,0,0,0,0 8/3/2018 16:59:45
0,0,0,0,0,0 8/3/2018 16:59:45
0,0,0,0,0,0 8/3/2018 16:59:45
0,0,0,0,0,0 8/3/2018 16:59:45
0,0,0,0,0,0 8/3/2018 16:59:45
0,0,1,0,0,0 8/3/2018 16:59:45
0,0,0,0,0,0 8/3/2018 16:59:45
0,0,0,0,0,0 8/3/2018 16:59:45
0,0,0,0,0,0 8/3/2018 16:59:45
0,0,0,0,0,0 8/3/2018 16:59:45
0,0,0,0,0,0 8/3/2018 16:59:45
0,0,0,0,0,0 8/3/2018 16:59:45
0,0,0,0,0,0 8/3/2018 16:59:45
0,0,0,0,0,0 8/3/2018 16:59:45
0,0,0,0,0,0 8/3/2018 16:59:45
0,0,0,0,0,0 8/3/2018 16:59:45
0,0,0,0,0,0 8/3/2018 16:59:45
0,0,0,0,0,0 8/3/2018 16:59:45
0,0,0,1,0,0 8/3/2018 16:59:45
0,0,0,0,0,0 8/3/2018 16:59:45
0,0,0,0,0,0 8/3/2018 16:59:46
0,0,0,0,0,0 8/3/2018 16:59:46
0,0,0,0,0,0 8/3/2018 16:59:46
0,0,8,0,0,0 8/3/2018 16:59:46
0,0,12,0,0,0 8/3/2018 16:59:46
0,0,18,0,0,0 8/3/2018 16:59:46
0,0,32,0,3,0 8/3/2018 16:59:46
0,0,30,0,0,0 8/3/2018 16:59:46
0,0,33,0,0,0 8/3/2018 16:59:46
0,0,30,0,0,0 8/3/2018 16:59:46
0,0,25,0,0,0 8/3/2018 16:59:46
0,0,9,0,0,0 8/3/2018 16:59:46
0,0,0,0,0,0 8/3/2018 16:59:46
0,0,0,0,0,0 8/3/2018 16:59:46
0,0,0,0,0,0 8/3/2018 16:59:46
0,0,0,0,0,0 8/3/2018 16:59:46
0,0,0,0,0,0 8/3/2018 16:59:46
0,0,0,0,0,0 8/3/2018 16:59:46
0,0,0,0,0,0 8/3/2018 16:59:46
0,0,0,0,0,0 8/3/2018 16:59:46
0,0,0,0,0,0 8/3/2018 16:59:46
0,0,0,0,0,0 8/3/2018 16:59:46
0,0,0,0,0,0 8/3/2018 16:59:46
0,0,0,0,0,0 8/3/2018 16:59:47
0,0,0,0,0,0 8/3/2018 16:59:47
0,0,0,0,0,0 8/3/2018 16:59:47
0,0,0,0,0,0 8/3/2018 16:59:47
0,0,0,0,0,0 8/3/2018 16:59:47
0,0,3,0,0,0 8/3/2018 16:59:47
0,0,4,0,0,0 8/3/2018 16:59:47
0,0,4,0,0,0 8/3/2018 16:59:47
0,0,27,0,0,0 8/3/2018 16:59:47
0,0,61,0,0,0 8/3/2018 16:59:47
0,0,66,0,0,0 8/3/2018 16:59:47
0,0,68,0,0,0 8/3/2018 16:59:47
0,0,69,0,0,0 8/3/2018 16:59:47
0,0,70,0,0,0 8/3/2018 16:59:47
0,0,66,0,0,0 8/3/2018 16:59:47
0,0,64,0,0,0 8/3/2018 16:59:47
0,0,53,0,0,0 8/3/2018 16:59:47
0,0,0,0,0,0 8/3/2018 16:59:47
0,0,11,0,0,0 8/3/2018 16:59:47
0,0,1,0,0,0 8/3/2018 16:59:47
0,0,0,0,0,0 8/3/2018 16:59:47
0,0,0,0,0,0 8/3/2018 16:59:47
0,0,0,0,0,0 8/3/2018 16:59:47
0,0,3,0,0,0 8/3/2018 16:59:48
0,0,5,0,0,0 8/3/2018 16:59:48
0,0,0,0,0,0 8/3/2018 16:59:48
0,0,0,0,0,0 8/3/2018 16:59:48
0,0,22,0,0,0 8/3/2018 16:59:48
0,0,27,0,0,0 8/3/2018 16:59:48
0,0,33,0,0,0 8/3/2018 16:59:48
0,0,36,0,0,0 8/3/2018 16:59:48
0,0,26,0,0,0 8/3/2018 16:59:48
0,0,8,0,0,0 8/3/2018 16:59:48
0,0,0,0,0,0 8/3/2018 16:59:48
0,0,0,0,0,0 8/3/2018 16:59:48
0,0,0,0,0,0 8/3/2018 16:59:48
0,0,0,0,0,0 8/3/2018 16:59:48
0,0,0,0,0,0 8/3/2018 16:59:48
0,0,1,0,0,0 8/3/2018 16:59:48
0,0,10,0,0,0 8/3/2018 16:59:48
0,0,11,0,0,0 8/3/2018 16:59:48
0,0,13,0,0,0 8/3/2018 16:59:48
0,0,21,0,0,0 8/3/2018 16:59:48
0,0,39,0,0,0 8/3/2018 16:59:48
0,0,45,0,0,0 8/3/2018 16:59:48
0,0,47,0,0,0 8/3/2018 16:59:48
0,0,56,0,0,0 8/3/2018 16:59:49
0,0,39,0,0,0 8/3/2018 16:59:49
0,0,31,0,0,0 8/3/2018 16:59:49
0,0,36,0,0,0 8/3/2018 16:59:49
0,0,55,117,0,0 8/3/2018 16:59:49
0,0,40,160,0,0 8/3/2018 16:59:49
0,0,31,96,0,0 8/3/2018 16:59:49
0,0,37,108,0,0 8/3/2018 16:59:49
0,0,44,47,0,0 8/3/2018 16:59:49
0,0,44,24,0,0 8/3/2018 16:59:49
0,0,42,0,0,0 8/3/2018 16:59:49
0,0,37,0,0,0 8/3/2018 16:59:49
0,0,60,0,0,0 8/3/2018 16:59:49
0,0,61,0,0,0 8/3/2018 16:59:49
0,0,42,0,0,0 8/3/2018 16:59:49
0,0,41,3,0,0 8/3/2018 16:59:49
0,0,38,0,0,0 8/3/2018 16:59:49
0,0,32,0,0,0 8/3/2018 16:59:49
0,0,27,0,0,0 8/3/2018 16:59:49
0,0,20,0,0,0 8/3/2018 16:59:49
0,0,23,0,0,0 8/3/2018 16:59:49
0,0,26,0,0,0 8/3/2018 16:59:49
0,0,0,0,0,0 8/3/2018 16:59:50
0,0,9,0,0,0 8/3/2018 16:59:50
0,0,24,0,0,0 8/3/2018 16:59:50
0,0,15,0,0,0 8/3/2018 16:59:50
0,0,15,0,0,0 8/3/2018 16:59:50
0,0,13,0,0,0 8/3/2018 16:59:50
0,0,15,0,0,0 8/3/2018 16:59:50
0,0,19,0,0,0 8/3/2018 16:59:50
0,0,19,0,0,0 8/3/2018 16:59:50
0,0,18,0,0,0 8/3/2018 16:59:50
0,0,17,0,0,0 8/3/2018 16:59:50
0,0,18,0,0,0 8/3/2018 16:59:50
0,0,20,0,0,0 8/3/2018 16:59:50
0,0,22,0,0,0 8/3/2018 16:59:50
0,0,19,0,0,0 8/3/2018 16:59:50
0,0,22,0,0,0 8/3/2018 16:59:50
0,0,23,0,0,0 8/3/2018 16:59:50
0,0,20,0,0,0 8/3/2018 16:59:50
0,0,18,0,0,0 8/3/2018 16:59:50
0,0,15,0,0,0 8/3/2018 16:59:50
0,0,16,0,0,0 8/3/2018 16:59:50
