0,0,0,0,0,0 8/3/2018 17:0:54
0,0,0,0,0,0 8/3/2018 17:0:54
0,0,0,0,0,0 8/3/2018 17:0:54
0,0,0,0,0,0 8/3/2018 17:0:54
0,0,0,0,0,0 8/3/2018 17:0:54
0,0,0,0,0,0 8/3/2018 17:0:54
0,0,0,0,0,0 8/3/2018 17:0:54
0,0,0,0,0,0 8/3/2018 17:0:54
0,0,0,0,0,0 8/3/2018 17:0:54
0,0,0,0,0,0 8/3/2018 17:0:54
0,0,0,0,0,0 8/3/2018 17:0:55
0,0,0,0,0,0 8/3/2018 17:0:55
0,0,0,0,0,0 8/3/2018 17:0:55
0,0,0,0,0,0 8/3/2018 17:0:55
0,0,0,0,0,0 8/3/2018 17:0:55
0,0,0,0,0,0 8/3/2018 17:0:55
0,0,0,0,0,0 8/3/2018 17:0:55
0,0,0,0,0,0 8/3/2018 17:0:55
0,0,0,0,0,0 8/3/2018 17:0:55
0,0,0,0,0,0 8/3/2018 17:0:55
0,0,0,0,0,0 8/3/2018 17:0:55
0,0,0,0,0,0 8/3/2018 17:0:55
0,0,0,0,0,0 8/3/2018 17:0:55
0,0,0,0,0,0 8/3/2018 17:0:55
0,0,28,0,0,0 8/3/2018 17:0:55
0,0,0,0,0,0 8/3/2018 17:0:55
0,0,0,0,0,0 8/3/2018 17:0:55
0,0,0,0,0,0 8/3/2018 17:0:55
0,0,0,0,0,0 8/3/2018 17:0:55
0,0,0,0,0,0 8/3/2018 17:0:55
0,0,0,0,0,0 8/3/2018 17:0:55
0,0,0,0,0,0 8/3/2018 17:0:55
0,0,0,0,0,0 8/3/2018 17:0:55
0,0,0,0,0,0 8/3/2018 17:0:56
0,0,0,0,0,0 8/3/2018 17:0:56
0,0,0,0,0,0 8/3/2018 17:0:56
0,0,0,0,0,0 8/3/2018 17:0:56
0,0,0,0,0,0 8/3/2018 17:0:56
0,0,0,0,0,0 8/3/2018 17:0:56
0,0,15,0,0,0 8/3/2018 17:0:56
0,0,27,0,0,0 8/3/2018 17:0:56
0,0,24,0,0,0 8/3/2018 17:0:56
0,0,28,0,0,0 8/3/2018 17:0:56
0,0,20,0,0,0 8/3/2018 17:0:56
0,0,20,0,0,0 8/3/2018 17:0:56
0,0,24,0,0,0 8/3/2018 17:0:56
0,0,21,0,0,0 8/3/2018 17:0:56
0,0,15,0,0,0 8/3/2018 17:0:56
0,0,20,0,0,0 8/3/2018 17:0:56
0,0,25,0,0,0 8/3/2018 17:0:56
0,0,24,0,0,0 8/3/2018 17:0:56
0,0,20,0,0,0 8/3/2018 17:0:56
0,0,19,0,0,0 8/3/2018 17:0:56
0,0,23,0,0,0 8/3/2018 17:0:56
0,0,21,0,0,0 8/3/2018 17:0:56
0,0,19,0,0,0 8/3/2018 17:0:56
0,0,15,0,0,0 8/3/2018 17:0:57
0,0,13,0,0,0 8/3/2018 17:0:57
0,0,6,0,0,0 8/3/2018 17:0:57
0,0,7,0,0,0 8/3/2018 17:0:57
0,0,5,0,0,0 8/3/2018 17:0:57
0,0,4,0,0,0 8/3/2018 17:0:57
0,0,15,0,0,0 8/3/2018 17:0:57
0,0,16,0,0,0 8/3/2018 17:0:57
0,0,19,0,0,0 8/3/2018 17:0:57
0,0,17,0,0,0 8/3/2018 17:0:57
0,0,24,0,0,0 8/3/2018 17:0:57
0,0,23,0,0,0 8/3/2018 17:0:57
0,0,20,0,0,0 8/3/2018 17:0:57
0,0,18,0,0,0 8/3/2018 17:0:57
0,0,7,0,0,0 8/3/2018 17:0:57
0,0,6,0,0,0 8/3/2018 17:0:57
0,0,1,0,0,0 8/3/2018 17:0:57
0,0,11,0,0,0 8/3/2018 17:0:57
0,0,14,1,0,0 8/3/2018 17:0:57
0,0,26,1,0,0 8/3/2018 17:0:57
0,0,29,14,0,0 8/3/2018 17:0:57
0,0,23,22,0,0 8/3/2018 17:0:57
0,0,25,14,0,0 8/3/2018 17:0:58
0,0,29,66,0,0 8/3/2018 17:0:58
0,0,28,76,0,0 8/3/2018 17:0:58
0,0,24,87,0,0 8/3/2018 17:0:58
0,0,23,92,0,0 8/3/2018 17:0:58
0,0,24,102,0,0 8/3/2018 17:0:58
0,0,32,104,0,0 8/3/2018 17:0:58
0,0,36,98,0,0 8/3/2018 17:0:58
0,0,24,60,0,0 8/3/2018 17:0:58
0,0,20,0,0,0 8/3/2018 17:0:58
0,0,19,0,0,0 8/3/2018 17:0:58
0,0,22,0,0,0 8/3/2018 17:0:58
0,0,27,0,0,0 8/3/2018 17:0:58
0,0,25,0,0,0 8/3/2018 17:0:58
0,0,19,0,0,0 8/3/2018 17:0:58
0,0,9,0,0,0 8/3/2018 17:0:58
0,0,8,0,0,0 8/3/2018 17:0:58
0,0,10,0,0,0 8/3/2018 17:0:58
0,0,7,0,0,0 8/3/2018 17:0:58
0,0,5,0,0,0 8/3/2018 17:0:58
0,0,0,0,0,0 8/3/2018 17:0:58
0,0,0,0,0,0 8/3/2018 17:0:58
0,0,0,0,0,0 8/3/2018 17:0:58
0,0,9,0,0,0 8/3/2018 17:0:59
0,0,16,0,0,0 8/3/2018 17:0:59
0,0,20,0,0,0 8/3/2018 17:0:59
0,0,18,0,0,0 8/3/2018 17:0:59
0,0,17,0,0,0 8/3/2018 17:0:59
0,0,9,0,0,0 8/3/2018 17:0:59
0,0,11,0,0,0 8/3/2018 17:0:59
0,0,5,0,0,0 8/3/2018 17:0:59
0,0,8,0,0,0 8/3/2018 17:0:59
0,0,8,0,0,0 8/3/2018 17:0:59
0,0,6,0,0,0 8/3/2018 17:0:59
0,0,6,0,0,0 8/3/2018 17:0:59
0,0,8,0,0,0 8/3/2018 17:0:59
0,0,8,0,0,0 8/3/2018 17:0:59
0,0,16,2,0,0 8/3/2018 17:0:59
0,0,11,0,0,0 8/3/2018 17:0:59
0,0,12,0,0,0 8/3/2018 17:0:59
0,0,11,0,0,0 8/3/2018 17:0:59
0,0,8,0,0,0 8/3/2018 17:0:59
0,0,8,0,1,0 8/3/2018 17:0:59
0,0,9,0,0,0 8/3/2018 17:0:59
0,0,11,0,0,0 8/3/2018 17:0:59
0,0,5,0,0,0 8/3/2018 17:0:59
0,0,9,0,0,0 8/3/2018 17:1:0
0,0,0,0,0,0 8/3/2018 17:1:0
0,0,0,0,0,0 8/3/2018 17:1:0
0,0,8,0,0,0 8/3/2018 17:1:0
0,0,5,0,0,0 8/3/2018 17:1:0
0,0,1,0,0,0 8/3/2018 17:1:0
0,0,0,0,0,0 8/3/2018 17:1:0
0,0,0,0,0,0 8/3/2018 17:1:0
0,0,0,0,0,0 8/3/2018 17:1:0
0,0,0,0,0,0 8/3/2018 17:1:0
0,0,0,0,0,0 8/3/2018 17:1:0
0,0,0,0,0,0 8/3/2018 17:1:0
0,0,0,0,0,0 8/3/2018 17:1:0
0,0,0,0,0,0 8/3/2018 17:1:0
0,0,0,0,0,0 8/3/2018 17:1:0
0,0,4,0,0,0 8/3/2018 17:1:0
0,0,18,0,0,0 8/3/2018 17:1:0
0,0,20,0,0,0 8/3/2018 17:1:0
0,0,22,0,0,0 8/3/2018 17:1:0
0,0,7,0,0,0 8/3/2018 17:1:0
0,0,7,0,0,0 8/3/2018 17:1:0
0,0,7,0,0,0 8/3/2018 17:1:0
0,0,9,0,0,0 8/3/2018 17:1:0
0,0,22,0,0,0 8/3/2018 17:1:1
0,0,3,0,0,0 8/3/2018 17:1:1
0,0,28,0,0,0 8/3/2018 17:1:1
0,0,31,0,0,0 8/3/2018 17:1:1
0,0,28,63,0,0 8/3/2018 17:1:1
0,0,9,71,0,0 8/3/2018 17:1:1
0,0,0,0,0,0 8/3/2018 17:1:1
0,0,4,0,0,0 8/3/2018 17:1:1
0,0,1,0,0,0 8/3/2018 17:1:1
0,0,0,0,0,0 8/3/2018 17:1:1
0,0,0,0,0,0 8/3/2018 17:1:1
0,0,0,0,0,0 8/3/2018 17:1:1
0,0,0,0,0,0 8/3/2018 17:1:1
0,0,0,0,0,0 8/3/2018 17:1:1
0,0,0,0,0,0 8/3/2018 17:1:1
0,0,0,0,0,0 8/3/2018 17:1:1
0,0,0,0,0,0 8/3/2018 17:1:1
0,0,0,0,0,0 8/3/2018 17:1:1
0,0,0,0,0,0 8/3/2018 17:1:1
0,0,0,0,0,0 8/3/2018 17:1:1
0,0,0,0,0,0 8/3/2018 17:1:1
0,0,0,0,0,0 8/3/2018 17:1:1
0,0,0,0,0,0 8/3/2018 17:1:1
0,0,0,0,0,0 8/3/2018 17:1:2
0,0,0,0,0,0 8/3/2018 17:1:2
0,0,0,0,0,0 8/3/2018 17:1:2
0,0,0,0,0,0 8/3/2018 17:1:2
0,0,0,0,0,0 8/3/2018 17:1:2
0,0,0,0,0,0 8/3/2018 17:1:2
0,0,0,0,0,0 8/3/2018 17:1:2
0,0,0,0,0,0 8/3/2018 17:1:2
0,0,0,0,0,0 8/3/2018 17:1:2
0,0,0,0,0,0 8/3/2018 17:1:2
0,0,0,0,0,0 8/3/2018 17:1:2
0,0,0,0,0,0 8/3/2018 17:1:2
0,0,0,0,0,0 8/3/2018 17:1:2
0,0,0,0,0,0 8/3/2018 17:1:2
0,0,0,0,0,0 8/3/2018 17:1:2
0,0,0,0,0,0 8/3/2018 17:1:2
0,0,0,0,0,0 8/3/2018 17:1:2
0,0,0,0,0,0 8/3/2018 17:1:2
0,0,0,0,0,0 8/3/2018 17:1:2
0,0,0,0,0,0 8/3/2018 17:1:2
0,0,0,0,0,0 8/3/2018 17:1:2
0,0,0,0,0,0 8/3/2018 17:1:2
0,0,0,0,0,0 8/3/2018 17:1:2
0,0,0,0,0,0 8/3/2018 17:1:3
0,0,1,0,0,0 8/3/2018 17:1:3
0,0,9,0,0,0 8/3/2018 17:1:3
0,0,0,0,0,0 8/3/2018 17:1:3
0,0,0,0,0,0 8/3/2018 17:1:3
0,0,0,0,0,0 8/3/2018 17:1:3
0,0,16,0,0,0 8/3/2018 17:1:3
0,0,0,0,0,0 8/3/2018 17:1:3
0,2,0,0,0,0 8/3/2018 17:1:3
0,0,0,0,0,0 8/3/2018 17:1:3
0,0,0,0,0,0 8/3/2018 17:1:3
0,0,0,0,0,0 8/3/2018 17:1:3
0,0,0,0,0,0 8/3/2018 17:1:3
0,0,0,0,0,0 8/3/2018 17:1:3
0,0,0,0,0,0 8/3/2018 17:1:3
0,0,0,0,0,0 8/3/2018 17:1:3
0,0,0,0,0,0 8/3/2018 17:1:3
0,0,0,0,0,0 8/3/2018 17:1:3
0,0,5,0,0,0 8/3/2018 17:1:3
0,0,18,0,0,0 8/3/2018 17:1:3
0,0,30,0,0,0 8/3/2018 17:1:3
0,0,34,0,0,0 8/3/2018 17:1:3
0,0,31,0,0,0 8/3/2018 17:1:3
0,0,24,0,0,0 8/3/2018 17:1:4
0,0,30,0,0,0 8/3/2018 17:1:4
0,0,24,0,0,0 8/3/2018 17:1:4
0,0,21,0,0,0 8/3/2018 17:1:4
0,0,20,0,0,0 8/3/2018 17:1:4
0,0,15,0,0,0 8/3/2018 17:1:4
0,0,16,0,0,0 8/3/2018 17:1:4
0,0,21,26,0,0 8/3/2018 17:1:4
0,0,25,63,0,0 8/3/2018 17:1:4
0,0,39,100,0,0 8/3/2018 17:1:4
0,0,26,176,0,0 8/3/2018 17:1:4
0,0,35,195,0,0 8/3/2018 17:1:4
0,0,33,217,0,0 8/3/2018 17:1:4
0,0,18,224,0,0 8/3/2018 17:1:4
0,0,0,250,0,0 8/3/2018 17:1:4
0,0,0,280,0,0 8/3/2018 17:1:4
0,0,0,321,0,0 8/3/2018 17:1:4
0,0,0,295,0,0 8/3/2018 17:1:4
0,0,0,300,0,0 8/3/2018 17:1:4
0,0,0,304,0,0 8/3/2018 17:1:4
0,0,0,321,0,0 8/3/2018 17:1:4
0,0,0,316,0,0 8/3/2018 17:1:4
0,0,0,321,0,0 8/3/2018 17:1:4
0,0,0,343,0,0 8/3/2018 17:1:5
0,0,0,365,0,0 8/3/2018 17:1:5
0,0,0,366,0,0 8/3/2018 17:1:5
0,0,0,371,0,0 8/3/2018 17:1:5
0,0,8,402,0,0 8/3/2018 17:1:5
0,0,13,426,0,0 8/3/2018 17:1:5
0,0,26,428,0,0 8/3/2018 17:1:5
0,0,20,455,0,0 8/3/2018 17:1:5
0,0,26,473,0,0 8/3/2018 17:1:5
0,0,43,499,0,0 8/3/2018 17:1:5
0,0,43,528,0,0 8/3/2018 17:1:5
0,0,45,545,0,0 8/3/2018 17:1:5
0,0,62,548,0,0 8/3/2018 17:1:5
0,0,71,557,0,0 8/3/2018 17:1:5
0,0,92,556,0,0 8/3/2018 17:1:5
0,0,102,556,0,0 8/3/2018 17:1:5
0,0,105,536,0,0 8/3/2018 17:1:5
0,0,103,516,0,0 8/3/2018 17:1:5
0,0,119,502,0,0 8/3/2018 17:1:5
0,0,122,502,0,0 8/3/2018 17:1:5
0,0,94,482,0,0 8/3/2018 17:1:5
0,0,98,459,0,0 8/3/2018 17:1:5
0,0,88,424,0,0 8/3/2018 17:1:6
0,0,54,395,0,0 8/3/2018 17:1:6
0,0,63,328,0,0 8/3/2018 17:1:6
0,0,57,289,0,0 8/3/2018 17:1:6
0,0,52,244,0,0 8/3/2018 17:1:6
0,0,37,32,0,0 8/3/2018 17:1:6
0,0,27,0,0,0 8/3/2018 17:1:6
0,0,0,0,0,0 8/3/2018 17:1:6
0,0,0,0,0,0 8/3/2018 17:1:6
0,0,0,0,0,0 8/3/2018 17:1:6
0,0,0,0,0,0 8/3/2018 17:1:6
0,0,0,0,0,0 8/3/2018 17:1:6
0,0,0,0,0,0 8/3/2018 17:1:6
0,0,0,0,0,0 8/3/2018 17:1:6
0,0,0,0,0,0 8/3/2018 17:1:6
0,0,0,0,0,0 8/3/2018 17:1:6
0,0,0,0,0,0 8/3/2018 17:1:6
0,0,0,0,0,0 8/3/2018 17:1:6
0,0,0,0,0,0 8/3/2018 17:1:6
0,0,0,0,0,0 8/3/2018 17:1:6
0,0,0,0,0,0 8/3/2018 17:1:6
0,0,0,0,0,0 8/3/2018 17:1:6
0,0,0,0,0,0 8/3/2018 17:1:6
0,0,0,0,0,0 8/3/2018 17:1:7
0,0,7,0,0,0 8/3/2018 17:1:7
0,0,6,0,0,0 8/3/2018 17:1:7
0,0,11,0,0,0 8/3/2018 17:1:7
0,0,3,0,0,0 8/3/2018 17:1:7
0,0,0,0,0,0 8/3/2018 17:1:7
0,0,0,0,0,0 8/3/2018 17:1:7
0,0,0,0,0,0 8/3/2018 17:1:7
0,0,0,0,0,0 8/3/2018 17:1:7
0,0,0,0,0,0 8/3/2018 17:1:7
0,0,0,0,0,0 8/3/2018 17:1:7
0,0,0,0,0,0 8/3/2018 17:1:7
0,0,0,0,0,0 8/3/2018 17:1:7
0,0,0,0,0,0 8/3/2018 17:1:7
0,0,0,0,0,0 8/3/2018 17:1:7
0,0,0,0,0,0 8/3/2018 17:1:7
0,0,1,0,0,0 8/3/2018 17:1:7
0,0,5,0,0,0 8/3/2018 17:1:7
0,0,5,0,0,0 8/3/2018 17:1:7
0,0,3,0,0,0 8/3/2018 17:1:7
0,0,0,0,0,0 8/3/2018 17:1:7
0,0,0,0,0,0 8/3/2018 17:1:7
0,0,1,0,0,0 8/3/2018 17:1:7
0,0,0,0,0,0 8/3/2018 17:1:8
0,0,0,0,0,0 8/3/2018 17:1:8
0,0,0,0,0,0 8/3/2018 17:1:8
0,0,0,0,0,0 8/3/2018 17:1:8
0,0,18,0,0,0 8/3/2018 17:1:8
0,0,23,0,0,0 8/3/2018 17:1:8
0,0,25,0,0,0 8/3/2018 17:1:8
0,0,12,0,0,0 8/3/2018 17:1:8
0,0,13,0,0,0 8/3/2018 17:1:8
0,0,17,0,0,0 8/3/2018 17:1:8
0,0,22,0,0,0 8/3/2018 17:1:8
0,0,20,0,0,0 8/3/2018 17:1:8
0,0,23,0,0,0 8/3/2018 17:1:8
0,0,22,0,0,0 8/3/2018 17:1:8
0,0,25,0,0,0 8/3/2018 17:1:8
0,0,14,0,0,0 8/3/2018 17:1:8
0,0,21,0,0,0 8/3/2018 17:1:8
0,0,18,0,0,0 8/3/2018 17:1:8
0,0,16,0,0,0 8/3/2018 17:1:8
0,0,21,0,0,0 8/3/2018 17:1:8
0,0,0,0,0,0 8/3/2018 17:1:8
0,0,0,0,0,0 8/3/2018 17:1:8
0,0,19,0,0,0 8/3/2018 17:1:8
0,0,27,0,0,0 8/3/2018 17:1:9
0,0,16,0,0,0 8/3/2018 17:1:9
0,0,7,0,0,0 8/3/2018 17:1:9
0,0,0,0,0,0 8/3/2018 17:1:9
0,0,0,0,0,0 8/3/2018 17:1:9
0,0,0,0,0,0 8/3/2018 17:1:9
0,0,0,0,0,0 8/3/2018 17:1:9
