0,0,24,0,0,0 8/3/2018 17:2:44
0,0,25,0,0,0 8/3/2018 17:2:44
0,0,19,0,0,0 8/3/2018 17:2:45
0,0,24,98,0,0 8/3/2018 17:2:45
0,0,23,118,0,0 8/3/2018 17:2:45
0,0,26,117,0,0 8/3/2018 17:2:45
0,0,24,117,0,0 8/3/2018 17:2:45
0,0,20,35,0,0 8/3/2018 17:2:45
0,0,10,0,0,0 8/3/2018 17:2:45
0,0,13,0,0,0 8/3/2018 17:2:45
0,0,17,0,0,0 8/3/2018 17:2:45
0,0,16,0,0,0 8/3/2018 17:2:45
0,0,14,0,0,0 8/3/2018 17:2:45
0,0,17,0,0,0 8/3/2018 17:2:45
0,0,16,0,0,0 8/3/2018 17:2:45
0,0,11,0,0,0 8/3/2018 17:2:45
0,0,0,0,0,0 8/3/2018 17:2:45
0,0,0,0,0,0 8/3/2018 17:2:45
0,0,0,0,0,0 8/3/2018 17:2:45
0,0,2,0,0,0 8/3/2018 17:2:45
0,0,5,0,0,0 8/3/2018 17:2:45
0,0,26,0,0,0 8/3/2018 17:2:45
0,0,25,0,0,0 8/3/2018 17:2:45
0,0,33,0,0,0 8/3/2018 17:2:45
0,0,22,0,0,0 8/3/2018 17:2:45
0,0,17,0,0,0 8/3/2018 17:2:46
0,0,13,0,0,0 8/3/2018 17:2:46
0,0,10,0,0,0 8/3/2018 17:2:46
0,0,0,0,0,0 8/3/2018 17:2:46
0,0,0,0,0,0 8/3/2018 17:2:46
0,0,13,0,0,0 8/3/2018 17:2:46
0,0,0,0,0,0 8/3/2018 17:2:46
0,0,0,0,0,0 8/3/2018 17:2:46
0,0,19,2,0,0 8/3/2018 17:2:46
0,0,12,0,0,0 8/3/2018 17:2:46
0,0,8,0,0,0 8/3/2018 17:2:46
0,0,11,0,0,0 8/3/2018 17:2:46
0,0,12,0,0,0 8/3/2018 17:2:46
0,0,9,0,0,0 8/3/2018 17:2:46
0,0,15,0,0,0 8/3/2018 17:2:46
0,0,13,0,0,0 8/3/2018 17:2:46
0,0,30,0,0,0 8/3/2018 17:2:46
0,0,67,0,0,0 8/3/2018 17:2:46
0,0,67,0,0,0 8/3/2018 17:2:46
0,0,71,0,0,0 8/3/2018 17:2:46
0,0,73,0,0,0 8/3/2018 17:2:46
0,0,93,0,0,0 8/3/2018 17:2:46
0,0,72,0,0,0 8/3/2018 17:2:46
0,0,84,0,0,0 8/3/2018 17:2:47
0,0,92,0,0,0 8/3/2018 17:2:47
0,0,99,0,0,0 8/3/2018 17:2:47
0,0,111,0,0,0 8/3/2018 17:2:47
0,0,122,0,0,0 8/3/2018 17:2:47
0,0,113,0,0,0 8/3/2018 17:2:47
0,0,122,0,0,0 8/3/2018 17:2:47
0,0,100,0,0,0 8/3/2018 17:2:47
0,0,128,0,0,0 8/3/2018 17:2:47
0,0,115,0,0,0 8/3/2018 17:2:47
0,0,127,0,0,0 8/3/2018 17:2:47
0,0,123,0,0,0 8/3/2018 17:2:47
0,0,125,0,0,0 8/3/2018 17:2:47
0,0,141,0,0,0 8/3/2018 17:2:47
0,0,129,0,0,0 8/3/2018 17:2:47
0,0,112,0,0,0 8/3/2018 17:2:47
0,0,77,0,0,0 8/3/2018 17:2:47
0,0,49,0,0,0 8/3/2018 17:2:47
0,0,0,0,0,0 8/3/2018 17:2:47
0,0,0,0,0,0 8/3/2018 17:2:47
0,0,0,0,0,0 8/3/2018 17:2:47
0,0,0,0,0,0 8/3/2018 17:2:47
0,0,0,0,0,0 8/3/2018 17:2:47
0,0,0,0,0,0 8/3/2018 17:2:48
0,0,0,0,0,0 8/3/2018 17:2:48
0,0,0,0,0,0 8/3/2018 17:2:48
0,0,0,0,0,0 8/3/2018 17:2:48
0,0,0,0,0,0 8/3/2018 17:2:48
0,0,0,0,0,0 8/3/2018 17:2:48
0,0,0,0,0,0 8/3/2018 17:2:48
0,0,0,0,0,0 8/3/2018 17:2:48
0,0,0,0,0,0 8/3/2018 17:2:48
0,0,5,0,0,0 8/3/2018 17:2:48
0,0,16,0,0,0 8/3/2018 17:2:48
0,0,18,0,0,0 8/3/2018 17:2:48
0,0,26,0,0,0 8/3/2018 17:2:48
0,0,29,0,0,0 8/3/2018 17:2:48
0,0,62,0,0,0 8/3/2018 17:2:48
0,0,63,0,0,0 8/3/2018 17:2:48
0,0,66,0,0,0 8/3/2018 17:2:48
0,0,66,0,0,0 8/3/2018 17:2:48
0,0,74,0,0,0 8/3/2018 17:2:48
0,0,73,0,0,0 8/3/2018 17:2:48
0,0,73,0,0,0 8/3/2018 17:2:48
0,0,76,0,0,0 8/3/2018 17:2:48
0,0,74,0,0,0 8/3/2018 17:2:49
0,0,76,0,0,0 8/3/2018 17:2:49
0,0,69,0,0,0 8/3/2018 17:2:49
0,0,73,0,0,0 8/3/2018 17:2:49
0,0,72,0,0,0 8/3/2018 17:2:49
0,0,65,0,0,0 8/3/2018 17:2:49
0,0,76,0,0,0 8/3/2018 17:2:49
0,0,74,0,0,0 8/3/2018 17:2:49
0,0,39,0,0,0 8/3/2018 17:2:49
0,0,40,0,0,0 8/3/2018 17:2:49
0,0,41,0,0,0 8/3/2018 17:2:49
0,0,39,0,0,0 8/3/2018 17:2:49
0,0,40,0,0,0 8/3/2018 17:2:49
0,0,41,0,0,0 8/3/2018 17:2:49
0,0,42,0,0,0 8/3/2018 17:2:49
0,0,37,0,0,0 8/3/2018 17:2:49
0,0,41,0,0,0 8/3/2018 17:2:49
0,0,40,0,0,0 8/3/2018 17:2:49
0,0,35,0,0,0 8/3/2018 17:2:49
0,0,15,0,0,0 8/3/2018 17:2:49
0,0,11,0,0,0 8/3/2018 17:2:49
0,0,2,0,0,0 8/3/2018 17:2:49
0,0,0,0,0,0 8/3/2018 17:2:49
0,0,0,0,0,0 8/3/2018 17:2:50
0,0,0,0,0,0 8/3/2018 17:2:50
0,0,0,0,0,0 8/3/2018 17:2:50
0,0,33,0,0,0 8/3/2018 17:2:50
0,0,62,0,0,0 8/3/2018 17:2:50
0,0,121,0,0,0 8/3/2018 17:2:50
0,0,0,0,0,0 8/3/2018 17:2:50
0,0,0,0,0,0 8/3/2018 17:2:50
0,0,0,0,0,0 8/3/2018 17:2:50
0,0,54,0,0,0 8/3/2018 17:2:50
0,0,82,0,0,0 8/3/2018 17:2:50
0,0,82,0,0,0 8/3/2018 17:2:50
0,0,67,0,0,0 8/3/2018 17:2:50
0,0,62,0,0,0 8/3/2018 17:2:50
0,0,22,0,0,0 8/3/2018 17:2:50
0,0,0,0,0,0 8/3/2018 17:2:50
0,0,0,0,0,0 8/3/2018 17:2:50
0,0,0,0,0,0 8/3/2018 17:2:50
0,0,0,0,0,0 8/3/2018 17:2:50
0,0,0,0,0,0 8/3/2018 17:2:50
0,0,0,0,0,0 8/3/2018 17:2:50
0,0,14,0,0,0 8/3/2018 17:2:50
0,0,40,0,0,0 8/3/2018 17:2:50
0,0,35,0,0,0 8/3/2018 17:2:51
0,0,50,0,0,0 8/3/2018 17:2:51
0,0,63,0,0,0 8/3/2018 17:2:51
0,0,83,0,0,0 8/3/2018 17:2:51
0,0,42,0,0,0 8/3/2018 17:2:51
0,0,0,0,0,0 8/3/2018 17:2:51
0,0,0,0,0,0 8/3/2018 17:2:51
0,0,51,0,0,0 8/3/2018 17:2:51
0,0,17,0,0,0 8/3/2018 17:2:51
0,0,0,0,0,0 8/3/2018 17:2:51
0,0,0,0,0,0 8/3/2018 17:2:51
0,0,40,0,0,0 8/3/2018 17:2:51
0,0,37,0,0,0 8/3/2018 17:2:51
0,0,33,0,0,0 8/3/2018 17:2:51
0,0,0,0,0,0 8/3/2018 17:2:51
0,0,0,0,0,0 8/3/2018 17:2:51
0,0,0,0,0,0 8/3/2018 17:2:51
0,0,28,0,0,0 8/3/2018 17:2:51
0,0,20,0,0,0 8/3/2018 17:2:51
0,0,0,0,0,0 8/3/2018 17:2:51
0,0,5,0,0,0 8/3/2018 17:2:51
0,0,14,0,0,0 8/3/2018 17:2:51
0,0,21,0,0,0 8/3/2018 17:2:51
0,0,33,0,0,0 8/3/2018 17:2:52
0,0,29,0,0,0 8/3/2018 17:2:52
0,0,27,0,0,0 8/3/2018 17:2:52
0,0,37,0,0,0 8/3/2018 17:2:52
0,0,37,0,0,0 8/3/2018 17:2:52
0,0,40,97,0,0 8/3/2018 17:2:52
0,0,39,285,0,0 8/3/2018 17:2:52
0,0,42,413,0,0 8/3/2018 17:2:52
0,0,42,515,0,0 8/3/2018 17:2:52
0,0,39,527,0,0 8/3/2018 17:2:52
0,0,42,559,0,0 8/3/2018 17:2:52
0,0,26,580,0,0 8/3/2018 17:2:52
0,0,12,598,0,0 8/3/2018 17:2:52
0,0,0,593,0,0 8/3/2018 17:2:52
0,0,0,591,0,0 8/3/2018 17:2:52
0,0,0,576,0,0 8/3/2018 17:2:52
0,0,0,533,0,0 8/3/2018 17:2:52
0,0,0,498,0,0 8/3/2018 17:2:52
0,0,0,538,0,0 8/3/2018 17:2:52
0,0,0,496,0,0 8/3/2018 17:2:52
0,0,0,565,0,0 8/3/2018 17:2:52
0,0,0,607,0,0 8/3/2018 17:2:52
0,0,0,584,0,0 8/3/2018 17:2:53
0,0,0,545,0,0 8/3/2018 17:2:53
0,0,0,513,0,0 8/3/2018 17:2:53
0,0,0,425,0,0 8/3/2018 17:2:53
0,0,0,322,0,0 8/3/2018 17:2:53
0,0,0,128,0,0 8/3/2018 17:2:53
0,0,0,0,0,0 8/3/2018 17:2:53
0,0,0,0,0,0 8/3/2018 17:2:53
0,0,0,0,0,0 8/3/2018 17:2:53
0,0,0,0,0,0 8/3/2018 17:2:53
0,0,0,0,0,0 8/3/2018 17:2:53
0,0,0,0,0,0 8/3/2018 17:2:53
0,0,0,0,0,0 8/3/2018 17:2:53
0,0,4,0,0,0 8/3/2018 17:2:53
0,0,15,0,0,0 8/3/2018 17:2:53
0,0,14,0,0,0 8/3/2018 17:2:53
0,0,20,0,0,0 8/3/2018 17:2:53
0,0,17,0,0,0 8/3/2018 17:2:53
0,0,17,1,0,0 8/3/2018 17:2:53
0,0,22,1,0,0 8/3/2018 17:2:53
0,0,23,13,0,0 8/3/2018 17:2:53
0,0,22,24,0,0 8/3/2018 17:2:53
0,0,22,0,0,0 8/3/2018 17:2:53
0,0,21,52,0,0 8/3/2018 17:2:54
0,0,20,73,0,0 8/3/2018 17:2:54
0,0,18,58,0,0 8/3/2018 17:2:54
0,0,11,58,0,0 8/3/2018 17:2:54
0,0,0,64,0,0 8/3/2018 17:2:54
0,0,0,78,0,0 8/3/2018 17:2:54
0,0,4,90,0,0 8/3/2018 17:2:54
0,0,13,109,0,0 8/3/2018 17:2:54
0,0,24,161,0,0 8/3/2018 17:2:54
0,0,27,161,0,0 8/3/2018 17:2:54
0,0,31,175,0,0 8/3/2018 17:2:54
0,0,42,172,0,0 8/3/2018 17:2:54
0,0,58,173,0,0 8/3/2018 17:2:54
0,0,60,156,0,0 8/3/2018 17:2:54
0,0,62,122,0,0 8/3/2018 17:2:54
0,0,67,128,0,0 8/3/2018 17:2:54
0,0,85,110,0,0 8/3/2018 17:2:54
0,0,94,112,0,0 8/3/2018 17:2:54
0,0,93,39,0,0 8/3/2018 17:2:54
0,0,98,0,0,0 8/3/2018 17:2:54
0,0,95,0,0,0 8/3/2018 17:2:54
0,0,104,0,0,0 8/3/2018 17:2:54
0,0,100,0,0,0 8/3/2018 17:2:54
0,0,100,0,0,0 8/3/2018 17:2:55
0,0,96,0,0,0 8/3/2018 17:2:55
0,0,98,0,0,0 8/3/2018 17:2:55
0,0,94,0,0,0 8/3/2018 17:2:55
0,0,96,0,0,0 8/3/2018 17:2:55
0,0,86,0,0,0 8/3/2018 17:2:55
0,0,81,0,0,0 8/3/2018 17:2:55
0,0,73,0,0,0 8/3/2018 17:2:55
0,0,44,0,0,0 8/3/2018 17:2:55
0,0,18,0,0,0 8/3/2018 17:2:55
0,0,0,0,0,0 8/3/2018 17:2:55
0,0,0,0,0,0 8/3/2018 17:2:55
0,0,0,0,0,0 8/3/2018 17:2:55
0,0,0,0,0,0 8/3/2018 17:2:55
0,0,0,0,0,0 8/3/2018 17:2:55
0,0,0,0,0,0 8/3/2018 17:2:55
0,0,0,0,0,0 8/3/2018 17:2:55
0,0,0,0,0,0 8/3/2018 17:2:55
0,0,0,0,0,0 8/3/2018 17:2:55
0,0,0,0,0,0 8/3/2018 17:2:55
0,0,0,0,0,0 8/3/2018 17:2:55
0,0,0,30,0,0 8/3/2018 17:2:55
0,0,0,49,0,0 8/3/2018 17:2:56
0,0,0,54,0,0 8/3/2018 17:2:56
0,0,0,111,0,0 8/3/2018 17:2:56
0,0,0,115,0,0 8/3/2018 17:2:56
0,0,0,152,0,0 8/3/2018 17:2:56
0,0,0,190,0,0 8/3/2018 17:2:56
0,0,0,227,0,0 8/3/2018 17:2:56
0,0,0,234,0,0 8/3/2018 17:2:56
0,0,0,207,0,0 8/3/2018 17:2:56
0,0,0,170,0,0 8/3/2018 17:2:56
0,0,0,55,0,0 8/3/2018 17:2:56
0,0,0,0,0,0 8/3/2018 17:2:56
0,0,0,0,0,0 8/3/2018 17:2:56
0,0,0,0,0,0 8/3/2018 17:2:56
0,0,0,0,0,0 8/3/2018 17:2:56
0,0,0,0,0,0 8/3/2018 17:2:56
0,0,0,0,0,0 8/3/2018 17:2:56
0,0,0,0,0,0 8/3/2018 17:2:56
0,0,0,0,0,0 8/3/2018 17:2:56
0,0,0,0,0,0 8/3/2018 17:2:56
0,0,0,0,0,0 8/3/2018 17:2:56
0,0,11,0,0,0 8/3/2018 17:2:56
0,0,11,0,0,0 8/3/2018 17:2:56
0,0,8,0,0,0 8/3/2018 17:2:57
0,0,14,0,0,0 8/3/2018 17:2:57
0,0,15,0,0,0 8/3/2018 17:2:57
0,0,10,0,0,0 8/3/2018 17:2:57
0,0,10,0,0,0 8/3/2018 17:2:57
0,0,10,0,0,0 8/3/2018 17:2:57
0,0,8,0,0,0 8/3/2018 17:2:57
0,0,10,0,0,0 8/3/2018 17:2:57
0,0,11,0,0,0 8/3/2018 17:2:57
0,0,12,0,0,0 8/3/2018 17:2:57
0,0,11,0,0,0 8/3/2018 17:2:57
