0,180,1,0,0,0 7/27/2018 11:29:5
0,269,2,0,0,0 7/27/2018 11:29:5
0,323,0,0,0,0 7/27/2018 11:29:5
0,364,1,0,0,0 7/27/2018 11:29:5
0,367,0,0,0,0 7/27/2018 11:29:5
0,351,0,0,0,0 7/27/2018 11:29:5
0,236,5,0,0,0 7/27/2018 11:29:5
0,166,4,0,0,0 7/27/2018 11:29:5
0,143,0,0,0,0 7/27/2018 11:29:5
0,115,0,0,0,0 7/27/2018 11:29:5
0,92,0,4,0,0 7/27/2018 11:29:5
0,141,0,25,0,0 7/27/2018 11:29:5
0,207,8,34,0,0 7/27/2018 11:29:5
0,223,0,87,0,0 7/27/2018 11:29:5
0,239,15,168,0,0 7/27/2018 11:29:5
0,251,74,298,0,0 7/27/2018 11:29:5
0,307,87,400,0,0 7/27/2018 11:29:6
0,297,93,496,0,0 7/27/2018 11:29:6
0,271,102,501,0,0 7/27/2018 11:29:6
0,275,85,512,0,0 7/27/2018 11:29:6
0,223,99,544,0,0 7/27/2018 11:29:6
0,152,109,590,0,0 7/27/2018 11:29:6
0,194,109,621,0,0 7/27/2018 11:29:6
0,237,103,589,0,0 7/27/2018 11:29:6
0,172,73,528,0,0 7/27/2018 11:29:6
0,130,56,518,0,0 7/27/2018 11:29:6
0,110,63,506,0,0 7/27/2018 11:29:6
0,104,70,528,0,0 7/27/2018 11:29:6
0,56,51,530,0,0 7/27/2018 11:29:6
0,116,99,533,0,0 7/27/2018 11:29:6
0,173,115,559,0,0 7/27/2018 11:29:6
0,242,167,568,0,0 7/27/2018 11:29:6
0,380,171,546,1,0 7/27/2018 11:29:6
0,446,153,532,0,0 7/27/2018 11:29:6
0,427,152,513,0,0 7/27/2018 11:29:6
0,465,155,512,0,0 7/27/2018 11:29:6
0,462,166,527,0,0 7/27/2018 11:29:6
0,463,160,569,0,0 7/27/2018 11:29:6
0,372,120,579,0,0 7/27/2018 11:29:6
0,205,109,583,0,0 7/27/2018 11:29:7
0,136,100,550,0,0 7/27/2018 11:29:7
0,65,75,518,0,0 7/27/2018 11:29:7
0,17,96,501,0,0 7/27/2018 11:29:7
0,0,90,499,0,0 7/27/2018 11:29:7
0,35,76,498,0,0 7/27/2018 11:29:7
0,47,54,491,0,0 7/27/2018 11:29:7
0,0,76,502,0,0 7/27/2018 11:29:7
0,30,81,502,0,0 7/27/2018 11:29:7
0,164,76,491,0,0 7/27/2018 11:29:7
0,268,95,477,0,0 7/27/2018 11:29:7
0,373,104,471,0,0 7/27/2018 11:29:7
0,425,106,459,0,0 7/27/2018 11:29:7
0,464,113,464,0,0 7/27/2018 11:29:7
0,459,125,476,0,0 7/27/2018 11:29:7
0,452,134,483,0,0 7/27/2018 11:29:7
0,442,138,491,0,0 7/27/2018 11:29:7
0,375,139,478,0,0 7/27/2018 11:29:7
0,302,134,469,0,0 7/27/2018 11:29:7
0,293,128,450,0,0 7/27/2018 11:29:7
0,247,125,443,0,0 7/27/2018 11:29:7
0,230,110,439,0,0 7/27/2018 11:29:7
0,210,97,448,0,0 7/27/2018 11:29:8
0,220,102,464,0,0 7/27/2018 11:29:8
0,255,114,481,0,0 7/27/2018 11:29:8
0,286,113,481,0,0 7/27/2018 11:29:8
0,278,101,480,0,0 7/27/2018 11:29:8
0,237,108,491,0,0 7/27/2018 11:29:8
0,198,117,492,0,0 7/27/2018 11:29:8
0,183,118,498,0,0 7/27/2018 11:29:8
0,185,120,500,0,0 7/27/2018 11:29:8
0,197,119,502,0,0 7/27/2018 11:29:8
0,146,125,503,0,0 7/27/2018 11:29:8
0,115,123,505,0,0 7/27/2018 11:29:8
0,76,111,497,0,0 7/27/2018 11:29:8
0,64,123,465,0,0 7/27/2018 11:29:8
0,86,145,440,0,0 7/27/2018 11:29:8
0,103,143,429,0,0 7/27/2018 11:29:8
0,112,142,430,0,0 7/27/2018 11:29:8
0,128,117,417,0,0 7/27/2018 11:29:8
0,136,110,391,0,0 7/27/2018 11:29:8
0,114,88,311,0,0 7/27/2018 11:29:8
0,137,76,214,0,0 7/27/2018 11:29:8
0,173,53,41,0,0 7/27/2018 11:29:8
0,161,21,0,0,0 7/27/2018 11:29:8
0,112,27,0,0,0 7/27/2018 11:29:9
0,53,21,0,0,0 7/27/2018 11:29:9
0,35,12,0,0,0 7/27/2018 11:29:9
0,102,16,0,0,0 7/27/2018 11:29:9
0,119,13,0,0,0 7/27/2018 11:29:9
0,140,9,0,0,0 7/27/2018 11:29:9
0,178,11,0,0,0 7/27/2018 11:29:9
0,215,12,0,0,0 7/27/2018 11:29:9
0,230,15,0,0,0 7/27/2018 11:29:9
0,237,12,53,0,0 7/27/2018 11:29:9
0,297,35,115,0,0 7/27/2018 11:29:9
0,275,34,167,0,0 7/27/2018 11:29:9
0,207,43,239,0,0 7/27/2018 11:29:9
0,209,52,273,0,0 7/27/2018 11:29:9
0,179,57,273,0,0 7/27/2018 11:29:9
0,206,62,279,0,0 7/27/2018 11:29:9
0,223,62,303,0,0 7/27/2018 11:29:9
0,230,73,328,0,0 7/27/2018 11:29:9
0,240,79,356,0,0 7/27/2018 11:29:9
0,228,86,361,0,0 7/27/2018 11:29:9
0,249,80,356,0,0 7/27/2018 11:29:9
0,220,93,366,0,0 7/27/2018 11:29:9
0,236,82,390,0,0 7/27/2018 11:29:9
0,192,86,417,0,0 7/27/2018 11:29:10
0,155,81,439,0,0 7/27/2018 11:29:10
0,73,85,436,0,0 7/27/2018 11:29:10
0,62,89,452,0,0 7/27/2018 11:29:10
0,71,92,450,0,0 7/27/2018 11:29:10
0,77,90,428,0,0 7/27/2018 11:29:10
0,93,91,436,0,0 7/27/2018 11:29:10
0,119,94,422,0,0 7/27/2018 11:29:10
0,163,73,405,0,0 7/27/2018 11:29:10
0,97,80,422,0,0 7/27/2018 11:29:10
0,109,84,432,0,0 7/27/2018 11:29:10
0,102,81,422,0,0 7/27/2018 11:29:10
0,81,82,412,0,0 7/27/2018 11:29:10
0,71,81,404,0,0 7/27/2018 11:29:10
0,69,78,394,0,0 7/27/2018 11:29:10
0,65,78,389,0,0 7/27/2018 11:29:10
0,26,70,364,0,0 7/27/2018 11:29:10
0,7,75,358,0,0 7/27/2018 11:29:10
0,0,80,365,0,0 7/27/2018 11:29:10
0,10,86,380,0,0 7/27/2018 11:29:10
0,24,95,380,0,0 7/27/2018 11:29:10
0,32,94,381,0,0 7/27/2018 11:29:10
0,73,87,387,0,0 7/27/2018 11:29:10
0,71,92,379,0,0 7/27/2018 11:29:11
0,125,90,373,0,0 7/27/2018 11:29:11
0,182,82,358,0,0 7/27/2018 11:29:11
0,212,83,315,0,0 7/27/2018 11:29:11
0,220,80,289,0,0 7/27/2018 11:29:11
0,245,86,300,0,0 7/27/2018 11:29:11
0,269,92,309,0,0 7/27/2018 11:29:11
0,247,76,333,0,0 7/27/2018 11:29:11
0,223,78,356,0,0 7/27/2018 11:29:11
0,136,77,370,0,0 7/27/2018 11:29:11
0,95,83,368,0,0 7/27/2018 11:29:11
0,71,89,385,0,0 7/27/2018 11:29:11
0,87,91,397,0,0 7/27/2018 11:29:11
0,104,72,396,0,0 7/27/2018 11:29:11
0,143,81,422,0,0 7/27/2018 11:29:11
0,167,78,476,0,0 7/27/2018 11:29:11
0,190,103,489,0,0 7/27/2018 11:29:11
0,209,103,483,0,0 7/27/2018 11:29:11
0,191,102,495,0,0 7/27/2018 11:29:11
0,129,110,504,0,0 7/27/2018 11:29:11
0,101,112,519,0,0 7/27/2018 11:29:11
0,74,115,523,0,0 7/27/2018 11:29:11
0,25,117,525,0,0 7/27/2018 11:29:12
0,25,110,525,0,0 7/27/2018 11:29:12
0,0,111,524,0,0 7/27/2018 11:29:12
0,7,112,534,0,0 7/27/2018 11:29:12
0,27,115,548,0,0 7/27/2018 11:29:12
0,39,102,558,0,0 7/27/2018 11:29:12
0,28,107,534,0,0 7/27/2018 11:29:12
0,33,106,520,0,0 7/27/2018 11:29:12
0,38,119,505,0,0 7/27/2018 11:29:12
0,80,118,502,0,0 7/27/2018 11:29:12
0,66,119,507,0,0 7/27/2018 11:29:12
0,39,114,508,0,0 7/27/2018 11:29:12
0,63,138,508,0,0 7/27/2018 11:29:12
0,73,152,503,0,0 7/27/2018 11:29:12
0,126,141,500,0,0 7/27/2018 11:29:12
0,167,165,495,0,0 7/27/2018 11:29:12
0,235,162,496,1,0 7/27/2018 11:29:12
0,254,149,495,0,0 7/27/2018 11:29:12
0,271,155,513,0,0 7/27/2018 11:29:12
0,286,150,518,0,0 7/27/2018 11:29:12
0,293,131,524,0,0 7/27/2018 11:29:12
0,300,120,506,0,0 7/27/2018 11:29:12
0,279,120,491,0,0 7/27/2018 11:29:12
0,271,121,490,0,0 7/27/2018 11:29:13
0,267,107,495,0,0 7/27/2018 11:29:13
0,238,107,496,0,0 7/27/2018 11:29:13
0,229,88,501,0,0 7/27/2018 11:29:13
0,220,85,494,0,0 7/27/2018 11:29:13
0,206,86,481,0,0 7/27/2018 11:29:13
0,203,82,456,0,0 7/27/2018 11:29:13
0,165,79,451,0,0 7/27/2018 11:29:13
0,160,78,449,0,0 7/27/2018 11:29:13
0,193,78,431,0,0 7/27/2018 11:29:13
0,154,75,428,0,0 7/27/2018 11:29:13
0,162,83,416,0,0 7/27/2018 11:29:13
0,134,84,409,0,0 7/27/2018 11:29:13
0,118,107,393,0,0 7/27/2018 11:29:13
0,105,101,343,0,0 7/27/2018 11:29:13
0,89,91,342,0,0 7/27/2018 11:29:13
0,56,74,243,0,0 7/27/2018 11:29:13
0,61,58,147,0,0 7/27/2018 11:29:13
0,49,63,31,0,0 7/27/2018 11:29:13
0,53,33,0,0,0 7/27/2018 11:29:13
0,52,22,0,0,0 7/27/2018 11:29:13
0,67,22,0,0,0 7/27/2018 11:29:13
0,71,22,0,0,0 7/27/2018 11:29:13
0,68,16,0,0,0 7/27/2018 11:29:14
0,72,1,0,0,0 7/27/2018 11:29:14
0,48,0,0,0,0 7/27/2018 11:29:14
0,41,0,0,0,0 7/27/2018 11:29:14
0,42,0,0,0,0 7/27/2018 11:29:14
0,1,0,0,0,0 7/27/2018 11:29:14
0,16,0,0,0,0 7/27/2018 11:29:14
0,89,4,0,0,0 7/27/2018 11:29:14
0,159,10,60,0,0 7/27/2018 11:29:14
0,177,14,157,0,0 7/27/2018 11:29:14
0,136,18,239,0,0 7/27/2018 11:29:14
0,107,38,308,0,0 7/27/2018 11:29:14
0,97,48,379,0,0 7/27/2018 11:29:14
0,200,66,404,0,0 7/27/2018 11:29:14
0,263,99,396,0,0 7/27/2018 11:29:14
0,281,105,457,0,0 7/27/2018 11:29:14
0,274,132,446,0,0 7/27/2018 11:29:14
0,273,125,419,0,0 7/27/2018 11:29:14
0,265,118,392,0,0 7/27/2018 11:29:14
0,256,117,394,0,0 7/27/2018 11:29:14
0,263,113,375,0,0 7/27/2018 11:29:14
0,271,117,372,0,0 7/27/2018 11:29:14
0,281,116,376,0,0 7/27/2018 11:29:14
0,240,116,374,0,0 7/27/2018 11:29:15
0,222,116,384,0,0 7/27/2018 11:29:15
0,212,110,382,0,0 7/27/2018 11:29:15
0,192,108,376,0,0 7/27/2018 11:29:15
0,175,110,382,0,0 7/27/2018 11:29:15
0,178,98,380,0,0 7/27/2018 11:29:15
0,180,74,389,0,0 7/27/2018 11:29:15
0,173,70,389,0,0 7/27/2018 11:29:15
0,157,69,383,0,0 7/27/2018 11:29:15
0,117,61,367,0,0 7/27/2018 11:29:15
0,84,54,354,0,0 7/27/2018 11:29:15
0,3,5,295,0,0 7/27/2018 11:29:15
0,11,0,216,0,0 7/27/2018 11:29:15
0,0,0,184,0,0 7/27/2018 11:29:15
0,2,0,159,0,0 7/27/2018 11:29:15
0,0,0,117,0,0 7/27/2018 11:29:15
0,0,0,125,0,0 7/27/2018 11:29:15
0,12,0,118,0,0 7/27/2018 11:29:15
0,0,2,138,0,0 7/27/2018 11:29:15
0,0,15,143,0,0 7/27/2018 11:29:15
0,0,15,150,0,0 7/27/2018 11:29:15
0,0,14,140,0,0 7/27/2018 11:29:15
0,0,4,140,0,0 7/27/2018 11:29:16
0,0,1,136,0,0 7/27/2018 11:29:16
0,0,2,146,0,0 7/27/2018 11:29:16
0,0,2,165,0,0 7/27/2018 11:29:16
0,0,3,247,0,0 7/27/2018 11:29:16
0,0,7,299,0,0 7/27/2018 11:29:16
0,28,32,359,0,0 7/27/2018 11:29:16
0,42,49,365,0,0 7/27/2018 11:29:16
0,27,60,387,0,0 7/27/2018 11:29:16
0,48,76,435,0,0 7/27/2018 11:29:16
0,38,83,496,0,0 7/27/2018 11:29:16
0,61,94,515,0,0 7/27/2018 11:29:16
0,55,96,471,0,0 7/27/2018 11:29:16
0,0,71,396,0,0 7/27/2018 11:29:16
0,17,63,384,0,0 7/27/2018 11:29:16
0,43,52,389,0,0 7/27/2018 11:29:16
0,98,78,394,0,0 7/27/2018 11:29:16
0,112,86,404,0,0 7/27/2018 11:29:16
0,127,91,408,0,0 7/27/2018 11:29:16
0,108,122,465,0,0 7/27/2018 11:29:16
0,101,129,488,0,0 7/27/2018 11:29:16
0,100,135,453,0,0 7/27/2018 11:29:16
0,93,132,427,0,0 7/27/2018 11:29:16
0,99,132,413,0,0 7/27/2018 11:29:17
0,123,130,396,0,0 7/27/2018 11:29:17
0,128,131,387,0,0 7/27/2018 11:29:17
0,171,132,400,0,0 7/27/2018 11:29:17
0,174,138,419,0,0 7/27/2018 11:29:17
0,165,143,448,0,0 7/27/2018 11:29:17
0,172,141,426,0,0 7/27/2018 11:29:17
0,175,147,417,0,0 7/27/2018 11:29:17
0,137,143,380,0,0 7/27/2018 11:29:17
0,127,136,364,0,0 7/27/2018 11:29:17
0,117,109,325,0,0 7/27/2018 11:29:17
0,107,79,234,0,0 7/27/2018 11:29:17
0,108,60,107,0,0 7/27/2018 11:29:17
0,79,50,83,0,0 7/27/2018 11:29:17
0,75,49,19,0,0 7/27/2018 11:29:17
0,80,8,0,0,0 7/27/2018 11:29:17
0,76,0,17,0,0 7/27/2018 11:29:17
0,78,0,0,0,0 7/27/2018 11:29:17
0,63,0,0,0,0 7/27/2018 11:29:17
0,21,6,0,0,0 7/27/2018 11:29:17
0,102,12,0,0,0 7/27/2018 11:29:17
0,96,17,0,0,0 7/27/2018 11:29:17
0,52,1,0,0,0 7/27/2018 11:29:17
0,46,3,0,0,0 7/27/2018 11:29:18
0,40,0,0,0,0 7/27/2018 11:29:18
0,0,0,0,0,0 7/27/2018 11:29:18
0,10,2,0,0,0 7/27/2018 11:29:18
0,44,0,0,0,0 7/27/2018 11:29:18
0,70,0,0,0,0 7/27/2018 11:29:18
0,71,0,0,0,0 7/27/2018 11:29:18
0,83,10,0,0,0 7/27/2018 11:29:18
0,74,0,0,0,0 7/27/2018 11:29:18
0,72,3,0,0,0 7/27/2018 11:29:18
0,104,0,0,0,0 7/27/2018 11:29:18
0,148,6,0,0,0 7/27/2018 11:29:18
0,150,16,0,0,0 7/27/2018 11:29:18
0,192,22,0,0,0 7/27/2018 11:29:18
0,269,21,0,0,0 7/27/2018 11:29:18
0,357,21,20,0,0 7/27/2018 11:29:18
0,339,26,52,0,0 7/27/2018 11:29:18
0,288,16,83,0,0 7/27/2018 11:29:18
0,265,51,133,0,0 7/27/2018 11:29:18
0,274,70,175,0,0 7/27/2018 11:29:18
0,308,81,213,0,0 7/27/2018 11:29:18
0,304,82,200,0,0 7/27/2018 11:29:18
0,298,79,205,0,0 7/27/2018 11:29:18
0,309,79,214,0,0 7/27/2018 11:29:19
0,334,79,217,0,0 7/27/2018 11:29:19
0,332,82,238,0,0 7/27/2018 11:29:19
0,340,92,264,0,0 7/27/2018 11:29:19
0,348,94,281,0,0 7/27/2018 11:29:19
0,345,100,312,0,0 7/27/2018 11:29:19
0,361,105,370,0,0 7/27/2018 11:29:19
0,370,114,403,0,0 7/27/2018 11:29:19
0,371,116,427,0,0 7/27/2018 11:29:19
0,375,112,407,0,0 7/27/2018 11:29:19
0,377,108,356,0,0 7/27/2018 11:29:19
0,373,101,318,0,0 7/27/2018 11:29:19
0,344,93,248,0,0 7/27/2018 11:29:19
0,301,83,199,0,0 7/27/2018 11:29:19
0,265,80,191,0,0 7/27/2018 11:29:19
0,259,76,176,0,0 7/27/2018 11:29:19
0,258,79,163,0,0 7/27/2018 11:29:19
0,268,80,167,0,0 7/27/2018 11:29:19
0,272,85,189,0,0 7/27/2018 11:29:19
0,277,86,182,0,0 7/27/2018 11:29:19
0,271,86,167,0,0 7/27/2018 11:29:19
0,260,81,146,0,0 7/27/2018 11:29:19
0,258,74,105,0,0 7/27/2018 11:29:20
0,257,76,78,0,0 7/27/2018 11:29:20
0,267,84,64,0,0 7/27/2018 11:29:20
0,269,94,56,0,0 7/27/2018 11:29:20
0,268,96,47,0,0 7/27/2018 11:29:20
0,268,92,51,0,0 7/27/2018 11:29:20
0,269,85,55,0,0 7/27/2018 11:29:20
0,271,86,58,0,0 7/27/2018 11:29:20
0,277,85,62,0,0 7/27/2018 11:29:20
0,277,84,55,0,0 7/27/2018 11:29:20
0,285,87,40,0,0 7/27/2018 11:29:20
0,273,89,34,0,0 7/27/2018 11:29:20
0,281,81,0,0,0 7/27/2018 11:29:20
0,305,78,0,0,0 7/27/2018 11:29:20
0,289,87,0,0,0 7/27/2018 11:29:20
0,300,88,0,0,0 7/27/2018 11:29:20
0,309,80,0,0,0 7/27/2018 11:29:20
0,282,71,0,0,0 7/27/2018 11:29:20
0,284,67,0,0,0 7/27/2018 11:29:20
0,291,57,0,0,0 7/27/2018 11:29:20
0,286,43,0,0,0 7/27/2018 11:29:20
0,281,57,0,0,0 7/27/2018 11:29:20
0,300,59,0,0,0 7/27/2018 11:29:20
0,305,54,0,0,0 7/27/2018 11:29:21
0,298,50,0,0,0 7/27/2018 11:29:21
0,291,49,0,0,0 7/27/2018 11:29:21
0,299,46,0,0,0 7/27/2018 11:29:21
0,317,36,0,0,0 7/27/2018 11:29:21
0,319,32,12,0,0 7/27/2018 11:29:21
0,335,34,71,0,0 7/27/2018 11:29:21
0,388,47,138,0,0 7/27/2018 11:29:21
0,437,74,213,0,0 7/27/2018 11:29:21
0,375,75,261,0,0 7/27/2018 11:29:21
0,313,90,241,0,0 7/27/2018 11:29:21
0,206,84,221,0,0 7/27/2018 11:29:21
0,92,63,216,0,0 7/27/2018 11:29:21
0,0,65,194,0,0 7/27/2018 11:29:21
0,0,59,194,0,0 7/27/2018 11:29:21
0,0,58,193,0,0 7/27/2018 11:29:21
0,0,60,185,0,0 7/27/2018 11:29:21
0,0,61,196,0,0 7/27/2018 11:29:21
0,64,61,207,0,0 7/27/2018 11:29:21
0,67,55,215,0,0 7/27/2018 11:29:21
0,70,52,238,0,0 7/27/2018 11:29:21
0,41,55,256,0,0 7/27/2018 11:29:21
0,0,56,252,0,0 7/27/2018 11:29:21
0,32,51,243,0,0 7/27/2018 11:29:22
0,67,7,226,0,0 7/27/2018 11:29:22
0,71,35,208,0,0 7/27/2018 11:29:22
0,82,40,182,0,0 7/27/2018 11:29:22
0,42,38,103,0,0 7/27/2018 11:29:22
0,26,25,46,0,0 7/27/2018 11:29:22
0,41,22,0,0,0 7/27/2018 11:29:22
0,15,33,0,0,0 7/27/2018 11:29:22
0,0,26,0,0,0 7/27/2018 11:29:22
0,0,10,0,0,0 7/27/2018 11:29:22
0,0,0,0,0,0 7/27/2018 11:29:22
0,0,0,0,0,0 7/27/2018 11:29:22
0,0,0,0,0,0 7/27/2018 11:29:22
0,0,0,0,0,0 7/27/2018 11:29:22
0,0,0,0,0,0 7/27/2018 11:29:22
0,0,0,0,0,0 7/27/2018 11:29:22
0,53,0,0,0,0 7/27/2018 11:29:22
0,137,0,0,0,0 7/27/2018 11:29:22
0,152,0,0,0,0 7/27/2018 11:29:22
0,206,0,0,0,0 7/27/2018 11:29:22
0,192,0,0,0,0 7/27/2018 11:29:22
0,166,0,0,0,0 7/27/2018 11:29:22
0,150,0,4,0,0 7/27/2018 11:29:22
0,93,0,31,0,0 7/27/2018 11:29:23
0,38,0,52,0,0 7/27/2018 11:29:23
0,66,0,56,0,0 7/27/2018 11:29:23
0,55,0,69,0,0 7/27/2018 11:29:23
0,29,0,93,0,0 7/27/2018 11:29:23
0,0,31,121,0,0 7/27/2018 11:29:23
0,0,32,153,0,0 7/27/2018 11:29:23
0,0,20,206,0,0 7/27/2018 11:29:23
0,5,49,252,0,0 7/27/2018 11:29:23
0,55,78,297,0,0 7/27/2018 11:29:23
0,50,82,350,0,0 7/27/2018 11:29:23
0,215,93,384,0,0 7/27/2018 11:29:23
0,285,101,419,0,0 7/27/2018 11:29:23
0,287,106,410,0,0 7/27/2018 11:29:23
0,269,100,359,0,0 7/27/2018 11:29:23
0,233,97,253,0,0 7/27/2018 11:29:23
0,214,93,224,0,0 7/27/2018 11:29:23
0,186,89,203,0,0 7/27/2018 11:29:23
0,169,88,185,0,0 7/27/2018 11:29:23
0,158,90,166,0,0 7/27/2018 11:29:23
0,145,87,135,0,0 7/27/2018 11:29:23
0,111,80,195,0,0 7/27/2018 11:29:23
0,126,86,235,0,0 7/27/2018 11:29:24
0,174,97,300,0,0 7/27/2018 11:29:24
0,184,98,345,0,0 7/27/2018 11:29:24
0,191,100,361,0,0 7/27/2018 11:29:24
0,181,97,360,0,0 7/27/2018 11:29:24
0,177,95,366,0,0 7/27/2018 11:29:24
0,150,95,354,0,0 7/27/2018 11:29:24
0,134,93,347,0,0 7/27/2018 11:29:24
0,115,100,343,0,0 7/27/2018 11:29:24
0,116,122,347,0,0 7/27/2018 11:29:24
0,118,123,353,0,0 7/27/2018 11:29:24
0,131,126,367,0,0 7/27/2018 11:29:24
0,143,128,369,0,0 7/27/2018 11:29:24
0,164,160,375,0,0 7/27/2018 11:29:24
0,142,170,379,0,0 7/27/2018 11:29:24
0,127,174,369,0,0 7/27/2018 11:29:24
0,123,178,353,0,0 7/27/2018 11:29:24
0,123,178,347,0,0 7/27/2018 11:29:24
0,121,176,354,0,0 7/27/2018 11:29:24
0,123,173,362,0,0 7/27/2018 11:29:24
0,122,171,373,0,0 7/27/2018 11:29:24
0,123,181,374,0,0 7/27/2018 11:29:24
0,128,191,373,0,0 7/27/2018 11:29:24
0,144,198,376,0,0 7/27/2018 11:29:25
0,138,186,350,0,0 7/27/2018 11:29:25
0,128,187,318,0,1 7/27/2018 11:29:25
0,116,171,314,0,0 7/27/2018 11:29:25
0,116,161,307,0,0 7/27/2018 11:29:25
0,120,157,320,0,0 7/27/2018 11:29:25
0,110,159,343,0,0 7/27/2018 11:29:25
0,118,179,371,0,0 7/27/2018 11:29:25
0,125,177,389,0,0 7/27/2018 11:29:25
0,120,169,370,0,0 7/27/2018 11:29:25
0,106,146,349,0,0 7/27/2018 11:29:25
0,80,126,335,0,0 7/27/2018 11:29:25
0,62,124,315,0,0 7/27/2018 11:29:25
0,27,107,210,0,0 7/27/2018 11:29:25
0,0,71,172,0,0 7/27/2018 11:29:25
0,0,61,144,0,0 7/27/2018 11:29:25
0,0,81,148,0,0 7/27/2018 11:29:25
0,0,80,128,0,0 7/27/2018 11:29:25
0,0,83,95,0,0 7/27/2018 11:29:25
0,0,82,59,0,0 7/27/2018 11:29:25
0,0,89,61,0,0 7/27/2018 11:29:25
0,0,91,74,0,0 7/27/2018 11:29:25
0,0,86,94,0,0 7/27/2018 11:29:25
0,0,97,168,0,0 7/27/2018 11:29:26
0,0,99,180,0,0 7/27/2018 11:29:26
0,0,115,220,0,0 7/27/2018 11:29:26
0,0,121,229,0,0 7/27/2018 11:29:26
0,0,119,262,0,0 7/27/2018 11:29:26
0,0,130,286,0,0 7/27/2018 11:29:26
0,0,133,301,0,0 7/27/2018 11:29:26
0,0,140,306,0,0 7/27/2018 11:29:26
0,0,138,311,0,0 7/27/2018 11:29:26
0,0,140,318,0,0 7/27/2018 11:29:26
0,0,142,305,0,0 7/27/2018 11:29:26
0,0,144,267,0,0 7/27/2018 11:29:26
0,0,142,211,0,0 7/27/2018 11:29:26
0,0,139,162,0,0 7/27/2018 11:29:26
0,0,128,62,0,0 7/27/2018 11:29:26
0,0,80,17,0,0 7/27/2018 11:29:26
0,0,73,24,0,0 7/27/2018 11:29:26
0,0,87,77,0,0 7/27/2018 11:29:26
0,0,114,158,0,0 7/27/2018 11:29:26
0,0,132,203,0,0 7/27/2018 11:29:26
0,0,129,253,0,0 7/27/2018 11:29:26
0,0,135,274,0,0 7/27/2018 11:29:26
0,0,128,308,0,0 7/27/2018 11:29:26
0,0,136,311,0,0 7/27/2018 11:29:27
0,14,142,319,0,0 7/27/2018 11:29:27
0,32,147,310,0,0 7/27/2018 11:29:27
0,13,150,316,0,0 7/27/2018 11:29:27
0,4,154,326,0,0 7/27/2018 11:29:27
0,31,142,331,0,0 7/27/2018 11:29:27
0,44,145,340,0,0 7/27/2018 11:29:27
0,113,134,349,0,0 7/27/2018 11:29:27
0,194,135,338,0,0 7/27/2018 11:29:27
0,193,127,321,0,0 7/27/2018 11:29:27
0,144,88,297,0,0 7/27/2018 11:29:27
0,139,81,305,0,0 7/27/2018 11:29:27
0,107,76,266,0,0 7/27/2018 11:29:27
0,71,70,266,0,0 7/27/2018 11:29:27
0,28,76,260,0,0 7/27/2018 11:29:27
0,5,76,262,0,0 7/27/2018 11:29:27
0,0,84,251,0,0 7/27/2018 11:29:27
0,0,82,258,0,0 7/27/2018 11:29:27
0,0,81,257,0,0 7/27/2018 11:29:27
0,0,79,262,0,0 7/27/2018 11:29:27
0,0,76,277,0,0 7/27/2018 11:29:27
0,7,87,269,0,0 7/27/2018 11:29:27
0,11,89,261,0,0 7/27/2018 11:29:28
0,0,83,216,0,0 7/27/2018 11:29:28
0,6,87,236,0,0 7/27/2018 11:29:28
0,0,94,258,0,0 7/27/2018 11:29:28
0,0,106,281,0,0 7/27/2018 11:29:28
0,0,107,296,0,0 7/27/2018 11:29:28
0,0,110,291,0,0 7/27/2018 11:29:28
0,0,94,280,0,0 7/27/2018 11:29:28
0,0,96,263,0,0 7/27/2018 11:29:28
0,0,82,228,0,0 7/27/2018 11:29:28
0,0,68,194,0,0 7/27/2018 11:29:28
0,0,61,196,0,0 7/27/2018 11:29:28
0,0,37,193,0,0 7/27/2018 11:29:28
0,0,64,189,0,0 7/27/2018 11:29:28
0,0,68,214,0,0 7/27/2018 11:29:28
0,0,87,231,0,0 7/27/2018 11:29:28
0,0,88,249,0,0 7/27/2018 11:29:28
0,0,108,261,0,0 7/27/2018 11:29:28
0,0,117,269,0,0 7/27/2018 11:29:28
0,0,129,280,0,0 7/27/2018 11:29:28
0,0,142,269,0,0 7/27/2018 11:29:28
0,0,148,259,0,0 7/27/2018 11:29:28
0,0,133,247,0,0 7/27/2018 11:29:28
0,0,121,252,0,0 7/27/2018 11:29:29
0,0,114,228,0,0 7/27/2018 11:29:29
0,0,118,245,0,0 7/27/2018 11:29:29
0,0,120,242,0,0 7/27/2018 11:29:29
0,0,117,252,0,0 7/27/2018 11:29:29
0,0,125,264,0,0 7/27/2018 11:29:29
0,0,121,264,0,0 7/27/2018 11:29:29
0,0,126,257,0,0 7/27/2018 11:29:29
0,0,128,249,0,0 7/27/2018 11:29:29
0,0,129,254,0,0 7/27/2018 11:29:29
0,0,132,261,0,0 7/27/2018 11:29:29
0,0,123,273,0,0 7/27/2018 11:29:29
0,0,121,321,0,0 7/27/2018 11:29:29
0,0,132,334,0,0 7/27/2018 11:29:29
0,0,130,335,0,0 7/27/2018 11:29:29
0,0,123,332,0,0 7/27/2018 11:29:29
0,0,124,320,0,0 7/27/2018 11:29:29
0,0,123,313,0,0 7/27/2018 11:29:29
0,0,116,304,0,0 7/27/2018 11:29:29
0,0,112,300,0,0 7/27/2018 11:29:29
0,0,106,283,0,0 7/27/2018 11:29:29
0,0,95,279,0,0 7/27/2018 11:29:29
0,0,89,277,0,0 7/27/2018 11:29:29
0,0,80,280,0,0 7/27/2018 11:29:30
0,0,83,280,0,0 7/27/2018 11:29:30
0,0,83,281,0,0 7/27/2018 11:29:30
0,0,80,280,0,0 7/27/2018 11:29:30
0,0,87,280,0,0 7/27/2018 11:29:30
0,0,84,276,0,0 7/27/2018 11:29:30
0,0,86,260,0,0 7/27/2018 11:29:30
0,0,87,253,0,0 7/27/2018 11:29:30
0,0,90,203,0,0 7/27/2018 11:29:30
0,0,101,165,0,0 7/27/2018 11:29:30
0,0,101,159,0,0 7/27/2018 11:29:30
0,0,105,136,0,0 7/27/2018 11:29:30
0,0,110,141,0,0 7/27/2018 11:29:30
0,0,115,153,0,0 7/27/2018 11:29:30
0,0,113,162,0,0 7/27/2018 11:29:30
0,0,112,166,0,0 7/27/2018 11:29:30
0,0,107,173,0,0 7/27/2018 11:29:30
0,0,103,179,0,0 7/27/2018 11:29:30
0,0,89,155,0,0 7/27/2018 11:29:30
0,0,67,138,0,0 7/27/2018 11:29:30
0,0,57,122,0,0 7/27/2018 11:29:30
0,0,41,89,0,0 7/27/2018 11:29:30
0,0,35,57,0,0 7/27/2018 11:29:30
0,0,37,50,0,0 7/27/2018 11:29:31
0,0,41,48,0,0 7/27/2018 11:29:31
0,0,38,40,0,0 7/27/2018 11:29:31
0,0,34,45,0,0 7/27/2018 11:29:31
0,0,33,30,0,0 7/27/2018 11:29:31
0,0,11,20,0,0 7/27/2018 11:29:31
0,0,2,0,0,0 7/27/2018 11:29:31
0,0,0,0,0,0 7/27/2018 11:29:31
0,0,0,0,0,0 7/27/2018 11:29:31
0,0,0,0,0,0 7/27/2018 11:29:31
0,0,0,0,0,0 7/27/2018 11:29:31
0,0,0,0,0,0 7/27/2018 11:29:31
0,0,24,0,0,0 7/27/2018 11:29:31
0,0,24,0,0,0 7/27/2018 11:29:31
0,0,36,0,0,0 7/27/2018 11:29:31
0,0,37,0,0,0 7/27/2018 11:29:31
0,0,43,0,0,0 7/27/2018 11:29:31
0,0,52,0,0,0 7/27/2018 11:29:31
0,0,52,20,0,0 7/27/2018 11:29:31
0,0,53,23,0,0 7/27/2018 11:29:31
0,0,50,25,0,0 7/27/2018 11:29:31
0,2,50,19,0,0 7/27/2018 11:29:31
0,0,48,3,0,0 7/27/2018 11:29:32
0,0,45,0,0,0 7/27/2018 11:29:32
0,0,41,10,0,0 7/27/2018 11:29:32
0,0,36,29,0,0 7/27/2018 11:29:32
0,0,38,76,0,0 7/27/2018 11:29:32
0,0,45,123,0,0 7/27/2018 11:29:32
0,0,57,134,0,0 7/27/2018 11:29:32
0,0,60,158,0,0 7/27/2018 11:29:32
0,0,56,74,0,0 7/27/2018 11:29:32
0,0,38,41,0,0 7/27/2018 11:29:32
0,0,40,45,0,0 7/27/2018 11:29:32
0,0,24,86,0,0 7/27/2018 11:29:32
0,0,0,102,0,0 7/27/2018 11:29:32
0,0,0,107,0,0 7/27/2018 11:29:32
0,0,0,97,0,0 7/27/2018 11:29:32
0,0,0,57,0,0 7/27/2018 11:29:32
0,0,0,27,0,0 7/27/2018 11:29:32
0,0,0,33,0,0 7/27/2018 11:29:32
0,0,0,35,0,0 7/27/2018 11:29:32
0,0,0,49,0,0 7/27/2018 11:29:32
0,0,0,53,0,0 7/27/2018 11:29:32
0,0,0,44,0,0 7/27/2018 11:29:32
0,0,0,50,0,0 7/27/2018 11:29:32
0,0,0,59,0,0 7/27/2018 11:29:33
0,0,0,94,0,0 7/27/2018 11:29:33
0,0,0,135,0,0 7/27/2018 11:29:33
0,0,0,193,0,0 7/27/2018 11:29:33
0,0,0,222,0,0 7/27/2018 11:29:33
0,0,0,235,0,0 7/27/2018 11:29:33
0,0,0,249,0,0 7/27/2018 11:29:33
0,0,0,252,0,0 7/27/2018 11:29:33
0,0,0,254,0,0 7/27/2018 11:29:33
0,0,0,245,0,0 7/27/2018 11:29:33
0,0,0,244,0,0 7/27/2018 11:29:33
0,0,0,236,0,0 7/27/2018 11:29:33
0,0,0,229,0,0 7/27/2018 11:29:33
0,0,0,229,0,0 7/27/2018 11:29:33
0,0,15,247,0,0 7/27/2018 11:29:33
0,0,21,265,0,0 7/27/2018 11:29:33
0,0,43,279,0,0 7/27/2018 11:29:33
0,0,35,281,0,0 7/27/2018 11:29:33
0,0,38,296,0,0 7/27/2018 11:29:33
0,0,42,300,0,0 7/27/2018 11:29:33
0,0,43,301,0,0 7/27/2018 11:29:33
0,0,46,302,0,0 7/27/2018 11:29:33
0,0,37,298,0,0 7/27/2018 11:29:33
0,0,39,295,0,0 7/27/2018 11:29:34
0,0,40,264,0,0 7/27/2018 11:29:34
0,0,38,246,0,0 7/27/2018 11:29:34
0,0,17,242,0,0 7/27/2018 11:29:34
0,0,5,234,0,0 7/27/2018 11:29:34
0,0,0,196,0,0 7/27/2018 11:29:34
0,0,39,124,0,0 7/27/2018 11:29:34
0,0,69,82,0,0 7/27/2018 11:29:34
0,0,56,43,0,0 7/27/2018 11:29:34
0,0,44,43,0,0 7/27/2018 11:29:34
0,0,41,62,0,0 7/27/2018 11:29:34
0,0,37,66,0,0 7/27/2018 11:29:34
0,0,41,66,0,0 7/27/2018 11:29:34
0,0,47,62,0,0 7/27/2018 11:29:34
0,0,69,26,0,0 7/27/2018 11:29:34
0,0,83,0,0,0 7/27/2018 11:29:34
0,0,114,25,0,0 7/27/2018 11:29:34
0,0,96,27,0,0 7/27/2018 11:29:34
0,0,100,2,0,0 7/27/2018 11:29:34
0,0,108,0,0,0 7/27/2018 11:29:34
0,0,99,0,0,0 7/27/2018 11:29:34
0,3,86,0,0,0 7/27/2018 11:29:34
0,0,76,0,0,0 7/27/2018 11:29:34
0,0,73,57,0,0 7/27/2018 11:29:35
0,0,85,159,0,0 7/27/2018 11:29:35
0,0,95,170,0,0 7/27/2018 11:29:35
0,0,85,164,0,0 7/27/2018 11:29:35
0,0,77,151,0,0 7/27/2018 11:29:35
0,0,75,146,0,0 7/27/2018 11:29:35
0,0,87,141,0,0 7/27/2018 11:29:35
0,0,87,144,0,0 7/27/2018 11:29:35
0,0,85,137,0,0 7/27/2018 11:29:35
0,0,86,140,0,0 7/27/2018 11:29:35
0,0,76,155,0,0 7/27/2018 11:29:35
0,0,76,159,0,0 7/27/2018 11:29:35
0,0,84,167,0,0 7/27/2018 11:29:35
0,0,79,156,0,0 7/27/2018 11:29:35
0,0,91,136,0,0 7/27/2018 11:29:35
0,0,87,114,0,0 7/27/2018 11:29:35
0,0,84,112,0,0 7/27/2018 11:29:35
0,0,88,117,0,0 7/27/2018 11:29:35
0,0,108,139,0,0 7/27/2018 11:29:35
0,0,118,164,0,0 7/27/2018 11:29:35
0,0,108,164,0,0 7/27/2018 11:29:35
0,0,92,171,0,0 7/27/2018 11:29:35
0,0,88,143,0,0 7/27/2018 11:29:36
0,0,77,123,0,0 7/27/2018 11:29:36
0,0,84,106,0,0 7/27/2018 11:29:36
0,0,85,89,0,0 7/27/2018 11:29:36
0,0,78,61,0,0 7/27/2018 11:29:36
0,0,72,46,0,0 7/27/2018 11:29:36
0,0,59,35,0,0 7/27/2018 11:29:36
0,0,43,0,0,0 7/27/2018 11:29:36
0,0,44,0,0,0 7/27/2018 11:29:36
0,0,46,0,0,0 7/27/2018 11:29:36
0,0,44,0,0,0 7/27/2018 11:29:36
0,0,22,0,0,0 7/27/2018 11:29:36
0,0,5,0,0,0 7/27/2018 11:29:36
0,0,0,0,0,0 7/27/2018 11:29:36
0,0,0,96,0,0 7/27/2018 11:29:36
0,0,0,80,0,0 7/27/2018 11:29:36
0,0,0,0,0,0 7/27/2018 11:29:36
0,0,0,0,0,0 7/27/2018 11:29:36
0,0,0,0,0,0 7/27/2018 11:29:36
0,0,0,0,0,0 7/27/2018 11:29:36
0,0,0,55,0,0 7/27/2018 11:29:36
0,0,3,92,0,0 7/27/2018 11:29:36
0,0,2,86,0,0 7/27/2018 11:29:36
0,0,22,113,0,0 7/27/2018 11:29:37
0,0,37,132,0,0 7/27/2018 11:29:37
0,0,60,129,0,0 7/27/2018 11:29:37
0,0,66,134,0,0 7/27/2018 11:29:37
0,0,75,153,0,0 7/27/2018 11:29:37
0,0,70,155,0,0 7/27/2018 11:29:37
0,0,75,158,0,0 7/27/2018 11:29:37
0,0,75,130,0,0 7/27/2018 11:29:37
0,0,69,100,0,0 7/27/2018 11:29:37
0,0,81,76,0,0 7/27/2018 11:29:37
0,0,67,4,0,0 7/27/2018 11:29:37
0,0,39,0,0,0 7/27/2018 11:29:37
0,0,39,0,0,0 7/27/2018 11:29:37
0,0,36,0,0,0 7/27/2018 11:29:37
0,0,28,0,0,0 7/27/2018 11:29:37
0,0,17,0,0,0 7/27/2018 11:29:37
0,0,34,0,0,0 7/27/2018 11:29:37
0,0,33,0,0,0 7/27/2018 11:29:37
0,0,53,0,0,0 7/27/2018 11:29:37
0,0,54,0,0,0 7/27/2018 11:29:37
0,0,0,0,0,0 7/27/2018 11:29:37
0,0,2,0,0,0 7/27/2018 11:29:37
0,0,0,0,0,0 7/27/2018 11:29:37
0,0,15,0,0,0 7/27/2018 11:29:38
0,0,31,0,0,0 7/27/2018 11:29:38
0,18,36,0,0,0 7/27/2018 11:29:38
0,43,35,0,0,0 7/27/2018 11:29:38
0,0,38,0,0,0 7/27/2018 11:29:38
0,0,44,0,0,0 7/27/2018 11:29:38
0,0,43,0,0,0 7/27/2018 11:29:38
0,0,0,0,0,0 7/27/2018 11:29:38
0,0,0,0,0,0 7/27/2018 11:29:38
0,0,0,0,0,0 7/27/2018 11:29:38
0,48,0,0,0,0 7/27/2018 11:29:38
0,47,0,0,0,0 7/27/2018 11:29:38
0,33,0,0,0,0 7/27/2018 11:29:38
0,40,0,0,0,0 7/27/2018 11:29:38
0,50,0,0,0,0 7/27/2018 11:29:38
0,39,0,0,0,0 7/27/2018 11:29:38
0,0,0,27,0,0 7/27/2018 11:29:38
0,0,0,52,0,0 7/27/2018 11:29:38
0,0,50,69,0,0 7/27/2018 11:29:38
0,0,56,70,0,0 7/27/2018 11:29:38
0,0,66,55,0,0 7/27/2018 11:29:38
0,0,65,67,0,0 7/27/2018 11:29:38
0,0,53,78,0,0 7/27/2018 11:29:39
0,0,41,107,0,0 7/27/2018 11:29:39
0,0,51,128,0,0 7/27/2018 11:29:39
0,39,47,146,0,0 7/27/2018 11:29:39
0,54,32,154,0,0 7/27/2018 11:29:39
0,62,50,81,0,0 7/27/2018 11:29:39
0,48,41,36,0,0 7/27/2018 11:29:39
0,40,39,0,0,0 7/27/2018 11:29:39
0,28,40,0,0,0 7/27/2018 11:29:39
0,13,17,0,0,0 7/27/2018 11:29:39
0,0,16,0,0,0 7/27/2018 11:29:39
0,0,9,0,0,0 7/27/2018 11:29:39
0,5,16,0,0,0 7/27/2018 11:29:39
0,27,18,0,0,0 7/27/2018 11:29:39
0,40,22,0,0,0 7/27/2018 11:29:39
0,42,24,16,0,0 7/27/2018 11:29:39
0,43,25,38,0,0 7/27/2018 11:29:39
0,43,35,80,0,0 7/27/2018 11:29:39
0,47,47,118,0,0 7/27/2018 11:29:39
0,50,48,156,0,0 7/27/2018 11:29:39
0,70,53,203,0,0 7/27/2018 11:29:39
0,84,67,215,0,0 7/27/2018 11:29:39
0,147,63,211,0,0 7/27/2018 11:29:39
0,239,63,173,0,0 7/27/2018 11:29:40
0,270,52,148,0,0 7/27/2018 11:29:40
0,270,55,137,0,0 7/27/2018 11:29:40
0,268,49,152,0,0 7/27/2018 11:29:40
0,247,48,162,0,0 7/27/2018 11:29:40
0,232,29,149,0,0 7/27/2018 11:29:40
0,219,0,123,0,0 7/27/2018 11:29:40
0,217,0,85,0,0 7/27/2018 11:29:40
0,150,0,76,0,0 7/27/2018 11:29:40
0,50,0,58,0,0 7/27/2018 11:29:40
0,9,0,63,0,0 7/27/2018 11:29:40
0,0,0,76,0,0 7/27/2018 11:29:40
0,7,0,86,0,0 7/27/2018 11:29:40
0,48,0,95,0,0 7/27/2018 11:29:40
0,62,0,99,0,0 7/27/2018 11:29:40
0,60,0,115,0,0 7/27/2018 11:29:40
0,56,0,109,0,0 7/27/2018 11:29:40
0,0,0,110,0,0 7/27/2018 11:29:40
0,0,4,110,0,0 7/27/2018 11:29:40
0,0,6,105,0,0 7/27/2018 11:29:40
0,0,5,106,0,0 7/27/2018 11:29:40
0,0,2,90,0,0 7/27/2018 11:29:40
0,0,0,80,0,0 7/27/2018 11:29:40
0,0,0,81,0,0 7/27/2018 11:29:41
0,0,0,84,0,0 7/27/2018 11:29:41
0,0,0,87,0,0 7/27/2018 11:29:41
0,0,0,78,0,0 7/27/2018 11:29:41
0,0,0,58,0,0 7/27/2018 11:29:41
0,0,0,33,0,0 7/27/2018 11:29:41
0,0,0,0,0,0 7/27/2018 11:29:41
0,0,0,0,0,0 7/27/2018 11:29:41
0,0,24,0,0,0 7/27/2018 11:29:41
0,0,28,0,1,0 7/27/2018 11:29:41
0,0,24,0,0,0 7/27/2018 11:29:41
0,0,33,0,0,0 7/27/2018 11:29:41
0,0,34,0,0,0 7/27/2018 11:29:41
0,0,0,0,2,0 7/27/2018 11:29:41
0,0,0,0,0,0 7/27/2018 11:29:41
0,0,0,0,0,0 7/27/2018 11:29:41
0,0,0,89,0,0 7/27/2018 11:29:41
0,0,0,158,0,0 7/27/2018 11:29:41
0,0,0,121,0,0 7/27/2018 11:29:41
0,0,0,28,0,0 7/27/2018 11:29:41
0,0,0,48,0,0 7/27/2018 11:29:41
0,0,0,62,0,0 7/27/2018 11:29:41
0,0,0,74,0,0 7/27/2018 11:29:41
0,0,0,73,0,0 7/27/2018 11:29:42
0,0,6,46,0,0 7/27/2018 11:29:42
0,0,22,27,0,0 7/27/2018 11:29:42
0,0,23,20,0,0 7/27/2018 11:29:42
0,0,24,18,0,0 7/27/2018 11:29:42
0,0,16,0,0,0 7/27/2018 11:29:42
0,0,0,0,0,0 7/27/2018 11:29:42
0,0,0,0,0,0 7/27/2018 11:29:42
0,0,0,0,0,0 7/27/2018 11:29:42
0,0,1,0,0,0 7/27/2018 11:29:42
0,0,0,0,0,0 7/27/2018 11:29:42
0,0,0,0,0,0 7/27/2018 11:29:42
0,0,0,0,0,0 7/27/2018 11:29:42
0,0,0,0,0,0 7/27/2018 11:29:42
0,0,0,0,0,0 7/27/2018 11:29:42
0,0,0,15,0,0 7/27/2018 11:29:42
0,0,0,27,0,0 7/27/2018 11:29:42
0,0,0,36,0,0 7/27/2018 11:29:42
0,0,0,61,0,0 7/27/2018 11:29:42
0,0,0,70,0,0 7/27/2018 11:29:42
0,0,7,99,0,0 7/27/2018 11:29:42
0,0,8,127,0,0 7/27/2018 11:29:42
0,0,5,113,0,0 7/27/2018 11:29:43
0,0,26,146,0,0 7/27/2018 11:29:43
0,0,9,173,0,0 7/27/2018 11:29:43
0,0,45,180,0,0 7/27/2018 11:29:43
0,0,51,167,0,0 7/27/2018 11:29:43
0,0,39,130,0,0 7/27/2018 11:29:43
0,0,40,137,0,0 7/27/2018 11:29:43
0,0,38,119,0,0 7/27/2018 11:29:43
0,0,38,60,0,0 7/27/2018 11:29:43
0,0,38,0,0,0 7/27/2018 11:29:43
0,0,0,0,0,0 7/27/2018 11:29:43
0,0,0,0,0,0 7/27/2018 11:29:43
0,0,0,0,0,0 7/27/2018 11:29:43
0,0,0,0,0,0 7/27/2018 11:29:43
0,0,0,16,0,0 7/27/2018 11:29:43
0,0,1,104,0,0 7/27/2018 11:29:43
0,0,27,133,0,0 7/27/2018 11:29:43
0,0,38,174,0,0 7/27/2018 11:29:43
0,0,50,188,0,0 7/27/2018 11:29:43
0,0,52,185,0,0 7/27/2018 11:29:43
0,0,90,191,0,0 7/27/2018 11:29:43
0,0,95,179,0,0 7/27/2018 11:29:43
0,0,106,189,0,0 7/27/2018 11:29:43
0,0,122,206,0,0 7/27/2018 11:29:44
0,0,112,155,0,0 7/27/2018 11:29:44
0,0,94,86,0,0 7/27/2018 11:29:44
0,0,66,51,0,0 7/27/2018 11:29:44
0,0,62,3,0,0 7/27/2018 11:29:44
0,2,47,0,0,0 7/27/2018 11:29:44
0,0,33,0,0,0 7/27/2018 11:29:44
0,0,9,0,0,0 7/27/2018 11:29:44
0,0,0,0,0,0 7/27/2018 11:29:44
0,0,0,5,0,0 7/27/2018 11:29:44
0,0,0,52,0,0 7/27/2018 11:29:44
0,0,0,59,0,0 7/27/2018 11:29:44
0,0,0,86,0,0 7/27/2018 11:29:44
0,0,0,115,0,0 7/27/2018 11:29:44
0,0,0,137,0,0 7/27/2018 11:29:44
0,0,3,182,0,0 7/27/2018 11:29:44
0,0,63,251,0,0 7/27/2018 11:29:44
0,0,66,251,0,0 7/27/2018 11:29:44
0,0,49,194,0,0 7/27/2018 11:29:44
0,0,43,174,0,0 7/27/2018 11:29:44
0,0,42,171,0,0 7/27/2018 11:29:44
0,0,42,170,0,0 7/27/2018 11:29:44
0,0,65,170,0,0 7/27/2018 11:29:44
0,0,77,159,0,0 7/27/2018 11:29:45
0,0,80,152,0,0 7/27/2018 11:29:45
0,0,85,145,0,0 7/27/2018 11:29:45
0,0,83,137,0,0 7/27/2018 11:29:45
0,0,86,132,0,0 7/27/2018 11:29:45
0,0,80,142,0,0 7/27/2018 11:29:45
0,0,52,211,2,0 7/27/2018 11:29:45
0,0,55,236,0,0 7/27/2018 11:29:45
0,0,56,246,0,0 7/27/2018 11:29:45
0,0,59,225,0,0 7/27/2018 11:29:45
0,0,61,225,0,0 7/27/2018 11:29:45
0,0,75,220,0,0 7/27/2018 11:29:45
0,0,80,227,0,0 7/27/2018 11:29:45
0,0,87,234,0,0 7/27/2018 11:29:45
0,0,82,231,0,0 7/27/2018 11:29:45
0,0,66,225,0,0 7/27/2018 11:29:45
0,0,93,190,0,0 7/27/2018 11:29:45
0,0,80,169,0,0 7/27/2018 11:29:45
0,0,80,146,0,0 7/27/2018 11:29:45
0,0,82,126,0,0 7/27/2018 11:29:45
0,0,73,137,0,0 7/27/2018 11:29:45
0,130,89,153,0,0 7/27/2018 11:29:45
0,134,91,179,0,0 7/27/2018 11:29:45
0,157,96,177,0,0 7/27/2018 11:29:46
0,322,81,183,0,0 7/27/2018 11:29:46
0,341,78,177,0,0 7/27/2018 11:29:46
0,341,87,169,0,0 7/27/2018 11:29:46
0,338,99,163,0,0 7/27/2018 11:29:46
0,300,97,165,0,0 7/27/2018 11:29:46
0,314,100,161,0,0 7/27/2018 11:29:46
0,305,115,172,0,0 7/27/2018 11:29:46
0,221,119,183,0,0 7/27/2018 11:29:46
0,205,128,204,0,0 7/27/2018 11:29:46
0,149,129,236,0,0 7/27/2018 11:29:46
0,23,137,259,0,0 7/27/2018 11:29:46
0,0,137,262,0,0 7/27/2018 11:29:46
0,0,112,261,0,0 7/27/2018 11:29:46
0,0,112,255,0,0 7/27/2018 11:29:46
0,40,103,259,0,0 7/27/2018 11:29:46
0,74,93,260,0,0 7/27/2018 11:29:46
0,120,104,266,0,0 7/27/2018 11:29:46
0,145,100,268,0,0 7/27/2018 11:29:46
0,137,92,254,0,0 7/27/2018 11:29:46
0,125,107,263,0,0 7/27/2018 11:29:46
0,112,99,268,0,0 7/27/2018 11:29:46
0,0,93,243,0,0 7/27/2018 11:29:47
0,0,69,225,0,0 7/27/2018 11:29:47
0,0,51,219,0,0 7/27/2018 11:29:47
0,54,37,179,0,0 7/27/2018 11:29:47
0,141,39,186,0,0 7/27/2018 11:29:47
0,219,37,194,0,0 7/27/2018 11:29:47
0,218,39,202,0,0 7/27/2018 11:29:47
0,228,8,182,0,0 7/27/2018 11:29:47
0,252,5,156,0,0 7/27/2018 11:29:47
0,180,0,142,0,0 7/27/2018 11:29:47
0,199,0,108,0,0 7/27/2018 11:29:47
0,290,0,107,0,0 7/27/2018 11:29:47
0,318,0,41,0,0 7/27/2018 11:29:47
0,294,0,0,0,0 7/27/2018 11:29:47
0,215,0,0,0,0 7/27/2018 11:29:47
0,136,0,0,0,0 7/27/2018 11:29:47
0,24,0,0,0,0 7/27/2018 11:29:47
0,0,0,0,0,0 7/27/2018 11:29:47
0,0,0,0,0,0 7/27/2018 11:29:47
0,0,0,0,0,0 7/27/2018 11:29:47
0,0,0,0,0,0 7/27/2018 11:29:47
0,0,0,0,0,0 7/27/2018 11:29:47
0,0,0,0,0,0 7/27/2018 11:29:47
0,0,4,0,0,0 7/27/2018 11:29:48
0,0,10,0,0,0 7/27/2018 11:29:48
0,22,0,0,0,0 7/27/2018 11:29:48
0,79,16,0,0,0 7/27/2018 11:29:48
0,108,10,36,0,0 7/27/2018 11:29:48
0,199,31,126,0,0 7/27/2018 11:29:48
0,227,45,230,0,0 7/27/2018 11:29:48
0,247,56,302,0,0 7/27/2018 11:29:48
0,160,58,345,0,0 7/27/2018 11:29:48
0,168,59,359,0,0 7/27/2018 11:29:48
0,172,56,359,0,0 7/27/2018 11:29:48
0,128,58,362,0,0 7/27/2018 11:29:48
0,32,58,337,0,0 7/27/2018 11:29:48
0,26,50,315,0,0 7/27/2018 11:29:48
0,14,52,297,0,0 7/27/2018 11:29:48
0,36,49,288,0,0 7/27/2018 11:29:48
0,49,48,284,0,0 7/27/2018 11:29:48
0,37,49,292,0,0 7/27/2018 11:29:48
0,33,52,294,0,0 7/27/2018 11:29:48
0,55,53,289,0,0 7/27/2018 11:29:48
0,77,44,269,0,0 7/27/2018 11:29:48
0,100,43,242,0,0 7/27/2018 11:29:48
0,103,0,201,0,0 7/27/2018 11:29:48
0,117,0,201,0,0 7/27/2018 11:29:49
0,133,0,223,0,0 7/27/2018 11:29:49
0,103,74,298,0,0 7/27/2018 11:29:49
0,66,86,357,0,0 7/27/2018 11:29:49
0,36,71,359,0,0 7/27/2018 11:29:49
0,19,64,333,0,0 7/27/2018 11:29:49
0,0,54,279,0,0 7/27/2018 11:29:49
0,0,40,302,0,0 7/27/2018 11:29:49
0,0,31,291,0,0 7/27/2018 11:29:49
0,3,0,225,0,0 7/27/2018 11:29:49
0,47,0,224,0,0 7/27/2018 11:29:49
0,0,0,189,0,0 7/27/2018 11:29:49
0,3,0,214,0,0 7/27/2018 11:29:49
0,12,0,211,0,0 7/27/2018 11:29:49
0,14,0,221,0,0 7/27/2018 11:29:49
0,27,0,238,0,0 7/27/2018 11:29:49
0,50,0,258,0,0 7/27/2018 11:29:49
0,42,0,271,0,0 7/27/2018 11:29:49
0,16,0,285,0,0 7/27/2018 11:29:49
0,6,0,294,0,0 7/27/2018 11:29:49
0,6,0,303,0,0 7/27/2018 11:29:49
0,3,0,328,0,0 7/27/2018 11:29:49
0,3,0,331,0,0 7/27/2018 11:29:49
0,7,0,338,0,0 7/27/2018 11:29:50
0,9,0,337,0,0 7/27/2018 11:29:50
0,11,0,348,0,0 7/27/2018 11:29:50
0,38,0,356,0,0 7/27/2018 11:29:50
0,44,0,351,0,0 7/27/2018 11:29:50
0,46,0,359,0,0 7/27/2018 11:29:50
0,50,0,364,0,0 7/27/2018 11:29:50
0,54,0,367,0,0 7/27/2018 11:29:50
0,62,0,371,0,0 7/27/2018 11:29:50
0,58,2,368,0,0 7/27/2018 11:29:50
0,71,1,368,0,0 7/27/2018 11:29:50
0,60,5,367,0,0 7/27/2018 11:29:50
0,53,6,364,0,0 7/27/2018 11:29:50
0,35,32,360,0,0 7/27/2018 11:29:50
0,0,39,337,0,0 7/27/2018 11:29:50
0,0,62,348,0,0 7/27/2018 11:29:50
0,2,72,325,0,0 7/27/2018 11:29:50
0,55,83,296,0,0 7/27/2018 11:29:50
0,47,85,249,0,0 7/27/2018 11:29:50
0,57,87,245,0,0 7/27/2018 11:29:50
0,59,62,181,0,0 7/27/2018 11:29:50
0,0,100,148,0,0 7/27/2018 11:29:50
0,0,96,114,0,0 7/27/2018 11:29:51
0,0,74,68,0,0 7/27/2018 11:29:51
0,0,105,28,0,0 7/27/2018 11:29:51
0,0,91,0,0,0 7/27/2018 11:29:51
0,0,79,0,0,0 7/27/2018 11:29:51
0,0,51,26,0,0 7/27/2018 11:29:51
0,0,70,121,0,0 7/27/2018 11:29:51
0,21,82,202,0,0 7/27/2018 11:29:51
0,83,77,233,0,0 7/27/2018 11:29:51
0,92,117,253,0,0 7/27/2018 11:29:51
0,81,68,259,0,0 7/27/2018 11:29:51
0,75,54,252,0,0 7/27/2018 11:29:51
0,75,59,239,0,0 7/27/2018 11:29:51
0,75,50,223,0,0 7/27/2018 11:29:51
0,75,51,220,0,0 7/27/2018 11:29:51
0,81,69,240,0,0 7/27/2018 11:29:51
0,108,76,269,0,0 7/27/2018 11:29:51
0,145,84,332,0,0 7/27/2018 11:29:51
0,109,131,369,0,0 7/27/2018 11:29:51
0,97,129,374,0,0 7/27/2018 11:29:51
0,89,87,354,0,0 7/27/2018 11:29:51
0,0,83,339,0,0 7/27/2018 11:29:51
0,0,81,305,0,0 7/27/2018 11:29:51
0,0,88,279,0,0 7/27/2018 11:29:52
0,0,84,262,0,0 7/27/2018 11:29:52
0,0,83,234,0,0 7/27/2018 11:29:52
0,0,71,186,0,0 7/27/2018 11:29:52
0,48,83,214,0,0 7/27/2018 11:29:52
0,61,56,237,0,0 7/27/2018 11:29:52
0,76,82,246,0,0 7/27/2018 11:29:52
0,78,81,281,0,0 7/27/2018 11:29:52
0,72,78,302,0,0 7/27/2018 11:29:52
0,77,86,306,0,0 7/27/2018 11:29:52
0,91,81,311,0,0 7/27/2018 11:29:52
0,85,83,311,0,0 7/27/2018 11:29:52
0,85,84,316,0,0 7/27/2018 11:29:52
0,84,81,327,0,0 7/27/2018 11:29:52
0,87,87,330,0,0 7/27/2018 11:29:52
0,86,87,340,0,0 7/27/2018 11:29:52
0,89,79,359,0,0 7/27/2018 11:29:52
0,90,95,360,0,0 7/27/2018 11:29:52
0,87,100,370,0,0 7/27/2018 11:29:52
0,91,106,378,0,0 7/27/2018 11:29:52
0,95,101,375,0,0 7/27/2018 11:29:52
0,104,85,337,0,0 7/27/2018 11:29:52
0,109,31,290,0,0 7/27/2018 11:29:52
0,101,1,205,0,0 7/27/2018 11:29:53
0,88,7,141,0,0 7/27/2018 11:29:53
0,80,7,87,0,0 7/27/2018 11:29:53
0,75,12,41,0,0 7/27/2018 11:29:53
0,66,1,32,0,0 7/27/2018 11:29:53
0,66,0,42,0,0 7/27/2018 11:29:53
0,37,2,14,0,0 7/27/2018 11:29:53
0,0,4,0,0,0 7/27/2018 11:29:53
0,6,5,0,0,0 7/27/2018 11:29:53
0,14,6,0,0,0 7/27/2018 11:29:53
0,22,2,0,0,0 7/27/2018 11:29:53
0,21,2,5,0,0 7/27/2018 11:29:53
0,26,0,21,0,0 7/27/2018 11:29:53
0,30,0,58,0,0 7/27/2018 11:29:53
0,44,0,64,0,0 7/27/2018 11:29:53
0,75,0,92,0,0 7/27/2018 11:29:53
0,117,0,98,0,0 7/27/2018 11:29:53
0,158,0,102,0,0 7/27/2018 11:29:53
0,136,0,84,0,0 7/27/2018 11:29:53
0,46,0,39,0,0 7/27/2018 11:29:53
0,0,0,17,0,0 7/27/2018 11:29:53
0,0,0,18,0,0 7/27/2018 11:29:53
0,0,0,6,0,0 7/27/2018 11:29:53
0,0,0,8,0,0 7/27/2018 11:29:54
0,9,0,27,0,0 7/27/2018 11:29:54
0,16,0,12,0,0 7/27/2018 11:29:54
0,25,0,16,0,0 7/27/2018 11:29:54
0,24,0,7,0,0 7/27/2018 11:29:54
0,16,0,11,0,0 7/27/2018 11:29:54
0,19,0,11,0,0 7/27/2018 11:29:54
0,20,0,25,0,0 7/27/2018 11:29:54
0,21,0,27,0,0 7/27/2018 11:29:54
0,23,0,77,0,0 7/27/2018 11:29:54
0,28,0,135,0,0 7/27/2018 11:29:54
0,31,0,164,0,0 7/27/2018 11:29:54
0,36,1,182,0,0 7/27/2018 11:29:54
0,33,5,234,0,0 7/27/2018 11:29:54
0,27,1,301,0,0 7/27/2018 11:29:54
0,12,5,329,0,0 7/27/2018 11:29:54
0,0,0,326,0,0 7/27/2018 11:29:54
0,0,13,322,0,0 7/27/2018 11:29:54
0,0,14,282,0,0 7/27/2018 11:29:54
0,0,21,256,0,0 7/27/2018 11:29:54
0,0,28,194,0,0 7/27/2018 11:29:54
0,0,35,165,0,0 7/27/2018 11:29:54
0,6,41,162,0,0 7/27/2018 11:29:55
0,44,43,150,0,0 7/27/2018 11:29:55
0,38,55,176,0,0 7/27/2018 11:29:55
0,48,55,165,0,0 7/27/2018 11:29:55
0,42,73,169,0,0 7/27/2018 11:29:55
0,46,81,164,0,0 7/27/2018 11:29:55
0,37,80,190,0,0 7/27/2018 11:29:55
0,35,73,224,0,0 7/27/2018 11:29:55
0,47,59,227,0,0 7/27/2018 11:29:55
0,49,65,256,0,0 7/27/2018 11:29:55
0,49,72,255,0,0 7/27/2018 11:29:55
0,98,86,257,0,0 7/27/2018 11:29:55
0,107,80,272,0,0 7/27/2018 11:29:55
0,97,87,315,0,0 7/27/2018 11:29:55
0,107,81,329,0,0 7/27/2018 11:29:55
0,106,84,344,0,0 7/27/2018 11:29:55
0,115,79,361,0,0 7/27/2018 11:29:55
0,121,82,350,0,0 7/27/2018 11:29:55
0,121,80,349,0,0 7/27/2018 11:29:55
0,103,49,336,0,0 7/27/2018 11:29:55
0,90,33,280,0,0 7/27/2018 11:29:55
0,73,39,269,0,0 7/27/2018 11:29:55
0,57,41,221,0,0 7/27/2018 11:29:55
0,0,0,182,0,0 7/27/2018 11:29:56
0,0,0,168,0,0 7/27/2018 11:29:56
0,0,0,70,0,0 7/27/2018 11:29:56
0,0,0,0,0,0 7/27/2018 11:29:56
0,0,0,0,0,0 7/27/2018 11:29:56
0,0,0,0,0,0 7/27/2018 11:29:56
0,28,0,0,0,0 7/27/2018 11:29:56
0,0,0,0,0,0 7/27/2018 11:29:56
0,1,0,0,0,0 7/27/2018 11:29:56
0,0,0,0,0,0 7/27/2018 11:29:56
0,0,0,0,0,0 7/27/2018 11:29:56
0,0,0,0,0,0 7/27/2018 11:29:56
0,0,0,0,0,0 7/27/2018 11:29:56
0,0,0,0,0,0 7/27/2018 11:29:56
0,0,0,0,0,0 7/27/2018 11:29:56
0,0,0,0,0,0 7/27/2018 11:29:56
0,0,0,0,0,0 7/27/2018 11:29:56
0,0,0,0,0,0 7/27/2018 11:29:56
0,0,0,37,0,0 7/27/2018 11:29:56
0,0,0,164,0,0 7/27/2018 11:29:56
0,0,0,227,0,0 7/27/2018 11:29:56
0,0,0,245,0,0 7/27/2018 11:29:56
0,0,0,238,0,0 7/27/2018 11:29:56
0,0,0,259,0,0 7/27/2018 11:29:57
0,0,0,283,0,0 7/27/2018 11:29:57
0,0,0,298,0,0 7/27/2018 11:29:57
0,0,0,330,0,0 7/27/2018 11:29:57
0,0,0,317,0,0 7/27/2018 11:29:57
0,31,0,302,0,0 7/27/2018 11:29:57
0,34,2,273,0,0 7/27/2018 11:29:57
0,8,9,235,0,0 7/27/2018 11:29:57
0,24,12,233,0,0 7/27/2018 11:29:57
0,26,10,224,0,0 7/27/2018 11:29:57
0,61,10,244,0,0 7/27/2018 11:29:57
0,72,18,273,0,0 7/27/2018 11:29:57
0,73,36,302,0,0 7/27/2018 11:29:57
0,54,44,294,0,0 7/27/2018 11:29:57
0,74,59,316,0,0 7/27/2018 11:29:57
0,71,72,336,0,0 7/27/2018 11:29:57
0,74,73,349,0,0 7/27/2018 11:29:57
0,75,72,349,0,0 7/27/2018 11:29:57
0,81,68,345,0,0 7/27/2018 11:29:57
0,0,46,345,0,0 7/27/2018 11:29:57
0,0,38,334,0,0 7/27/2018 11:29:57
0,0,26,292,0,0 7/27/2018 11:29:57
0,0,38,285,0,0 7/27/2018 11:29:57
0,0,30,274,0,0 7/27/2018 11:29:58
0,0,30,260,0,0 7/27/2018 11:29:58
0,0,33,258,0,0 7/27/2018 11:29:58
0,0,36,258,0,0 7/27/2018 11:29:58
0,0,32,244,0,0 7/27/2018 11:29:58
0,16,31,213,0,0 7/27/2018 11:29:58
0,20,15,157,0,0 7/27/2018 11:29:58
0,0,3,101,0,0 7/27/2018 11:29:58
0,0,0,84,0,0 7/27/2018 11:29:58
0,0,0,9,0,0 7/27/2018 11:29:58
0,0,0,6,0,0 7/27/2018 11:29:58
0,0,0,0,0,0 7/27/2018 11:29:58
0,0,0,0,0,0 7/27/2018 11:29:58
0,0,4,0,0,0 7/27/2018 11:29:58
0,0,7,0,0,0 7/27/2018 11:29:58
0,0,5,0,0,0 7/27/2018 11:29:58
0,0,0,0,0,1 7/27/2018 11:29:58
0,0,0,0,0,0 7/27/2018 11:29:58
0,0,0,0,0,0 7/27/2018 11:29:58
0,0,0,0,0,0 7/27/2018 11:29:58
0,0,0,0,0,0 7/27/2018 11:29:58
0,0,0,0,0,0 7/27/2018 11:29:58
0,0,0,0,0,0 7/27/2018 11:29:59
0,15,0,16,0,0 7/27/2018 11:29:59
0,26,0,40,0,0 7/27/2018 11:29:59
0,31,0,57,0,0 7/27/2018 11:29:59
0,36,0,77,0,0 7/27/2018 11:29:59
0,37,0,93,0,0 7/27/2018 11:29:59
0,45,0,115,0,0 7/27/2018 11:29:59
0,53,0,133,0,0 7/27/2018 11:29:59
0,68,0,166,0,0 7/27/2018 11:29:59
0,72,0,199,0,0 7/27/2018 11:29:59
0,85,0,220,0,0 7/27/2018 11:29:59
0,143,0,220,0,0 7/27/2018 11:29:59
0,143,0,241,0,0 7/27/2018 11:29:59
0,141,0,245,0,0 7/27/2018 11:29:59
0,153,0,266,0,0 7/27/2018 11:29:59
0,162,7,270,0,0 7/27/2018 11:29:59
0,158,6,278,0,0 7/27/2018 11:29:59
0,157,10,286,0,0 7/27/2018 11:29:59
0,161,28,308,0,0 7/27/2018 11:29:59
0,178,31,311,0,0 7/27/2018 11:29:59
0,189,29,333,0,0 7/27/2018 11:29:59
0,187,31,346,0,0 7/27/2018 11:29:59
0,194,32,342,0,0 7/27/2018 11:29:59
0,198,30,330,0,0 7/27/2018 11:30:0
0,196,31,328,0,0 7/27/2018 11:30:0
0,194,33,329,0,0 7/27/2018 11:30:0
0,195,22,329,0,0 7/27/2018 11:30:0
0,198,3,321,0,0 7/27/2018 11:30:0
0,214,0,367,0,0 7/27/2018 11:30:0
0,207,5,373,0,0 7/27/2018 11:30:0
0,218,0,386,0,0 7/27/2018 11:30:0
0,230,0,390,0,0 7/27/2018 11:30:0
0,233,12,393,0,0 7/27/2018 11:30:0
0,214,35,393,0,0 7/27/2018 11:30:0
0,210,45,387,0,0 7/27/2018 11:30:0
0,214,51,391,0,0 7/27/2018 11:30:0
0,207,58,393,0,0 7/27/2018 11:30:0
0,211,66,400,0,0 7/27/2018 11:30:0
0,213,65,411,0,0 7/27/2018 11:30:0
0,207,64,407,0,0 7/27/2018 11:30:0
0,189,62,395,0,0 7/27/2018 11:30:0
0,183,49,353,0,0 7/27/2018 11:30:0
0,176,39,305,0,0 7/27/2018 11:30:0
0,150,46,290,0,0 7/27/2018 11:30:0
0,136,47,283,0,0 7/27/2018 11:30:0
0,133,32,282,0,0 7/27/2018 11:30:0
0,115,22,254,0,0 7/27/2018 11:30:1
0,96,4,175,0,0 7/27/2018 11:30:1
0,104,0,131,0,0 7/27/2018 11:30:1
0,97,0,157,0,0 7/27/2018 11:30:1
0,101,0,172,0,0 7/27/2018 11:30:1
0,103,0,178,0,0 7/27/2018 11:30:1
0,93,0,171,0,0 7/27/2018 11:30:1
0,94,0,179,0,0 7/27/2018 11:30:1
0,94,0,141,0,0 7/27/2018 11:30:1
0,122,0,93,0,0 7/27/2018 11:30:1
0,142,0,18,0,0 7/27/2018 11:30:1
0,163,0,0,0,0 7/27/2018 11:30:1
0,217,0,0,0,0 7/27/2018 11:30:1
0,220,0,0,0,0 7/27/2018 11:30:1
0,150,0,0,0,0 7/27/2018 11:30:1
0,99,0,0,0,0 7/27/2018 11:30:1
0,22,0,0,0,0 7/27/2018 11:30:1
0,0,0,0,0,0 7/27/2018 11:30:1
0,0,0,0,0,0 7/27/2018 11:30:1
0,0,0,0,0,0 7/27/2018 11:30:1
0,0,0,0,0,0 7/27/2018 11:30:1
0,2,0,0,0,0 7/27/2018 11:30:1
0,0,0,0,0,0 7/27/2018 11:30:1
0,22,0,0,0,0 7/27/2018 11:30:2
0,0,0,0,0,0 7/27/2018 11:30:2
0,0,0,0,0,0 7/27/2018 11:30:2
0,0,0,0,0,0 7/27/2018 11:30:2
0,0,0,0,0,0 7/27/2018 11:30:2
0,0,18,0,0,0 7/27/2018 11:30:2
0,37,22,0,0,0 7/27/2018 11:30:2
0,50,19,0,0,0 7/27/2018 11:30:2
0,49,39,0,0,0 7/27/2018 11:30:2
0,73,40,0,0,0 7/27/2018 11:30:2
0,62,35,0,0,0 7/27/2018 11:30:2
0,41,36,0,0,0 7/27/2018 11:30:2
0,44,0,0,0,0 7/27/2018 11:30:2
0,39,0,0,0,0 7/27/2018 11:30:2
0,56,0,0,0,0 7/27/2018 11:30:2
0,38,0,0,0,0 7/27/2018 11:30:2
0,84,0,0,0,0 7/27/2018 11:30:2
0,0,0,0,0,0 7/27/2018 11:30:2
0,16,0,0,0,0 7/27/2018 11:30:2
0,49,0,20,0,0 7/27/2018 11:30:2
0,75,0,104,0,0 7/27/2018 11:30:2
0,91,0,176,0,0 7/27/2018 11:30:2
0,105,0,259,0,0 7/27/2018 11:30:3
0,82,4,279,0,0 7/27/2018 11:30:3
0,80,5,280,0,0 7/27/2018 11:30:3
0,68,0,274,0,0 7/27/2018 11:30:3
0,83,0,281,0,0 7/27/2018 11:30:3
0,81,22,283,0,0 7/27/2018 11:30:3
0,74,25,280,0,0 7/27/2018 11:30:3
0,74,32,279,0,0 7/27/2018 11:30:3
0,86,35,284,0,0 7/27/2018 11:30:3
0,74,38,282,0,0 7/27/2018 11:30:3
0,74,40,282,0,0 7/27/2018 11:30:3
0,78,45,277,0,0 7/27/2018 11:30:3
0,79,45,261,0,0 7/27/2018 11:30:3
0,80,43,252,0,0 7/27/2018 11:30:3
0,76,33,236,0,0 7/27/2018 11:30:3
0,59,30,190,0,0 7/27/2018 11:30:3
0,43,21,105,0,0 7/27/2018 11:30:3
0,0,0,18,0,0 7/27/2018 11:30:3
0,0,0,21,0,0 7/27/2018 11:30:3
0,0,0,12,0,0 7/27/2018 11:30:3
0,0,0,15,0,0 7/27/2018 11:30:3
0,0,4,0,0,0 7/27/2018 11:30:3
0,0,5,0,0,0 7/27/2018 11:30:3
0,0,21,0,0,0 7/27/2018 11:30:4
0,0,37,0,0,0 7/27/2018 11:30:4
0,0,37,0,0,0 7/27/2018 11:30:4
0,0,45,0,0,0 7/27/2018 11:30:4
0,0,33,0,0,0 7/27/2018 11:30:4
0,0,0,0,0,0 7/27/2018 11:30:4
0,0,0,0,0,0 7/27/2018 11:30:4
0,0,0,15,0,0 7/27/2018 11:30:4
0,0,2,40,0,0 7/27/2018 11:30:4
0,0,1,48,0,0 7/27/2018 11:30:4
0,0,0,55,0,0 7/27/2018 11:30:4
0,0,0,60,0,0 7/27/2018 11:30:4
0,0,5,72,0,0 7/27/2018 11:30:4
0,0,9,84,0,0 7/27/2018 11:30:4
0,0,7,87,0,0 7/27/2018 11:30:4
0,0,19,124,0,0 7/27/2018 11:30:4
0,0,21,131,0,0 7/27/2018 11:30:4
0,0,21,132,0,0 7/27/2018 11:30:4
0,0,19,148,0,0 7/27/2018 11:30:4
0,0,21,154,0,0 7/27/2018 11:30:4
0,0,25,154,0,0 7/27/2018 11:30:4
0,0,22,148,0,0 7/27/2018 11:30:4
0,0,14,134,0,0 7/27/2018 11:30:4
0,0,0,121,0,0 7/27/2018 11:30:5
0,0,0,86,0,0 7/27/2018 11:30:5
0,0,0,81,0,0 7/27/2018 11:30:5
0,0,0,97,0,0 7/27/2018 11:30:5
0,0,18,127,0,0 7/27/2018 11:30:5
0,0,28,142,0,0 7/27/2018 11:30:5
0,0,33,163,0,0 7/27/2018 11:30:5
0,0,24,187,0,0 7/27/2018 11:30:5
0,0,41,205,0,0 7/27/2018 11:30:5
0,0,38,219,0,0 7/27/2018 11:30:5
0,0,63,235,0,0 7/27/2018 11:30:5
0,0,74,234,0,0 7/27/2018 11:30:5
0,0,81,251,0,0 7/27/2018 11:30:5
0,0,78,261,0,0 7/27/2018 11:30:5
0,0,74,235,0,0 7/27/2018 11:30:5
0,0,70,236,0,0 7/27/2018 11:30:5
0,0,57,225,0,0 7/27/2018 11:30:5
0,0,56,227,0,0 7/27/2018 11:30:5
0,0,57,222,0,0 7/27/2018 11:30:5
0,0,48,224,0,0 7/27/2018 11:30:5
0,0,48,230,0,0 7/27/2018 11:30:5
0,0,41,225,0,0 7/27/2018 11:30:5
0,8,38,231,0,0 7/27/2018 11:30:5
0,43,52,272,0,0 7/27/2018 11:30:6
0,44,59,317,0,0 7/27/2018 11:30:6
0,35,59,329,0,0 7/27/2018 11:30:6
0,17,55,369,0,0 7/27/2018 11:30:6
0,0,57,385,0,0 7/27/2018 11:30:6
0,0,70,414,0,0 7/27/2018 11:30:6
0,0,60,404,0,0 7/27/2018 11:30:6
0,0,61,391,0,0 7/27/2018 11:30:6
0,0,68,370,0,0 7/27/2018 11:30:6
0,0,70,342,0,0 7/27/2018 11:30:6
0,0,57,339,0,0 7/27/2018 11:30:6
0,0,0,328,0,0 7/27/2018 11:30:6
0,0,11,329,0,0 7/27/2018 11:30:6
0,0,0,316,0,0 7/27/2018 11:30:6
0,0,0,289,0,0 7/27/2018 11:30:6
0,0,0,238,0,0 7/27/2018 11:30:6
0,0,0,210,0,0 7/27/2018 11:30:6
0,0,0,166,0,0 7/27/2018 11:30:6
0,0,0,91,0,0 7/27/2018 11:30:6
0,0,0,29,0,0 7/27/2018 11:30:6
0,0,0,0,0,0 7/27/2018 11:30:6
0,0,0,0,0,0 7/27/2018 11:30:6
0,0,0,0,0,0 7/27/2018 11:30:7
0,0,0,0,0,0 7/27/2018 11:30:7
0,0,0,0,0,0 7/27/2018 11:30:7
0,0,0,0,0,0 7/27/2018 11:30:7
0,0,0,47,0,0 7/27/2018 11:30:7
0,0,17,133,0,0 7/27/2018 11:30:7
0,0,21,205,0,0 7/27/2018 11:30:7
0,10,22,277,0,0 7/27/2018 11:30:7
0,6,31,350,0,0 7/27/2018 11:30:7
0,1,33,449,0,0 7/27/2018 11:30:7
0,33,40,474,0,0 7/27/2018 11:30:7
0,41,25,479,0,0 7/27/2018 11:30:7
0,37,0,501,0,0 7/27/2018 11:30:7
0,47,0,485,0,0 7/27/2018 11:30:7
0,36,0,477,0,0 7/27/2018 11:30:7
0,28,4,452,0,0 7/27/2018 11:30:7
0,33,19,424,0,0 7/27/2018 11:30:7
0,33,26,401,0,0 7/27/2018 11:30:7
0,20,25,355,0,0 7/27/2018 11:30:7
0,0,21,334,0,0 7/27/2018 11:30:7
0,0,36,266,0,0 7/27/2018 11:30:7
0,0,35,220,0,0 7/27/2018 11:30:7
0,0,38,199,0,0 7/27/2018 11:30:7
0,0,47,180,0,0 7/27/2018 11:30:8
0,0,67,108,0,0 7/27/2018 11:30:8
0,0,38,70,0,0 7/27/2018 11:30:8
0,0,54,140,0,0 7/27/2018 11:30:8
0,8,62,179,0,0 7/27/2018 11:30:8
0,0,92,213,0,0 7/27/2018 11:30:8
0,0,94,233,0,0 7/27/2018 11:30:8
0,0,98,240,0,0 7/27/2018 11:30:8
0,0,99,221,0,0 7/27/2018 11:30:8
0,0,98,215,0,0 7/27/2018 11:30:8
0,1,87,213,0,0 7/27/2018 11:30:8
0,7,83,206,0,0 7/27/2018 11:30:8
0,24,66,208,0,0 7/27/2018 11:30:8
0,58,47,210,0,0 7/27/2018 11:30:8
0,67,34,191,0,0 7/27/2018 11:30:8
0,63,30,206,0,0 7/27/2018 11:30:8
0,35,17,194,0,0 7/27/2018 11:30:8
0,9,16,188,0,0 7/27/2018 11:30:8
0,0,13,176,0,0 7/27/2018 11:30:8
0,15,9,155,0,0 7/27/2018 11:30:8
0,88,1,126,0,0 7/27/2018 11:30:8
0,101,0,51,0,0 7/27/2018 11:30:8
0,134,0,49,0,0 7/27/2018 11:30:8
0,162,7,87,0,0 7/27/2018 11:30:9
0,182,2,130,0,0 7/27/2018 11:30:9
0,219,2,123,0,0 7/27/2018 11:30:9
0,163,1,178,0,0 7/27/2018 11:30:9
0,0,0,234,0,0 7/27/2018 11:30:9
0,0,24,281,0,0 7/27/2018 11:30:9
0,0,28,262,0,0 7/27/2018 11:30:9
0,0,26,298,0,0 7/27/2018 11:30:9
0,0,29,325,0,0 7/27/2018 11:30:9
0,0,28,325,0,0 7/27/2018 11:30:9
0,0,30,324,0,0 7/27/2018 11:30:9
0,0,17,330,0,0 7/27/2018 11:30:9
0,0,0,333,0,0 7/27/2018 11:30:9
0,0,6,328,0,0 7/27/2018 11:30:9
0,0,9,353,0,0 7/27/2018 11:30:9
0,0,0,299,0,0 7/27/2018 11:30:9
0,0,0,172,0,0 7/27/2018 11:30:9
0,0,0,70,0,0 7/27/2018 11:30:9
0,0,0,22,0,0 7/27/2018 11:30:9
0,0,0,4,0,0 7/27/2018 11:30:9
0,0,0,0,0,0 7/27/2018 11:30:9
0,0,0,0,0,0 7/27/2018 11:30:9
0,0,0,0,0,0 7/27/2018 11:30:9
0,0,0,0,0,0 7/27/2018 11:30:10
0,0,0,0,0,0 7/27/2018 11:30:10
0,0,0,0,0,0 7/27/2018 11:30:10
0,0,0,0,0,0 7/27/2018 11:30:10
0,0,0,0,0,0 7/27/2018 11:30:10
0,0,0,0,0,0 7/27/2018 11:30:10
0,0,0,0,0,0 7/27/2018 11:30:10
0,0,0,12,0,0 7/27/2018 11:30:10
0,0,0,53,0,0 7/27/2018 11:30:10
0,0,0,93,0,0 7/27/2018 11:30:10
0,0,0,101,0,0 7/27/2018 11:30:10
0,0,0,120,0,0 7/27/2018 11:30:10
0,0,0,119,0,0 7/27/2018 11:30:10
0,0,0,123,0,0 7/27/2018 11:30:10
0,0,4,136,0,0 7/27/2018 11:30:10
0,0,8,150,0,0 7/27/2018 11:30:10
0,0,2,163,0,0 7/27/2018 11:30:10
0,0,7,182,0,0 7/27/2018 11:30:10
0,0,3,202,0,0 7/27/2018 11:30:10
0,25,0,218,0,0 7/27/2018 11:30:10
0,47,0,270,0,0 7/27/2018 11:30:10
0,70,0,287,0,0 7/27/2018 11:30:10
0,62,0,238,0,0 7/27/2018 11:30:11
0,41,0,277,0,0 7/27/2018 11:30:11
0,0,0,293,0,0 7/27/2018 11:30:11
0,0,6,278,0,0 7/27/2018 11:30:11
0,0,1,238,0,0 7/27/2018 11:30:11
0,0,1,235,0,0 7/27/2018 11:30:11
0,14,3,240,0,0 7/27/2018 11:30:11
0,6,12,255,0,0 7/27/2018 11:30:11
0,49,14,279,0,0 7/27/2018 11:30:11
0,73,17,296,0,0 7/27/2018 11:30:11
0,107,45,346,0,0 7/27/2018 11:30:11
0,114,41,385,0,0 7/27/2018 11:30:11
0,217,51,437,0,0 7/27/2018 11:30:11
0,239,68,478,0,0 7/27/2018 11:30:11
0,282,53,522,0,0 7/27/2018 11:30:11
0,315,53,529,0,0 7/27/2018 11:30:11
0,313,71,532,0,0 7/27/2018 11:30:11
0,293,74,517,0,0 7/27/2018 11:30:11
0,245,69,509,0,0 7/27/2018 11:30:11
0,120,45,420,0,0 7/27/2018 11:30:11
0,0,25,295,0,0 7/27/2018 11:30:11
0,0,18,277,0,0 7/27/2018 11:30:11
0,0,14,225,0,0 7/27/2018 11:30:11
0,0,4,193,0,0 7/27/2018 11:30:12
0,0,0,167,0,1 7/27/2018 11:30:12
0,0,11,136,0,0 7/27/2018 11:30:12
0,0,15,106,0,0 7/27/2018 11:30:12
0,0,15,97,0,0 7/27/2018 11:30:12
0,0,20,105,0,0 7/27/2018 11:30:12
0,0,22,113,0,0 7/27/2018 11:30:12
0,0,31,101,0,0 7/27/2018 11:30:12
0,0,53,89,0,0 7/27/2018 11:30:12
0,0,56,75,0,0 7/27/2018 11:30:12
0,0,42,43,0,0 7/27/2018 11:30:12
0,0,60,0,0,0 7/27/2018 11:30:12
0,0,62,0,0,0 7/27/2018 11:30:12
0,0,56,0,0,0 7/27/2018 11:30:12
0,0,64,0,0,0 7/27/2018 11:30:12
0,0,48,0,0,0 7/27/2018 11:30:12
0,0,50,0,0,0 7/27/2018 11:30:12
0,0,44,0,0,0 7/27/2018 11:30:12
0,0,43,40,0,0 7/27/2018 11:30:12
0,0,1,148,0,0 7/27/2018 11:30:12
0,0,3,191,0,0 7/27/2018 11:30:12
0,0,0,222,0,0 7/27/2018 11:30:12
0,0,0,281,0,0 7/27/2018 11:30:12
0,64,40,331,0,0 7/27/2018 11:30:13
0,70,47,371,0,0 7/27/2018 11:30:13
0,90,51,385,0,0 7/27/2018 11:30:13
0,86,36,400,0,0 7/27/2018 11:30:13
0,83,4,400,0,0 7/27/2018 11:30:13
0,77,35,399,0,0 7/27/2018 11:30:13
0,53,38,386,0,0 7/27/2018 11:30:13
0,4,37,398,0,0 7/27/2018 11:30:13
0,31,33,380,0,0 7/27/2018 11:30:13
0,48,37,340,0,0 7/27/2018 11:30:13
0,44,31,307,0,0 7/27/2018 11:30:13
0,43,36,242,0,0 7/27/2018 11:30:13
0,43,43,194,0,0 7/27/2018 11:30:13
0,39,42,193,0,0 7/27/2018 11:30:13
0,43,39,204,0,0 7/27/2018 11:30:13
0,51,54,165,0,0 7/27/2018 11:30:13
0,28,64,135,0,0 7/27/2018 11:30:13
0,37,66,108,0,0 7/27/2018 11:30:13
0,8,64,54,1,0 7/27/2018 11:30:13
0,0,64,7,0,0 7/27/2018 11:30:13
0,0,22,0,0,0 7/27/2018 11:30:13
0,0,24,0,0,0 7/27/2018 11:30:13
0,22,39,0,0,0 7/27/2018 11:30:13
0,0,37,0,0,0 7/27/2018 11:30:14
0,0,40,0,0,0 7/27/2018 11:30:14
0,0,32,0,0,0 7/27/2018 11:30:14
0,0,35,0,0,0 7/27/2018 11:30:14
0,0,40,0,0,0 7/27/2018 11:30:14
0,21,3,0,0,0 7/27/2018 11:30:14
0,49,33,0,0,0 7/27/2018 11:30:14
0,53,0,0,0,0 7/27/2018 11:30:14
0,64,4,0,0,0 7/27/2018 11:30:14
0,68,0,0,0,0 7/27/2018 11:30:14
0,72,0,0,0,0 7/27/2018 11:30:14
0,101,0,0,0,0 7/27/2018 11:30:14
0,185,0,26,0,0 7/27/2018 11:30:14
0,172,0,49,0,0 7/27/2018 11:30:14
0,183,0,66,0,0 7/27/2018 11:30:14
0,257,0,138,0,0 7/27/2018 11:30:14
0,297,0,162,0,0 7/27/2018 11:30:14
0,291,0,181,0,0 7/27/2018 11:30:14
0,216,2,163,0,0 7/27/2018 11:30:14
0,181,13,113,0,0 7/27/2018 11:30:14
0,157,13,21,0,0 7/27/2018 11:30:14
0,107,12,18,0,0 7/27/2018 11:30:14
0,85,23,0,0,0 7/27/2018 11:30:15
0,38,42,36,0,0 7/27/2018 11:30:15
0,0,37,130,0,0 7/27/2018 11:30:15
0,0,35,139,0,0 7/27/2018 11:30:15
0,0,35,182,0,0 7/27/2018 11:30:15
0,0,38,218,0,0 7/27/2018 11:30:15
0,0,37,285,0,0 7/27/2018 11:30:15
0,0,38,293,0,0 7/27/2018 11:30:15
0,0,38,375,0,0 7/27/2018 11:30:15
0,0,36,397,0,0 7/27/2018 11:30:15
0,0,36,418,0,0 7/27/2018 11:30:15
0,0,34,403,0,0 7/27/2018 11:30:15
0,0,34,410,0,0 7/27/2018 11:30:15
0,0,33,389,0,0 7/27/2018 11:30:15
0,0,34,269,0,0 7/27/2018 11:30:15
0,0,34,57,0,0 7/27/2018 11:30:15
0,0,30,0,0,0 7/27/2018 11:30:15
0,0,34,0,0,0 7/27/2018 11:30:15
0,0,29,0,0,0 7/27/2018 11:30:15
0,0,25,0,0,0 7/27/2018 11:30:15
0,0,20,0,0,0 7/27/2018 11:30:15
0,0,18,0,0,0 7/27/2018 11:30:15
0,0,10,0,0,0 7/27/2018 11:30:15
0,0,5,0,0,0 7/27/2018 11:30:16
0,0,12,0,0,0 7/27/2018 11:30:16
0,0,13,0,0,0 7/27/2018 11:30:16
0,0,40,0,0,0 7/27/2018 11:30:16
0,0,32,0,0,0 7/27/2018 11:30:16
0,0,17,0,0,0 7/27/2018 11:30:16
0,0,21,0,0,0 7/27/2018 11:30:16
0,0,22,0,0,0 7/27/2018 11:30:16
0,0,0,0,0,0 7/27/2018 11:30:16
0,0,0,0,0,0 7/27/2018 11:30:16
0,0,0,0,0,0 7/27/2018 11:30:16
0,0,0,0,0,0 7/27/2018 11:30:16
0,0,0,0,0,0 7/27/2018 11:30:16
0,0,0,0,0,0 7/27/2018 11:30:16
0,0,0,0,0,0 7/27/2018 11:30:16
0,0,0,0,0,0 7/27/2018 11:30:16
0,0,0,0,0,0 7/27/2018 11:30:16
0,0,0,0,0,0 7/27/2018 11:30:16
0,0,0,0,0,0 7/27/2018 11:30:16
0,0,0,0,0,0 7/27/2018 11:30:16
0,0,0,0,0,0 7/27/2018 11:30:16
0,0,0,0,0,0 7/27/2018 11:30:16
0,0,0,0,0,0 7/27/2018 11:30:16
0,0,0,0,0,0 7/27/2018 11:30:17
0,0,0,0,0,0 7/27/2018 11:30:17
0,0,0,0,0,0 7/27/2018 11:30:17
0,0,0,0,0,0 7/27/2018 11:30:17
0,0,0,0,0,0 7/27/2018 11:30:17
0,0,0,0,0,0 7/27/2018 11:30:17
0,0,0,0,0,0 7/27/2018 11:30:17
0,0,0,0,0,0 7/27/2018 11:30:17
0,0,0,0,0,0 7/27/2018 11:30:17
0,0,0,0,0,0 7/27/2018 11:30:17
0,0,0,0,0,0 7/27/2018 11:30:17
0,0,1,0,0,0 7/27/2018 11:30:17
0,0,8,0,0,0 7/27/2018 11:30:17
0,0,4,0,0,0 7/27/2018 11:30:17
0,0,4,0,0,0 7/27/2018 11:30:17
0,0,8,0,0,0 7/27/2018 11:30:17
0,0,5,0,0,0 7/27/2018 11:30:17
0,0,6,0,0,0 7/27/2018 11:30:17
0,0,7,0,0,0 7/27/2018 11:30:17
0,0,2,0,0,0 7/27/2018 11:30:17
0,0,4,0,0,0 7/27/2018 11:30:17
0,0,6,0,0,0 7/27/2018 11:30:17
0,0,11,0,0,0 7/27/2018 11:30:18
0,0,9,0,0,0 7/27/2018 11:30:18
0,0,8,0,0,0 7/27/2018 11:30:18
0,0,8,0,0,0 7/27/2018 11:30:18
0,0,2,0,0,0 7/27/2018 11:30:18
0,0,0,0,0,0 7/27/2018 11:30:18
0,0,1,0,0,0 7/27/2018 11:30:18
0,0,11,0,0,0 7/27/2018 11:30:18
0,0,9,0,0,0 7/27/2018 11:30:18
0,0,10,0,0,0 7/27/2018 11:30:18
0,0,10,0,0,0 7/27/2018 11:30:18
0,0,7,0,0,0 7/27/2018 11:30:18
0,0,12,0,0,0 7/27/2018 11:30:18
0,0,12,0,0,0 7/27/2018 11:30:18
0,0,11,0,0,0 7/27/2018 11:30:18
0,0,10,0,0,0 7/27/2018 11:30:18
0,0,8,0,0,0 7/27/2018 11:30:18
0,0,11,0,0,0 7/27/2018 11:30:18
0,0,11,0,0,0 7/27/2018 11:30:18
