0,169,0,86,0,0 7/27/2018 11:30:59
0,120,37,83,0,0 7/27/2018 11:31:0
0,80,59,57,0,0 7/27/2018 11:31:0
0,80,71,66,0,0 7/27/2018 11:31:0
0,31,75,73,0,0 7/27/2018 11:31:0
0,0,75,57,0,0 7/27/2018 11:31:0
0,35,72,40,0,0 7/27/2018 11:31:0
0,307,70,44,0,0 7/27/2018 11:31:0
0,120,10,140,0,0 7/27/2018 11:31:0
0,151,0,213,0,0 7/27/2018 11:31:0
0,190,37,121,0,0 7/27/2018 11:31:0
0,8,66,50,0,0 7/27/2018 11:31:0
0,322,40,30,0,0 7/27/2018 11:31:0
0,429,17,76,0,0 7/27/2018 11:31:0
0,63,40,69,0,0 7/27/2018 11:31:0
0,89,42,58,0,0 7/27/2018 11:31:0
0,21,82,0,0,0 7/27/2018 11:31:0
0,140,43,0,0,0 7/27/2018 11:31:0
0,24,6,155,0,0 7/27/2018 11:31:0
0,105,38,140,0,0 7/27/2018 11:31:0
0,0,45,25,0,0 7/27/2018 11:31:0
0,69,77,0,0,0 7/27/2018 11:31:0
0,17,20,74,0,0 7/27/2018 11:31:0
0,0,37,178,0,0 7/27/2018 11:31:0
0,101,34,74,0,0 7/27/2018 11:31:1
0,0,54,0,0,0 7/27/2018 11:31:1
0,0,32,0,0,0 7/27/2018 11:31:1
0,0,0,0,0,0 7/27/2018 11:31:1
0,0,0,3,0,0 7/27/2018 11:31:1
0,45,50,0,0,0 7/27/2018 11:31:1
0,0,38,0,0,0 7/27/2018 11:31:1
0,0,21,23,0,0 7/27/2018 11:31:1
0,0,6,105,0,0 7/27/2018 11:31:1
0,202,10,84,0,0 7/27/2018 11:31:1
0,0,74,30,0,0 7/27/2018 11:31:1
0,138,36,73,0,0 7/27/2018 11:31:1
0,152,5,175,0,0 7/27/2018 11:31:1
0,0,0,203,0,0 7/27/2018 11:31:1
0,0,34,48,0,0 7/27/2018 11:31:1
0,0,65,0,0,0 7/27/2018 11:31:1
0,17,118,14,0,0 7/27/2018 11:31:1
0,0,0,221,0,0 7/27/2018 11:31:1
0,0,0,215,0,0 7/27/2018 11:31:1
0,0,35,89,0,0 7/27/2018 11:31:1
0,0,70,0,0,0 7/27/2018 11:31:1
0,0,33,0,0,0 7/27/2018 11:31:1
0,0,2,64,0,0 7/27/2018 11:31:1
0,13,0,149,0,0 7/27/2018 11:31:2
0,0,36,38,0,0 7/27/2018 11:31:2
0,0,61,0,0,0 7/27/2018 11:31:2
0,0,35,0,0,0 7/27/2018 11:31:2
0,77,0,256,0,0 7/27/2018 11:31:2
0,115,13,147,0,0 7/27/2018 11:31:2
0,154,49,0,0,0 7/27/2018 11:31:2
0,0,73,0,0,0 7/27/2018 11:31:2
0,0,38,0,0,0 7/27/2018 11:31:2
0,30,0,127,0,0 7/27/2018 11:31:2
0,64,30,56,0,0 7/27/2018 11:31:2
0,0,56,0,0,0 7/27/2018 11:31:2
0,0,69,0,0,0 7/27/2018 11:31:2
0,0,22,0,0,0 7/27/2018 11:31:2
0,0,0,48,0,0 7/27/2018 11:31:2
0,76,38,0,0,0 7/27/2018 11:31:2
0,105,43,0,0,0 7/27/2018 11:31:2
0,132,47,0,0,0 7/27/2018 11:31:2
0,0,63,0,0,0 7/27/2018 11:31:2
0,0,72,0,0,0 7/27/2018 11:31:2
0,0,349,0,0,0 7/27/2018 11:31:2
0,0,253,0,0,0 7/27/2018 11:31:2
0,0,65,0,0,0 7/27/2018 11:31:3
0,0,0,0,0,0 7/27/2018 11:31:3
0,0,12,0,0,0 7/27/2018 11:31:3
0,0,9,0,0,0 7/27/2018 11:31:3
0,0,0,0,0,0 7/27/2018 11:31:3
0,0,0,0,0,0 7/27/2018 11:31:3
0,0,0,0,0,0 7/27/2018 11:31:3
0,0,26,0,0,0 7/27/2018 11:31:3
0,0,16,0,0,0 7/27/2018 11:31:3
0,0,0,0,0,0 7/27/2018 11:31:3
0,0,0,0,0,0 7/27/2018 11:31:3
0,0,0,0,0,0 7/27/2018 11:31:3
0,73,36,0,0,0 7/27/2018 11:31:3
0,0,27,0,0,0 7/27/2018 11:31:3
0,0,41,0,0,0 7/27/2018 11:31:3
0,0,33,73,0,0 7/27/2018 11:31:3
0,0,39,0,0,0 7/27/2018 11:31:3
0,60,0,0,0,0 7/27/2018 11:31:3
0,75,51,0,0,0 7/27/2018 11:31:3
0,10,37,0,0,0 7/27/2018 11:31:3
0,0,9,0,0,0 7/27/2018 11:31:3
0,0,14,50,0,0 7/27/2018 11:31:3
0,0,18,0,0,0 7/27/2018 11:31:3
0,0,26,0,0,0 7/27/2018 11:31:4
0,0,4,0,0,0 7/27/2018 11:31:4
0,0,6,0,0,0 7/27/2018 11:31:4
0,0,0,0,0,0 7/27/2018 11:31:4
0,0,0,0,0,0 7/27/2018 11:31:4
0,0,0,63,0,0 7/27/2018 11:31:4
0,0,16,0,0,0 7/27/2018 11:31:4
0,0,33,0,0,0 7/27/2018 11:31:4
0,0,38,0,0,0 7/27/2018 11:31:4
0,0,46,0,0,0 7/27/2018 11:31:4
0,0,69,0,0,0 7/27/2018 11:31:4
0,0,38,112,0,0 7/27/2018 11:31:4
0,0,43,110,0,0 7/27/2018 11:31:4
0,11,43,142,0,0 7/27/2018 11:31:4
0,0,38,3,0,0 7/27/2018 11:31:4
0,42,44,0,0,0 7/27/2018 11:31:4
0,0,37,0,0,0 7/27/2018 11:31:4
0,0,37,0,0,0 7/27/2018 11:31:4
0,61,44,172,0,0 7/27/2018 11:31:4
0,76,50,190,0,0 7/27/2018 11:31:4
0,69,56,103,0,0 7/27/2018 11:31:4
0,45,29,0,0,0 7/27/2018 11:31:4
0,148,77,0,0,0 7/27/2018 11:31:4
0,0,31,14,0,0 7/27/2018 11:31:5
0,0,54,129,0,0 7/27/2018 11:31:5
0,0,75,87,0,0 7/27/2018 11:31:5
0,40,46,0,0,0 7/27/2018 11:31:5
0,133,78,0,0,0 7/27/2018 11:31:5
0,0,27,27,0,0 7/27/2018 11:31:5
0,50,23,165,0,0 7/27/2018 11:31:5
0,0,36,91,0,0 7/27/2018 11:31:5
0,0,49,0,0,0 7/27/2018 11:31:5
0,0,50,0,0,0 7/27/2018 11:31:5
0,0,21,0,0,0 7/27/2018 11:31:5
0,0,44,129,0,0 7/27/2018 11:31:5
0,0,41,161,0,0 7/27/2018 11:31:5
0,0,57,133,0,0 7/27/2018 11:31:5
0,0,48,0,0,0 7/27/2018 11:31:5
0,58,48,0,0,0 7/27/2018 11:31:5
0,0,44,0,0,0 7/27/2018 11:31:5
0,0,64,72,0,0 7/27/2018 11:31:5
0,0,54,180,0,0 7/27/2018 11:31:5
0,0,52,75,0,0 7/27/2018 11:31:5
0,107,38,0,0,0 7/27/2018 11:31:5
0,141,43,0,0,0 7/27/2018 11:31:5
0,0,48,107,0,0 7/27/2018 11:31:5
0,0,37,139,0,0 7/27/2018 11:31:6
0,0,54,56,0,0 7/27/2018 11:31:6
0,71,45,0,0,0 7/27/2018 11:31:6
0,142,59,0,0,0 7/27/2018 11:31:6
0,0,52,270,0,0 7/27/2018 11:31:6
0,0,42,197,0,0 7/27/2018 11:31:6
0,0,62,44,0,0 7/27/2018 11:31:6
0,49,25,0,0,0 7/27/2018 11:31:6
0,68,33,0,0,0 7/27/2018 11:31:6
0,25,33,338,0,0 7/27/2018 11:31:6
0,0,43,138,0,0 7/27/2018 11:31:6
0,127,63,0,0,0 7/27/2018 11:31:6
0,157,62,0,0,0 7/27/2018 11:31:6
0,0,41,111,0,0 7/27/2018 11:31:6
0,0,41,196,0,0 7/27/2018 11:31:6
0,0,60,145,0,0 7/27/2018 11:31:6
0,157,32,0,0,0 7/27/2018 11:31:6
0,191,84,0,0,0 7/27/2018 11:31:6
0,0,57,128,0,0 7/27/2018 11:31:6
0,0,25,134,0,0 7/27/2018 11:31:6
0,0,40,115,0,0 7/27/2018 11:31:6
0,0,38,0,0,0 7/27/2018 11:31:6
0,126,66,0,0,0 7/27/2018 11:31:7
0,19,39,0,0,0 7/27/2018 11:31:7
0,0,31,217,0,0 7/27/2018 11:31:7
0,0,30,82,0,0 7/27/2018 11:31:7
0,43,50,0,0,0 7/27/2018 11:31:7
0,90,41,0,0,0 7/27/2018 11:31:7
0,0,45,0,0,0 7/27/2018 11:31:7
0,0,10,141,0,0 7/27/2018 11:31:7
0,0,39,78,0,0 7/27/2018 11:31:7
0,0,74,0,0,0 7/27/2018 11:31:7
0,0,43,0,0,0 7/27/2018 11:31:7
0,44,0,0,0,0 7/27/2018 11:31:7
0,0,37,38,0,0 7/27/2018 11:31:7
0,0,22,154,0,0 7/27/2018 11:31:7
0,0,48,130,0,0 7/27/2018 11:31:7
0,88,18,0,0,0 7/27/2018 11:31:7
0,114,0,0,0,0 7/27/2018 11:31:7
0,22,24,86,0,0 7/27/2018 11:31:7
0,0,35,131,0,0 7/27/2018 11:31:7
0,0,46,150,0,0 7/27/2018 11:31:7
0,45,67,0,0,0 7/27/2018 11:31:7
0,133,64,0,0,0 7/27/2018 11:31:7
0,100,42,0,0,0 7/27/2018 11:31:7
0,0,23,158,0,0 7/27/2018 11:31:8
0,0,34,136,0,0 7/27/2018 11:31:8
0,0,40,0,0,0 7/27/2018 11:31:8
0,160,52,0,0,0 7/27/2018 11:31:8
0,89,43,0,0,0 7/27/2018 11:31:8
0,0,33,78,0,0 7/27/2018 11:31:8
0,0,61,130,0,0 7/27/2018 11:31:8
0,0,67,0,0,0 7/27/2018 11:31:8
0,0,76,0,0,0 7/27/2018 11:31:8
0,1,85,0,0,0 7/27/2018 11:31:8
0,0,49,0,0,0 7/27/2018 11:31:8
0,0,84,98,0,0 7/27/2018 11:31:8
0,0,69,14,0,0 7/27/2018 11:31:8
0,0,71,0,0,0 7/27/2018 11:31:8
0,0,68,0,0,0 7/27/2018 11:31:8
0,0,59,0,0,0 7/27/2018 11:31:8
0,0,63,37,0,0 7/27/2018 11:31:8
0,0,80,88,0,0 7/27/2018 11:31:8
0,5,71,0,0,0 7/27/2018 11:31:8
0,45,86,0,0,0 7/27/2018 11:31:8
0,0,85,0,0,0 7/27/2018 11:31:8
0,0,55,48,0,0 7/27/2018 11:31:8
0,0,73,251,0,0 7/27/2018 11:31:8
0,0,71,144,0,0 7/27/2018 11:31:9
0,0,79,47,0,0 7/27/2018 11:31:9
0,42,81,0,0,0 7/27/2018 11:31:9
0,41,84,44,0,0 7/27/2018 11:31:9
0,0,68,213,0,0 7/27/2018 11:31:9
0,0,84,248,0,0 7/27/2018 11:31:9
0,0,90,251,0,0 7/27/2018 11:31:9
0,0,84,49,0,0 7/27/2018 11:31:9
0,42,80,40,0,0 7/27/2018 11:31:9
0,0,88,73,0,0 7/27/2018 11:31:9
0,0,70,229,0,0 7/27/2018 11:31:9
0,0,92,234,0,0 7/27/2018 11:31:9
0,0,92,206,0,0 7/27/2018 11:31:9
0,47,78,38,0,0 7/27/2018 11:31:9
0,62,76,0,0,0 7/27/2018 11:31:9
0,0,64,97,0,0 7/27/2018 11:31:9
0,0,98,401,0,0 7/27/2018 11:31:9
0,0,72,265,0,0 7/27/2018 11:31:9
0,13,73,14,0,0 7/27/2018 11:31:9
0,119,84,0,0,0 7/27/2018 11:31:9
0,0,54,160,0,0 7/27/2018 11:31:9
0,0,94,385,0,0 7/27/2018 11:31:9
0,0,59,227,0,0 7/27/2018 11:31:9
0,30,77,0,0,0 7/27/2018 11:31:10
0,119,82,0,0,0 7/27/2018 11:31:10
0,0,57,133,0,0 7/27/2018 11:31:10
0,0,100,361,0,0 7/27/2018 11:31:10
0,0,67,267,0,0 7/27/2018 11:31:10
0,0,76,0,0,0 7/27/2018 11:31:10
0,107,76,0,0,0 7/27/2018 11:31:10
0,42,65,59,0,0 7/27/2018 11:31:10
0,0,103,395,0,0 7/27/2018 11:31:10
0,0,68,282,0,0 7/27/2018 11:31:10
0,38,77,0,0,0 7/27/2018 11:31:10
0,45,75,0,0,0 7/27/2018 11:31:10
0,0,76,0,0,0 7/27/2018 11:31:10
0,0,89,323,0,0 7/27/2018 11:31:10
0,0,48,126,0,0 7/27/2018 11:31:10
0,7,80,0,0,0 7/27/2018 11:31:10
0,0,37,0,0,0 7/27/2018 11:31:10
0,0,66,0,0,0 7/27/2018 11:31:10
0,0,86,320,0,0 7/27/2018 11:31:10
0,0,57,142,0,0 7/27/2018 11:31:10
0,1,88,47,0,0 7/27/2018 11:31:10
0,51,87,0,0,0 7/27/2018 11:31:10
0,42,86,0,0,0 7/27/2018 11:31:11
0,0,61,254,0,0 7/27/2018 11:31:11
0,0,56,152,0,0 7/27/2018 11:31:11
0,0,75,132,0,0 7/27/2018 11:31:11
0,44,74,0,0,0 7/27/2018 11:31:11
0,78,69,0,0,0 7/27/2018 11:31:11
0,0,74,50,0,0 7/27/2018 11:31:11
0,0,80,129,0,0 7/27/2018 11:31:11
0,0,58,176,0,0 7/27/2018 11:31:11
0,0,35,0,0,0 7/27/2018 11:31:11
0,0,55,0,0,0 7/27/2018 11:31:11
0,0,61,0,0,0 7/27/2018 11:31:11
0,0,58,208,0,0 7/27/2018 11:31:11
0,0,51,196,0,0 7/27/2018 11:31:11
0,0,52,122,0,0 7/27/2018 11:31:11
0,6,39,0,0,0 7/27/2018 11:31:11
0,0,41,0,0,0 7/27/2018 11:31:11
0,0,0,106,0,0 7/27/2018 11:31:11
0,0,54,169,0,0 7/27/2018 11:31:11
0,0,12,156,0,0 7/27/2018 11:31:11
0,0,55,0,0,0 7/27/2018 11:31:11
0,0,21,0,0,0 7/27/2018 11:31:11
0,0,46,0,0,0 7/27/2018 11:31:11
0,0,0,0,0,0 7/27/2018 11:31:12
0,0,178,178,0,0 7/27/2018 11:31:12
0,0,203,66,0,0 7/27/2018 11:31:12
0,0,57,0,0,0 7/27/2018 11:31:12
0,0,34,0,0,0 7/27/2018 11:31:12
0,0,113,0,0,0 7/27/2018 11:31:12
0,0,150,266,0,0 7/27/2018 11:31:12
0,0,236,174,0,0 7/27/2018 11:31:12
0,0,206,0,0,0 7/27/2018 11:31:12
0,0,40,0,0,0 7/27/2018 11:31:12
0,0,108,0,0,0 7/27/2018 11:31:12
0,0,213,260,0,0 7/27/2018 11:31:12
0,0,307,215,0,0 7/27/2018 11:31:12
0,0,313,62,0,0 7/27/2018 11:31:12
0,0,45,0,0,0 7/27/2018 11:31:12
0,0,85,0,0,0 7/27/2018 11:31:12
0,0,110,49,0,0 7/27/2018 11:31:12
0,0,0,195,0,0 7/27/2018 11:31:12
0,0,325,311,0,0 7/27/2018 11:31:12
0,0,263,53,0,0 7/27/2018 11:31:12
0,0,88,0,0,0 7/27/2018 11:31:12
0,0,85,0,0,0 7/27/2018 11:31:12
0,0,0,0,0,0 7/27/2018 11:31:12
0,0,0,356,0,0 7/27/2018 11:31:13
0,0,325,423,0,0 7/27/2018 11:31:13
0,0,199,350,0,0 7/27/2018 11:31:13
0,0,82,0,0,0 7/27/2018 11:31:13
0,0,34,0,0,0 7/27/2018 11:31:13
0,0,55,0,0,0 7/27/2018 11:31:13
0,0,55,56,0,0 7/27/2018 11:31:13
0,0,337,263,0,0 7/27/2018 11:31:13
0,0,305,139,0,0 7/27/2018 11:31:13
0,0,96,0,0,0 7/27/2018 11:31:13
0,0,24,0,0,0 7/27/2018 11:31:13
0,0,31,0,0,0 7/27/2018 11:31:13
0,0,35,173,0,0 7/27/2018 11:31:13
0,0,154,248,0,0 7/27/2018 11:31:13
0,0,182,109,0,0 7/27/2018 11:31:13
0,0,18,0,0,0 7/27/2018 11:31:13
0,8,32,0,0,0 7/27/2018 11:31:13
0,0,13,0,0,0 7/27/2018 11:31:13
0,0,29,264,0,0 7/27/2018 11:31:13
0,0,40,299,0,0 7/27/2018 11:31:13
0,0,0,80,0,0 7/27/2018 11:31:13
0,0,12,0,0,0 7/27/2018 11:31:13
0,155,38,0,0,0 7/27/2018 11:31:13
0,100,51,0,0,0 7/27/2018 11:31:14
0,0,21,251,0,0 7/27/2018 11:31:14
0,56,44,302,0,0 7/27/2018 11:31:14
0,83,23,104,0,0 7/27/2018 11:31:14
0,61,14,0,0,0 7/27/2018 11:31:14
0,0,23,0,0,0 7/27/2018 11:31:14
0,0,44,0,0,0 7/27/2018 11:31:14
0,0,87,305,0,0 7/27/2018 11:31:14
0,0,82,107,0,0 7/27/2018 11:31:14
0,0,40,0,0,0 7/27/2018 11:31:14
0,0,21,0,0,0 7/27/2018 11:31:14
0,0,43,80,0,0 7/27/2018 11:31:14
0,0,82,322,0,0 7/27/2018 11:31:14
0,0,70,271,0,0 7/27/2018 11:31:14
0,31,74,0,0,0 7/27/2018 11:31:14
0,40,36,0,0,0 7/27/2018 11:31:14
0,0,42,88,0,0 7/27/2018 11:31:14
0,0,63,413,0,0 7/27/2018 11:31:14
0,0,81,385,0,0 7/27/2018 11:31:14
0,0,51,372,0,0 7/27/2018 11:31:14
0,0,58,88,0,0 7/27/2018 11:31:14
0,41,54,62,0,0 7/27/2018 11:31:14
0,0,54,279,0,0 7/27/2018 11:31:15
0,0,105,401,0,0 7/27/2018 11:31:15
0,0,100,287,0,0 7/27/2018 11:31:15
0,0,86,118,0,0 7/27/2018 11:31:15
0,33,98,0,0,0 7/27/2018 11:31:15
0,0,71,0,0,0 7/27/2018 11:31:15
0,9,65,0,0,0 7/27/2018 11:31:15
0,0,57,84,0,0 7/27/2018 11:31:15
0,0,48,88,0,0 7/27/2018 11:31:15
0,0,53,72,0,0 7/27/2018 11:31:15
0,0,63,0,0,0 7/27/2018 11:31:15
0,40,61,56,0,0 7/27/2018 11:31:15
0,0,73,133,0,0 7/27/2018 11:31:15
0,0,83,266,0,0 7/27/2018 11:31:15
0,0,107,227,0,0 7/27/2018 11:31:15
0,0,80,68,0,0 7/27/2018 11:31:15
0,0,84,108,0,0 7/27/2018 11:31:15
0,0,69,268,0,0 7/27/2018 11:31:15
0,0,103,386,0,0 7/27/2018 11:31:15
0,0,94,360,0,0 7/27/2018 11:31:15
0,0,109,195,0,0 7/27/2018 11:31:15
0,0,91,109,0,0 7/27/2018 11:31:15
0,0,102,219,0,0 7/27/2018 11:31:15
0,0,155,501,0,0 7/27/2018 11:31:16
0,0,163,447,0,0 7/27/2018 11:31:16
0,0,161,428,0,0 7/27/2018 11:31:16
0,0,112,145,0,0 7/27/2018 11:31:16
0,36,111,220,0,0 7/27/2018 11:31:16
0,0,114,427,0,0 7/27/2018 11:31:16
0,0,149,440,0,0 7/27/2018 11:31:16
0,0,153,478,0,0 7/27/2018 11:31:16
0,0,136,206,0,0 7/27/2018 11:31:16
0,0,105,230,0,0 7/27/2018 11:31:16
0,0,126,412,0,0 7/27/2018 11:31:16
0,0,187,502,0,0 7/27/2018 11:31:16
0,0,183,457,0,0 7/27/2018 11:31:16
0,39,173,226,0,0 7/27/2018 11:31:16
0,0,176,222,0,0 7/27/2018 11:31:16
0,0,148,372,0,0 7/27/2018 11:31:16
0,0,147,448,0,0 7/27/2018 11:31:16
0,0,118,413,0,0 7/27/2018 11:31:16
0,0,99,190,0,0 7/27/2018 11:31:16
0,0,111,164,0,0 7/27/2018 11:31:16
0,0,87,225,0,0 7/27/2018 11:31:16
0,0,104,497,0,0 7/27/2018 11:31:16
0,0,108,356,0,0 7/27/2018 11:31:16
0,0,58,209,0,0 7/27/2018 11:31:17
0,0,72,0,0,0 7/27/2018 11:31:17
0,0,47,0,0,0 7/27/2018 11:31:17
0,0,46,151,0,0 7/27/2018 11:31:17
0,47,63,325,0,0 7/27/2018 11:31:17
0,0,61,243,0,0 7/27/2018 11:31:17
0,0,52,75,0,0 7/27/2018 11:31:17
0,0,47,0,0,0 7/27/2018 11:31:17
0,0,33,96,0,0 7/27/2018 11:31:17
0,0,53,356,0,0 7/27/2018 11:31:17
0,0,47,293,0,0 7/27/2018 11:31:17
0,0,51,151,0,0 7/27/2018 11:31:17
0,58,80,0,0,0 7/27/2018 11:31:17
0,0,52,0,0,0 7/27/2018 11:31:17
0,0,11,172,0,0 7/27/2018 11:31:17
0,0,29,36,0,0 7/27/2018 11:31:17
0,0,53,0,0,0 7/27/2018 11:31:17
0,0,43,0,0,0 7/27/2018 11:31:17
0,0,18,0,0,0 7/27/2018 11:31:17
0,0,5,0,0,0 7/27/2018 11:31:17
0,0,0,0,0,0 7/27/2018 11:31:17
0,0,0,0,0,0 7/27/2018 11:31:17
0,0,0,0,0,0 7/27/2018 11:31:17
0,68,17,0,0,0 7/27/2018 11:31:18
0,0,0,0,0,0 7/27/2018 11:31:18
0,83,0,0,0,0 7/27/2018 11:31:18
0,122,0,0,0,0 7/27/2018 11:31:18
0,110,0,0,0,0 7/27/2018 11:31:18
0,106,3,0,0,0 7/27/2018 11:31:18
0,0,0,0,0,0 7/27/2018 11:31:18
0,0,21,0,0,0 7/27/2018 11:31:18
0,35,0,0,0,0 7/27/2018 11:31:18
0,95,0,0,0,0 7/27/2018 11:31:18
0,83,13,0,0,0 7/27/2018 11:31:18
0,84,0,0,0,0 7/27/2018 11:31:18
0,0,0,0,0,0 7/27/2018 11:31:18
0,0,0,0,0,0 7/27/2018 11:31:18
0,48,12,0,0,0 7/27/2018 11:31:18
0,92,128,0,0,0 7/27/2018 11:31:18
0,0,0,0,0,0 7/27/2018 11:31:18
0,0,0,0,0,0 7/27/2018 11:31:18
0,0,5,0,0,0 7/27/2018 11:31:18
0,0,0,0,0,0 7/27/2018 11:31:18
0,0,12,0,0,0 7/27/2018 11:31:18
0,0,87,0,0,0 7/27/2018 11:31:18
0,0,6,0,0,0 7/27/2018 11:31:19
0,0,0,0,0,0 7/27/2018 11:31:19
0,0,0,0,0,0 7/27/2018 11:31:19
0,0,0,0,0,0 7/27/2018 11:31:19
0,0,62,0,0,0 7/27/2018 11:31:19
0,0,0,0,0,0 7/27/2018 11:31:19
0,0,0,0,0,0 7/27/2018 11:31:19
0,0,0,0,0,0 7/27/2018 11:31:19
0,0,0,0,0,0 7/27/2018 11:31:19
0,0,0,0,0,0 7/27/2018 11:31:19
0,0,91,0,0,0 7/27/2018 11:31:19
0,0,0,0,0,0 7/27/2018 11:31:19
0,0,0,0,0,0 7/27/2018 11:31:19
0,0,0,0,0,0 7/27/2018 11:31:19
0,0,0,0,0,0 7/27/2018 11:31:19
0,0,0,0,0,0 7/27/2018 11:31:19
0,0,0,0,0,0 7/27/2018 11:31:19
0,0,38,0,0,0 7/27/2018 11:31:19
0,0,21,0,0,0 7/27/2018 11:31:19
0,0,47,0,0,0 7/27/2018 11:31:19
0,142,46,0,0,0 7/27/2018 11:31:19
0,0,0,0,0,0 7/27/2018 11:31:19
0,173,0,0,0,0 7/27/2018 11:31:19
0,0,0,0,0,0 7/27/2018 11:31:20
0,270,45,0,0,0 7/27/2018 11:31:20
0,351,33,0,0,0 7/27/2018 11:31:20
0,682,48,0,0,0 7/27/2018 11:31:20
0,586,33,0,0,0 7/27/2018 11:31:20
0,663,0,0,0,0 7/27/2018 11:31:20
0,490,17,0,0,0 7/27/2018 11:31:20
0,611,17,0,0,0 7/27/2018 11:31:20
0,656,15,0,0,0 7/27/2018 11:31:20
0,616,10,0,0,0 7/27/2018 11:31:20
0,189,0,0,0,0 7/27/2018 11:31:20
0,0,14,0,0,0 7/27/2018 11:31:20
0,0,0,0,0,0 7/27/2018 11:31:20
0,0,0,0,0,0 7/27/2018 11:31:20
0,0,69,0,0,0 7/27/2018 11:31:20
0,0,0,0,0,0 7/27/2018 11:31:20
0,0,0,0,0,0 7/27/2018 11:31:20
0,0,0,0,0,0 7/27/2018 11:31:20
0,239,0,327,0,0 7/27/2018 11:31:20
0,449,59,294,0,0 7/27/2018 11:31:20
0,565,0,144,0,0 7/27/2018 11:31:20
0,613,9,30,0,0 7/27/2018 11:31:20
0,499,46,0,0,0 7/27/2018 11:31:20
0,70,12,0,0,0 7/27/2018 11:31:21
0,0,36,0,0,0 7/27/2018 11:31:21
0,72,4,15,0,0 7/27/2018 11:31:21
0,0,23,11,0,0 7/27/2018 11:31:21
0,0,15,39,0,0 7/27/2018 11:31:21
0,0,70,75,0,0 7/27/2018 11:31:21
0,0,97,70,0,0 7/27/2018 11:31:21
0,0,78,62,0,0 7/27/2018 11:31:21
0,67,3,34,0,0 7/27/2018 11:31:21
0,0,1,51,0,0 7/27/2018 11:31:21
0,0,2,69,0,0 7/27/2018 11:31:21
0,0,103,85,0,0 7/27/2018 11:31:21
0,109,56,92,0,0 7/27/2018 11:31:21
0,63,5,101,0,0 7/27/2018 11:31:21
0,0,17,128,0,0 7/27/2018 11:31:21
0,0,17,139,0,0 7/27/2018 11:31:21
0,136,101,174,0,0 7/27/2018 11:31:21
0,109,44,152,0,0 7/27/2018 11:31:21
0,132,7,126,0,0 7/27/2018 11:31:21
0,0,15,74,0,0 7/27/2018 11:31:21
0,0,9,81,0,0 7/27/2018 11:31:21
0,0,51,74,0,0 7/27/2018 11:31:21
0,0,21,111,0,0 7/27/2018 11:31:22
0,0,32,50,0,0 7/27/2018 11:31:22
0,0,0,28,0,0 7/27/2018 11:31:22
0,0,12,34,0,0 7/27/2018 11:31:22
0,0,43,24,0,0 7/27/2018 11:31:22
0,0,102,45,0,0 7/27/2018 11:31:22
0,0,42,30,0,0 7/27/2018 11:31:22
0,0,97,27,0,0 7/27/2018 11:31:22
0,0,36,28,0,0 7/27/2018 11:31:22
0,0,42,43,0,0 7/27/2018 11:31:22
0,19,76,51,0,0 7/27/2018 11:31:22
0,0,112,77,0,0 7/27/2018 11:31:22
0,0,78,59,0,0 7/27/2018 11:31:22
0,0,39,51,0,0 7/27/2018 11:31:22
0,22,38,36,0,0 7/27/2018 11:31:22
0,26,60,55,0,0 7/27/2018 11:31:22
0,0,71,83,0,0 7/27/2018 11:31:22
0,0,66,92,0,0 7/27/2018 11:31:22
0,0,68,114,0,0 7/27/2018 11:31:22
0,0,20,116,0,0 7/27/2018 11:31:22
0,0,31,103,0,0 7/27/2018 11:31:22
0,0,46,77,0,0 7/27/2018 11:31:22
0,0,100,66,0,0 7/27/2018 11:31:22
0,0,79,48,0,0 7/27/2018 11:31:23
0,0,55,24,0,0 7/27/2018 11:31:23
0,0,7,0,0,0 7/27/2018 11:31:23
0,0,1,0,0,0 7/27/2018 11:31:23
0,0,47,0,0,0 7/27/2018 11:31:23
0,0,108,0,0,0 7/27/2018 11:31:23
0,0,78,0,0,0 7/27/2018 11:31:23
0,0,82,0,0,0 7/27/2018 11:31:23
0,0,0,0,0,0 7/27/2018 11:31:23
0,0,0,0,0,0 7/27/2018 11:31:23
0,0,18,0,0,0 7/27/2018 11:31:23
0,0,55,0,0,0 7/27/2018 11:31:23
0,0,59,0,0,0 7/27/2018 11:31:23
0,0,2,98,0,0 7/27/2018 11:31:23
0,0,0,181,0,0 7/27/2018 11:31:23
0,0,0,73,0,0 7/27/2018 11:31:23
0,0,6,113,0,0 7/27/2018 11:31:23
0,0,9,91,0,0 7/27/2018 11:31:23
0,0,5,40,0,0 7/27/2018 11:31:23
0,0,7,25,0,1 7/27/2018 11:31:23
0,0,5,0,0,0 7/27/2018 11:31:23
0,115,62,0,0,0 7/27/2018 11:31:23
0,0,2,42,0,0 7/27/2018 11:31:23
0,50,16,61,0,0 7/27/2018 11:31:24
0,0,16,65,0,0 7/27/2018 11:31:24
0,0,5,76,0,0 7/27/2018 11:31:24
0,189,6,87,0,0 7/27/2018 11:31:24
0,368,44,61,0,0 7/27/2018 11:31:24
0,77,21,53,0,0 7/27/2018 11:31:24
0,0,1,63,0,0 7/27/2018 11:31:24
0,0,0,29,0,0 7/27/2018 11:31:24
0,0,0,28,0,0 7/27/2018 11:31:24
0,128,43,0,0,0 7/27/2018 11:31:24
0,556,15,0,0,0 7/27/2018 11:31:24
0,99,17,0,0,0 7/27/2018 11:31:24
0,0,0,0,0,0 7/27/2018 11:31:24
0,0,33,0,0,0 7/27/2018 11:31:24
0,241,0,0,0,0 7/27/2018 11:31:24
0,491,40,0,0,0 7/27/2018 11:31:24
0,676,14,0,0,0 7/27/2018 11:31:24
0,576,74,0,0,0 7/27/2018 11:31:24
0,527,0,34,0,0 7/27/2018 11:31:24
0,321,4,82,0,0 7/27/2018 11:31:24
0,586,8,80,0,0 7/27/2018 11:31:24
0,643,2,0,0,0 7/27/2018 11:31:24
0,415,19,0,0,0 7/27/2018 11:31:24
0,655,12,27,0,0 7/27/2018 11:31:25
0,678,5,68,0,0 7/27/2018 11:31:25
0,468,0,53,0,0 7/27/2018 11:31:25
0,114,19,31,0,0 7/27/2018 11:31:25
0,122,52,0,0,0 7/27/2018 11:31:25
0,432,45,0,0,0 7/27/2018 11:31:25
0,103,0,0,0,0 7/27/2018 11:31:25
0,0,3,12,0,0 7/27/2018 11:31:25
0,27,0,0,0,0 7/27/2018 11:31:25
0,0,6,0,0,0 7/27/2018 11:31:25
0,91,37,23,0,0 7/27/2018 11:31:25
0,257,9,46,0,0 7/27/2018 11:31:25
0,66,0,88,0,0 7/27/2018 11:31:25
0,369,8,41,0,0 7/27/2018 11:31:25
0,64,23,0,0,0 7/27/2018 11:31:25
0,0,17,33,0,0 7/27/2018 11:31:25
0,34,0,64,0,0 7/27/2018 11:31:25
0,21,0,69,0,0 7/27/2018 11:31:25
0,51,0,60,0,0 7/27/2018 11:31:25
0,0,5,0,0,0 7/27/2018 11:31:25
0,0,10,0,0,0 7/27/2018 11:31:25
0,0,0,0,0,0 7/27/2018 11:31:25
0,24,0,63,0,0 7/27/2018 11:31:26
0,0,0,64,0,0 7/27/2018 11:31:26
0,192,0,23,0,0 7/27/2018 11:31:26
0,325,23,0,0,0 7/27/2018 11:31:26
0,589,13,0,0,0 7/27/2018 11:31:26
0,719,17,38,0,0 7/27/2018 11:31:26
0,577,14,66,0,0 7/27/2018 11:31:26
0,665,23,53,0,0 7/27/2018 11:31:26
0,518,26,46,0,0 7/27/2018 11:31:26
0,317,23,53,0,0 7/27/2018 11:31:26
0,330,9,52,0,0 7/27/2018 11:31:26
0,216,7,82,0,0 7/27/2018 11:31:26
0,405,28,69,0,0 7/27/2018 11:31:26
0,162,46,24,0,0 7/27/2018 11:31:26
0,87,13,23,0,0 7/27/2018 11:31:26
0,41,0,6,0,0 7/27/2018 11:31:26
0,0,28,36,0,0 7/27/2018 11:31:26
0,0,12,0,0,0 7/27/2018 11:31:26
0,30,9,0,0,0 7/27/2018 11:31:26
0,0,13,0,0,0 7/27/2018 11:31:26
0,23,0,0,0,0 7/27/2018 11:31:26
0,0,0,0,0,0 7/27/2018 11:31:26
0,0,18,25,0,0 7/27/2018 11:31:26
0,92,18,10,0,0 7/27/2018 11:31:27
0,410,11,0,0,0 7/27/2018 11:31:27
0,0,19,0,0,0 7/27/2018 11:31:27
0,0,6,0,0,0 7/27/2018 11:31:27
0,0,9,0,0,0 7/27/2018 11:31:27
0,0,28,0,0,0 7/27/2018 11:31:27
0,0,0,0,0,0 7/27/2018 11:31:27
0,0,4,0,0,0 7/27/2018 11:31:27
0,0,5,0,0,0 7/27/2018 11:31:27
0,0,17,0,0,0 7/27/2018 11:31:27
0,0,6,0,0,0 7/27/2018 11:31:27
0,21,7,0,0,0 7/27/2018 11:31:27
0,0,14,0,0,0 7/27/2018 11:31:27
0,0,16,0,0,0 7/27/2018 11:31:27
0,0,0,0,0,0 7/27/2018 11:31:27
0,51,0,27,0,0 7/27/2018 11:31:27
0,0,0,84,0,0 7/27/2018 11:31:27
0,0,14,57,0,0 7/27/2018 11:31:27
0,0,18,0,0,0 7/27/2018 11:31:27
0,0,4,0,0,0 7/27/2018 11:31:27
0,0,5,0,0,0 7/27/2018 11:31:27
0,120,10,0,0,0 7/27/2018 11:31:27
0,534,21,0,0,0 7/27/2018 11:31:27
0,77,32,0,0,0 7/27/2018 11:31:28
0,0,12,19,0,0 7/27/2018 11:31:28
0,0,8,33,0,0 7/27/2018 11:31:28
0,0,6,44,0,0 7/27/2018 11:31:28
0,0,5,39,0,0 7/27/2018 11:31:28
0,508,27,0,0,0 7/27/2018 11:31:28
0,70,23,0,0,0 7/27/2018 11:31:28
0,0,14,26,0,0 7/27/2018 11:31:28
0,0,0,45,0,0 7/27/2018 11:31:28
0,0,16,27,0,0 7/27/2018 11:31:28
0,0,4,0,0,0 7/27/2018 11:31:28
0,0,20,0,0,0 7/27/2018 11:31:28
0,0,36,0,0,0 7/27/2018 11:31:28
0,0,15,0,0,0 7/27/2018 11:31:28
0,0,22,20,0,0 7/27/2018 11:31:28
0,0,19,0,0,0 7/27/2018 11:31:28
0,0,40,21,0,0 7/27/2018 11:31:28
0,0,0,64,0,0 7/27/2018 11:31:28
0,0,0,133,0,0 7/27/2018 11:31:28
0,0,0,150,0,0 7/27/2018 11:31:28
0,0,23,128,0,0 7/27/2018 11:31:28
0,0,48,135,0,0 7/27/2018 11:31:28
0,0,55,140,0,0 7/27/2018 11:31:28
0,0,0,160,0,0 7/27/2018 11:31:29
0,0,15,142,0,0 7/27/2018 11:31:29
0,0,0,112,0,0 7/27/2018 11:31:29
0,0,40,69,0,0 7/27/2018 11:31:29
0,0,39,76,0,0 7/27/2018 11:31:29
0,0,36,94,0,0 7/27/2018 11:31:29
0,0,26,111,0,0 7/27/2018 11:31:29
0,0,0,101,0,0 7/27/2018 11:31:29
0,0,2,93,0,0 7/27/2018 11:31:29
0,0,27,96,0,0 7/27/2018 11:31:29
0,143,42,85,0,0 7/27/2018 11:31:29
0,69,37,86,0,0 7/27/2018 11:31:29
0,0,27,93,0,0 7/27/2018 11:31:29
0,92,13,94,0,0 7/27/2018 11:31:29
0,393,9,46,0,0 7/27/2018 11:31:29
0,137,46,56,0,0 7/27/2018 11:31:29
0,509,28,51,0,0 7/27/2018 11:31:29
0,522,14,13,0,0 7/27/2018 11:31:29
0,550,34,12,0,0 7/27/2018 11:31:29
0,0,15,36,0,0 7/27/2018 11:31:29
0,0,10,58,0,0 7/27/2018 11:31:29
0,45,2,93,0,0 7/27/2018 11:31:29
0,0,6,115,0,0 7/27/2018 11:31:30
0,0,0,76,0,0 7/27/2018 11:31:30
0,0,25,71,0,0 7/27/2018 11:31:30
0,0,10,87,0,0 7/27/2018 11:31:30
0,0,18,133,0,0 7/27/2018 11:31:30
0,0,0,128,0,0 7/27/2018 11:31:30
0,110,2,82,0,0 7/27/2018 11:31:30
0,288,17,91,0,0 7/27/2018 11:31:30
0,0,1,132,0,0 7/27/2018 11:31:30
0,0,0,109,0,0 7/27/2018 11:31:30
0,0,18,99,0,0 7/27/2018 11:31:30
0,253,11,32,0,0 7/27/2018 11:31:30
0,339,19,10,0,0 7/27/2018 11:31:30
0,0,0,37,0,0 7/27/2018 11:31:30
0,442,0,54,0,0 7/27/2018 11:31:30
0,521,27,40,0,0 7/27/2018 11:31:30
0,625,10,26,0,0 7/27/2018 11:31:30
0,731,47,48,0,0 7/27/2018 11:31:30
0,520,21,69,0,0 7/27/2018 11:31:30
0,735,18,71,0,0 7/27/2018 11:31:30
0,714,45,62,0,0 7/27/2018 11:31:30
0,744,42,56,0,0 7/27/2018 11:31:30
0,367,45,43,0,0 7/27/2018 11:31:30
0,271,35,62,0,0 7/27/2018 11:31:31
0,502,26,81,0,0 7/27/2018 11:31:31
0,514,37,64,0,0 7/27/2018 11:31:31
0,674,51,35,0,0 7/27/2018 11:31:31
0,495,10,0,0,0 7/27/2018 11:31:31
0,0,4,35,0,0 7/27/2018 11:31:31
0,0,12,54,0,0 7/27/2018 11:31:31
0,0,0,72,0,0 7/27/2018 11:31:31
0,114,23,60,0,0 7/27/2018 11:31:31
0,232,20,38,0,0 7/27/2018 11:31:31
0,353,0,0,0,0 7/27/2018 11:31:31
0,0,5,0,2,0 7/27/2018 11:31:31
0,0,10,9,0,0 7/27/2018 11:31:31
0,0,13,44,0,0 7/27/2018 11:31:31
0,0,20,0,0,0 7/27/2018 11:31:31
0,0,7,0,0,0 7/27/2018 11:31:31
0,0,7,0,0,0 7/27/2018 11:31:31
0,0,0,0,0,0 7/27/2018 11:31:31
0,0,0,0,0,0 7/27/2018 11:31:31
0,0,0,0,0,0 7/27/2018 11:31:31
0,0,0,0,0,0 7/27/2018 11:31:31
0,0,0,0,0,0 7/27/2018 11:31:31
0,0,0,0,0,0 7/27/2018 11:31:31
0,0,0,0,0,0 7/27/2018 11:31:32
0,0,0,0,0,0 7/27/2018 11:31:32
0,0,5,0,0,0 7/27/2018 11:31:32
0,0,13,0,0,0 7/27/2018 11:31:32
0,0,0,0,0,0 7/27/2018 11:31:32
0,0,31,0,0,0 7/27/2018 11:31:32
0,0,0,0,0,0 7/27/2018 11:31:32
0,0,19,0,0,0 7/27/2018 11:31:32
0,0,71,0,0,0 7/27/2018 11:31:32
0,0,37,0,0,0 7/27/2018 11:31:32
0,0,14,0,0,0 7/27/2018 11:31:32
0,0,0,0,0,0 7/27/2018 11:31:32
0,0,6,0,0,0 7/27/2018 11:31:32
0,0,16,0,0,0 7/27/2018 11:31:32
0,0,36,0,0,0 7/27/2018 11:31:32
0,0,44,0,0,0 7/27/2018 11:31:32
0,1,0,0,0,0 7/27/2018 11:31:32
0,6,2,0,0,0 7/27/2018 11:31:32
0,4,0,0,0,0 7/27/2018 11:31:32
0,0,28,0,0,0 7/27/2018 11:31:32
0,0,47,0,0,0 7/27/2018 11:31:32
0,0,33,0,0,0 7/27/2018 11:31:32
0,4,0,0,0,0 7/27/2018 11:31:32
0,5,6,0,0,0 7/27/2018 11:31:33
0,3,0,0,0,0 7/27/2018 11:31:33
0,0,0,0,0,0 7/27/2018 11:31:33
0,0,25,0,0,0 7/27/2018 11:31:33
0,0,39,0,0,0 7/27/2018 11:31:33
0,0,34,0,0,0 7/27/2018 11:31:33
0,0,0,0,0,0 7/27/2018 11:31:33
0,11,0,0,0,0 7/27/2018 11:31:33
0,0,0,0,0,0 7/27/2018 11:31:33
0,0,19,0,0,0 7/27/2018 11:31:33
0,0,18,0,0,0 7/27/2018 11:31:33
0,0,24,0,0,0 7/27/2018 11:31:33
0,0,12,0,0,0 7/27/2018 11:31:33
0,16,13,0,0,0 7/27/2018 11:31:33
0,0,13,0,0,0 7/27/2018 11:31:33
0,0,18,0,0,0 7/27/2018 11:31:33
0,0,36,0,0,0 7/27/2018 11:31:33
0,0,39,0,0,0 7/27/2018 11:31:33
0,4,6,0,0,0 7/27/2018 11:31:33
0,11,10,0,0,0 7/27/2018 11:31:33
0,6,14,0,0,0 7/27/2018 11:31:33
0,0,37,0,0,0 7/27/2018 11:31:33
0,0,21,0,0,0 7/27/2018 11:31:34
0,0,6,0,0,0 7/27/2018 11:31:34
0,0,20,0,0,0 7/27/2018 11:31:34
0,0,17,0,0,0 7/27/2018 11:31:34
0,88,20,0,0,0 7/27/2018 11:31:34
0,143,20,0,0,0 7/27/2018 11:31:34
0,0,31,0,0,0 7/27/2018 11:31:34
0,0,3,0,0,0 7/27/2018 11:31:34
0,4,13,0,0,0 7/27/2018 11:31:34
0,0,9,0,0,0 7/27/2018 11:31:34
0,139,20,0,0,0 7/27/2018 11:31:34
0,0,7,0,0,0 7/27/2018 11:31:34
0,0,2,0,0,0 7/27/2018 11:31:34
0,0,27,0,0,0 7/27/2018 11:31:34
0,110,15,0,0,0 7/27/2018 11:31:34
0,102,9,0,0,0 7/27/2018 11:31:34
0,164,14,0,0,0 7/27/2018 11:31:34
0,70,4,0,0,0 7/27/2018 11:31:34
0,313,0,0,0,0 7/27/2018 11:31:34
0,0,7,0,0,0 7/27/2018 11:31:34
0,0,1,0,0,0 7/27/2018 11:31:34
0,0,0,0,0,0 7/27/2018 11:31:34
0,224,0,0,0,0 7/27/2018 11:31:34
0,547,4,0,0,0 7/27/2018 11:31:35
0,600,54,124,0,0 7/27/2018 11:31:35
0,486,0,0,0,0 7/27/2018 11:31:35
0,0,0,0,0,0 7/27/2018 11:31:35
0,0,5,0,0,0 7/27/2018 11:31:35
0,0,0,0,0,0 7/27/2018 11:31:35
0,332,5,0,0,0 7/27/2018 11:31:35
0,9,13,0,0,0 7/27/2018 11:31:35
0,0,0,0,0,0 7/27/2018 11:31:35
0,0,56,0,0,0 7/27/2018 11:31:35
0,0,71,0,0,0 7/27/2018 11:31:35
0,0,0,0,0,0 7/27/2018 11:31:35
0,0,0,0,0,0 7/27/2018 11:31:35
0,0,1,0,0,0 7/27/2018 11:31:35
0,0,0,0,0,0 7/27/2018 11:31:35
0,0,0,0,0,0 7/27/2018 11:31:35
0,0,49,0,0,0 7/27/2018 11:31:35
0,0,6,0,0,0 7/27/2018 11:31:35
0,0,0,0,0,0 7/27/2018 11:31:35
0,0,0,0,0,0 7/27/2018 11:31:35
0,0,0,0,0,0 7/27/2018 11:31:35
0,0,0,0,0,0 7/27/2018 11:31:35
0,0,26,0,0,0 7/27/2018 11:31:35
0,0,32,0,0,0 7/27/2018 11:31:36
0,0,0,0,0,0 7/27/2018 11:31:36
0,0,27,0,0,0 7/27/2018 11:31:36
0,0,1,0,0,0 7/27/2018 11:31:36
0,0,0,0,0,0 7/27/2018 11:31:36
0,0,0,0,0,0 7/27/2018 11:31:36
0,0,0,0,0,0 7/27/2018 11:31:36
0,0,0,0,0,0 7/27/2018 11:31:36
0,0,0,0,0,0 7/27/2018 11:31:36
0,0,0,0,0,0 7/27/2018 11:31:36
0,0,0,0,0,0 7/27/2018 11:31:36
0,0,0,0,0,0 7/27/2018 11:31:36
0,0,0,0,0,0 7/27/2018 11:31:36
0,0,46,0,0,0 7/27/2018 11:31:36
0,0,1,0,0,0 7/27/2018 11:31:36
0,0,5,0,0,0 7/27/2018 11:31:36
0,0,30,0,0,0 7/27/2018 11:31:36
0,0,0,0,0,0 7/27/2018 11:31:36
0,0,13,0,0,0 7/27/2018 11:31:36
0,0,0,0,0,0 7/27/2018 11:31:36
0,0,0,0,0,0 7/27/2018 11:31:36
0,0,20,0,0,0 7/27/2018 11:31:36
0,0,0,0,0,0 7/27/2018 11:31:36
0,0,12,0,0,0 7/27/2018 11:31:37
0,0,20,0,0,0 7/27/2018 11:31:37
0,0,7,0,0,0 7/27/2018 11:31:37
0,0,10,0,0,0 7/27/2018 11:31:37
0,0,7,0,0,0 7/27/2018 11:31:37
0,0,0,0,0,0 7/27/2018 11:31:37
0,0,0,0,0,0 7/27/2018 11:31:37
0,0,0,0,0,0 7/27/2018 11:31:37
0,0,40,0,0,0 7/27/2018 11:31:37
0,0,0,0,0,0 7/27/2018 11:31:37
0,0,0,0,0,0 7/27/2018 11:31:37
0,0,0,0,0,0 7/27/2018 11:31:37
0,0,0,0,0,0 7/27/2018 11:31:37
0,0,0,0,0,0 7/27/2018 11:31:37
0,0,2,0,0,0 7/27/2018 11:31:37
0,0,8,0,0,0 7/27/2018 11:31:37
0,0,26,0,0,0 7/27/2018 11:31:37
0,0,2,0,0,0 7/27/2018 11:31:37
0,0,0,0,0,0 7/27/2018 11:31:37
0,0,0,0,0,0 7/27/2018 11:31:37
0,0,0,0,0,0 7/27/2018 11:31:37
0,0,0,0,0,0 7/27/2018 11:31:37
0,0,0,68,0,0 7/27/2018 11:31:38
0,0,10,5,0,0 7/27/2018 11:31:38
0,0,0,0,0,0 7/27/2018 11:31:38
0,32,0,0,0,0 7/27/2018 11:31:38
0,23,0,0,0,0 7/27/2018 11:31:38
0,20,0,0,0,0 7/27/2018 11:31:38
0,0,2,0,0,0 7/27/2018 11:31:38
0,0,8,0,0,0 7/27/2018 11:31:38
0,0,1,0,0,0 7/27/2018 11:31:38
0,0,0,0,0,0 7/27/2018 11:31:38
0,0,0,10,0,0 7/27/2018 11:31:38
0,0,0,0,0,0 7/27/2018 11:31:38
0,0,0,0,0,0 7/27/2018 11:31:38
0,0,5,0,0,0 7/27/2018 11:31:38
0,0,254,0,0,0 7/27/2018 11:31:38
0,0,42,0,0,0 7/27/2018 11:31:38
0,0,19,0,0,0 7/27/2018 11:31:38
0,0,170,0,0,0 7/27/2018 11:31:38
0,0,11,0,0,0 7/27/2018 11:31:38
0,0,370,0,0,0 7/27/2018 11:31:38
0,0,452,0,0,0 7/27/2018 11:31:38
0,59,340,0,0,0 7/27/2018 11:31:38
0,575,172,384,0,0 7/27/2018 11:31:38
0,689,243,558,0,0 7/27/2018 11:31:39
0,743,215,591,0,0 7/27/2018 11:31:39
0,748,58,657,0,0 7/27/2018 11:31:39
0,700,0,731,0,0 7/27/2018 11:31:39
0,534,0,807,0,0 7/27/2018 11:31:39
0,527,0,811,0,0 7/27/2018 11:31:39
0,629,92,795,0,0 7/27/2018 11:31:39
0,713,141,760,0,0 7/27/2018 11:31:39
0,722,115,757,0,0 7/27/2018 11:31:39
0,727,83,765,0,0 7/27/2018 11:31:39
0,549,0,802,0,0 7/27/2018 11:31:39
0,455,25,814,0,0 7/27/2018 11:31:39
0,550,0,820,0,0 7/27/2018 11:31:39
0,733,86,784,0,0 7/27/2018 11:31:39
0,709,82,789,0,0 7/27/2018 11:31:39
0,668,52,804,0,0 7/27/2018 11:31:39
0,540,41,816,0,0 7/27/2018 11:31:39
0,643,38,807,0,0 7/27/2018 11:31:39
0,733,80,799,0,0 7/27/2018 11:31:39
0,731,61,792,0,0 7/27/2018 11:31:39
0,758,91,789,0,0 7/27/2018 11:31:39
0,591,27,825,0,0 7/27/2018 11:31:39
0,44,40,741,0,0 7/27/2018 11:31:39
0,0,24,729,0,0 7/27/2018 11:31:40
0,0,28,757,0,0 7/27/2018 11:31:40
0,183,86,809,0,0 7/27/2018 11:31:40
0,106,59,806,0,0 7/27/2018 11:31:40
0,0,39,788,0,0 7/27/2018 11:31:40
0,0,26,729,0,0 7/27/2018 11:31:40
0,0,38,705,0,0 7/27/2018 11:31:40
0,0,13,743,0,0 7/27/2018 11:31:40
0,0,60,781,0,0 7/27/2018 11:31:40
0,0,58,777,0,0 7/27/2018 11:31:40
0,0,68,763,0,0 7/27/2018 11:31:40
0,0,17,714,0,0 7/27/2018 11:31:40
0,0,14,693,0,0 7/27/2018 11:31:40
0,0,0,720,0,0 7/27/2018 11:31:40
0,0,58,752,0,0 7/27/2018 11:31:40
0,0,80,767,0,0 7/27/2018 11:31:40
0,0,50,760,0,0 7/27/2018 11:31:40
0,0,0,675,0,0 7/27/2018 11:31:40
0,0,0,680,0,0 7/27/2018 11:31:40
0,0,13,740,0,0 7/27/2018 11:31:40
0,0,429,772,0,0 7/27/2018 11:31:40
0,0,16,753,0,0 7/27/2018 11:31:40
0,0,21,749,0,0 7/27/2018 11:31:40
0,0,6,750,0,0 7/27/2018 11:31:41
0,0,0,708,0,0 7/27/2018 11:31:41
0,0,0,736,0,0 7/27/2018 11:31:41
0,0,359,749,0,0 7/27/2018 11:31:41
0,0,66,766,0,0 7/27/2018 11:31:41
0,0,21,732,0,0 7/27/2018 11:31:41
0,0,79,766,0,0 7/27/2018 11:31:41
0,0,0,703,0,0 7/27/2018 11:31:41
0,0,8,726,0,0 7/27/2018 11:31:41
0,0,0,728,0,0 7/27/2018 11:31:41
0,0,0,706,0,0 7/27/2018 11:31:41
0,0,10,641,0,0 7/27/2018 11:31:41
0,0,19,675,0,0 7/27/2018 11:31:41
0,0,0,703,0,0 7/27/2018 11:31:41
0,70,3,527,0,0 7/27/2018 11:31:41
0,44,11,481,0,0 7/27/2018 11:31:41
0,44,13,492,0,0 7/27/2018 11:31:41
0,0,6,446,0,0 7/27/2018 11:31:41
0,0,0,198,0,0 7/27/2018 11:31:41
0,0,247,0,0,0 7/27/2018 11:31:41
0,0,208,0,0,0 7/27/2018 11:31:41
0,96,0,0,0,0 7/27/2018 11:31:41
0,50,0,0,0,0 7/27/2018 11:31:42
0,0,0,0,0,0 7/27/2018 11:31:42
0,0,0,0,0,0 7/27/2018 11:31:42
0,0,0,0,0,0 7/27/2018 11:31:42
0,0,54,0,0,0 7/27/2018 11:31:42
0,0,108,0,0,0 7/27/2018 11:31:42
0,0,144,0,0,0 7/27/2018 11:31:42
0,35,1,0,0,0 7/27/2018 11:31:42
0,0,0,0,0,0 7/27/2018 11:31:42
0,0,0,0,0,0 7/27/2018 11:31:42
0,0,34,0,0,0 7/27/2018 11:31:42
0,0,0,0,0,0 7/27/2018 11:31:42
0,0,110,0,0,0 7/27/2018 11:31:42
0,68,0,0,0,0 7/27/2018 11:31:42
0,89,28,0,0,0 7/27/2018 11:31:42
0,43,0,0,0,0 7/27/2018 11:31:42
0,0,0,0,0,0 7/27/2018 11:31:42
0,0,3,0,0,0 7/27/2018 11:31:42
0,22,15,0,0,0 7/27/2018 11:31:42
0,113,32,0,0,0 7/27/2018 11:31:42
0,245,13,0,0,0 7/27/2018 11:31:42
0,458,0,0,0,0 7/27/2018 11:31:42
0,616,37,0,0,0 7/27/2018 11:31:42
0,609,35,0,0,0 7/27/2018 11:31:43
0,520,42,0,0,0 7/27/2018 11:31:43
0,163,40,0,0,0 7/27/2018 11:31:43
0,0,36,0,0,0 7/27/2018 11:31:43
0,0,33,0,0,0 7/27/2018 11:31:43
0,0,38,0,0,0 7/27/2018 11:31:43
0,0,36,0,0,0 7/27/2018 11:31:43
0,503,39,0,0,0 7/27/2018 11:31:43
0,452,42,0,0,0 7/27/2018 11:31:43
0,325,27,0,0,0 7/27/2018 11:31:43
0,127,17,0,0,0 7/27/2018 11:31:43
0,0,12,0,0,0 7/27/2018 11:31:43
0,0,22,0,0,0 7/27/2018 11:31:43
0,109,20,0,0,0 7/27/2018 11:31:43
0,428,89,135,0,0 7/27/2018 11:31:43
0,95,40,0,0,0 7/27/2018 11:31:43
0,143,115,2,0,0 7/27/2018 11:31:43
0,302,291,487,0,0 7/27/2018 11:31:43
0,94,548,415,0,0 7/27/2018 11:31:43
0,106,567,541,0,0 7/27/2018 11:31:43
0,0,364,364,0,0 7/27/2018 11:31:43
0,0,385,0,0,0 7/27/2018 11:31:43
0,0,439,81,0,0 7/27/2018 11:31:43
0,0,541,47,0,0 7/27/2018 11:31:44
0,0,569,56,0,0 7/27/2018 11:31:44
0,0,447,3,0,0 7/27/2018 11:31:44
0,0,347,0,0,0 7/27/2018 11:31:44
0,0,364,0,0,0 7/27/2018 11:31:44
0,0,454,111,0,0 7/27/2018 11:31:44
0,0,575,0,0,0 7/27/2018 11:31:44
0,0,535,0,0,0 7/27/2018 11:31:44
0,0,448,0,0,0 7/27/2018 11:31:44
0,0,312,0,0,0 7/27/2018 11:31:44
0,0,352,0,0,0 7/27/2018 11:31:44
0,0,454,0,0,0 7/27/2018 11:31:44
0,0,567,0,0,0 7/27/2018 11:31:44
0,0,584,0,0,0 7/27/2018 11:31:44
0,0,413,0,0,0 7/27/2018 11:31:44
0,0,382,0,0,0 7/27/2018 11:31:44
0,0,420,0,0,0 7/27/2018 11:31:44
0,0,526,0,0,0 7/27/2018 11:31:44
0,0,564,0,0,0 7/27/2018 11:31:44
0,0,504,0,0,0 7/27/2018 11:31:44
0,0,296,0,0,0 7/27/2018 11:31:44
0,0,350,0,0,0 7/27/2018 11:31:44
0,0,353,0,0,0 7/27/2018 11:31:44
0,0,304,0,0,0 7/27/2018 11:31:45
0,0,282,0,0,0 7/27/2018 11:31:45
0,0,228,0,0,0 7/27/2018 11:31:45
0,0,210,0,0,0 7/27/2018 11:31:45
0,0,414,272,0,0 7/27/2018 11:31:45
0,0,279,0,0,0 7/27/2018 11:31:45
0,0,312,122,0,0 7/27/2018 11:31:45
0,0,318,0,0,0 7/27/2018 11:31:45
0,0,299,0,0,0 7/27/2018 11:31:45
0,0,460,0,0,0 7/27/2018 11:31:45
0,0,498,0,0,0 7/27/2018 11:31:45
0,0,588,0,0,0 7/27/2018 11:31:45
0,0,514,0,0,0 7/27/2018 11:31:45
0,0,267,0,0,0 7/27/2018 11:31:45
0,0,266,0,0,0 7/27/2018 11:31:45
0,0,303,0,0,0 7/27/2018 11:31:45
0,0,215,0,0,0 7/27/2018 11:31:45
0,0,88,0,0,0 7/27/2018 11:31:45
0,0,6,0,0,0 7/27/2018 11:31:45
0,0,23,0,0,0 7/27/2018 11:31:45
0,0,27,0,0,0 7/27/2018 11:31:45
0,0,24,0,0,0 7/27/2018 11:31:45
0,31,32,0,0,0 7/27/2018 11:31:46
0,0,27,0,0,0 7/27/2018 11:31:46
0,0,27,0,0,0 7/27/2018 11:31:46
0,0,33,0,0,0 7/27/2018 11:31:46
0,0,30,0,0,0 7/27/2018 11:31:46
0,0,25,0,0,0 7/27/2018 11:31:46
0,0,32,0,0,0 7/27/2018 11:31:46
0,0,9,0,0,0 7/27/2018 11:31:46
0,0,285,0,0,0 7/27/2018 11:31:46
0,0,298,0,0,0 7/27/2018 11:31:46
0,0,315,0,0,0 7/27/2018 11:31:46
0,0,295,0,0,0 7/27/2018 11:31:46
0,0,327,0,0,0 7/27/2018 11:31:46
0,0,294,0,0,0 7/27/2018 11:31:46
0,0,178,0,0,0 7/27/2018 11:31:46
0,0,134,0,0,0 7/27/2018 11:31:46
0,0,81,0,0,0 7/27/2018 11:31:46
0,0,4,0,0,0 7/27/2018 11:31:46
0,0,0,0,0,0 7/27/2018 11:31:46
0,0,0,0,0,0 7/27/2018 11:31:46
0,0,2,0,0,0 7/27/2018 11:31:46
0,0,1,0,0,0 7/27/2018 11:31:46
0,0,2,0,0,0 7/27/2018 11:31:46
0,0,1,0,0,0 7/27/2018 11:31:47
0,0,3,0,0,0 7/27/2018 11:31:47
0,0,13,0,0,0 7/27/2018 11:31:47
0,0,11,0,0,0 7/27/2018 11:31:47
0,0,4,0,0,0 7/27/2018 11:31:47
0,0,13,0,0,0 7/27/2018 11:31:47
0,0,0,0,0,0 7/27/2018 11:31:47
0,0,0,0,0,0 7/27/2018 11:31:47
0,0,8,0,0,0 7/27/2018 11:31:47
0,0,28,0,0,0 7/27/2018 11:31:47
0,0,0,0,0,0 7/27/2018 11:31:47
0,0,0,0,0,0 7/27/2018 11:31:47
0,0,3,0,0,0 7/27/2018 11:31:47
0,0,2,0,0,0 7/27/2018 11:31:47
0,0,4,0,0,0 7/27/2018 11:31:47
0,0,0,0,0,0 7/27/2018 11:31:47
0,0,0,0,0,0 7/27/2018 11:31:47
0,0,14,0,0,0 7/27/2018 11:31:47
0,0,11,0,0,0 7/27/2018 11:31:47
0,0,11,0,0,0 7/27/2018 11:31:47
0,0,16,0,0,0 7/27/2018 11:31:47
0,0,18,0,0,0 7/27/2018 11:31:47
0,0,20,0,0,0 7/27/2018 11:31:47
0,0,21,0,0,0 7/27/2018 11:31:48
0,0,23,0,0,0 7/27/2018 11:31:48
0,0,25,0,0,0 7/27/2018 11:31:48
0,0,25,0,0,0 7/27/2018 11:31:48
0,0,22,0,0,0 7/27/2018 11:31:48
0,0,25,0,0,0 7/27/2018 11:31:48
0,0,25,0,0,0 7/27/2018 11:31:48
0,0,26,0,0,0 7/27/2018 11:31:48
0,0,27,0,0,0 7/27/2018 11:31:48
0,0,28,0,0,0 7/27/2018 11:31:48
0,0,27,0,0,0 7/27/2018 11:31:48
0,0,25,0,0,0 7/27/2018 11:31:48
0,0,25,0,0,0 7/27/2018 11:31:48
0,0,23,0,0,0 7/27/2018 11:31:48
0,0,24,0,0,0 7/27/2018 11:31:48
0,0,23,0,0,0 7/27/2018 11:31:48
0,0,24,0,0,0 7/27/2018 11:31:48
0,0,27,0,0,0 7/27/2018 11:31:48
0,0,27,0,0,0 7/27/2018 11:31:48
0,0,26,0,0,0 7/27/2018 11:31:48
0,0,25,0,0,0 7/27/2018 11:31:48
0,0,25,0,0,0 7/27/2018 11:31:48
0,0,22,0,0,0 7/27/2018 11:31:48
0,0,24,0,0,0 7/27/2018 11:31:49
0,0,23,0,0,0 7/27/2018 11:31:49
0,0,24,0,0,0 7/27/2018 11:31:49
0,0,25,0,0,0 7/27/2018 11:31:49
0,0,17,0,0,0 7/27/2018 11:31:49
0,0,21,0,0,0 7/27/2018 11:31:49
0,0,24,0,0,0 7/27/2018 11:31:49
0,0,21,0,0,0 7/27/2018 11:31:49
0,0,19,0,0,0 7/27/2018 11:31:49
0,0,17,0,0,0 7/27/2018 11:31:49
0,0,25,0,0,0 7/27/2018 11:31:49
0,0,0,0,0,0 7/27/2018 11:31:49
0,0,29,0,0,0 7/27/2018 11:31:49
0,0,23,0,0,0 7/27/2018 11:31:49
0,0,24,0,0,0 7/27/2018 11:31:49
0,0,21,0,0,0 7/27/2018 11:31:49
0,0,0,0,0,0 7/27/2018 11:31:49
0,0,0,0,0,0 7/27/2018 11:31:49
0,0,13,0,0,0 7/27/2018 11:31:49
0,0,0,0,0,0 7/27/2018 11:31:49
0,0,0,0,0,0 7/27/2018 11:31:49
0,0,0,0,0,0 7/27/2018 11:31:49
0,0,0,0,0,0 7/27/2018 11:31:50
0,0,0,0,0,0 7/27/2018 11:31:50
0,0,0,0,0,0 7/27/2018 11:31:50
0,0,0,0,0,0 7/27/2018 11:31:50
0,0,0,0,0,0 7/27/2018 11:31:50
0,0,0,0,0,0 7/27/2018 11:31:50
0,0,0,0,0,0 7/27/2018 11:31:50
0,0,4,0,0,0 7/27/2018 11:31:50
0,0,8,0,0,0 7/27/2018 11:31:50
0,0,36,0,0,0 7/27/2018 11:31:50
0,0,190,0,0,0 7/27/2018 11:31:50
0,0,300,0,0,0 7/27/2018 11:31:50
0,0,435,0,0,0 7/27/2018 11:31:50
0,0,547,0,0,0 7/27/2018 11:31:50
0,0,587,0,0,0 7/27/2018 11:31:50
0,0,651,0,0,0 7/27/2018 11:31:50
0,0,678,0,0,0 7/27/2018 11:31:50
0,0,692,0,0,0 7/27/2018 11:31:50
0,0,685,0,0,0 7/27/2018 11:31:50
0,0,635,0,0,0 7/27/2018 11:31:50
0,0,465,0,0,0 7/27/2018 11:31:50
0,0,151,0,0,0 7/27/2018 11:31:50
0,0,10,0,0,0 7/27/2018 11:31:50
0,0,0,0,0,0 7/27/2018 11:31:51
0,0,0,0,0,0 7/27/2018 11:31:51
0,0,0,0,0,0 7/27/2018 11:31:51
0,0,21,0,0,0 7/27/2018 11:31:51
0,0,83,0,0,0 7/27/2018 11:31:51
0,0,188,0,0,0 7/27/2018 11:31:51
0,0,284,0,0,0 7/27/2018 11:31:51
0,0,370,0,0,0 7/27/2018 11:31:51
0,0,435,0,0,0 7/27/2018 11:31:51
0,0,440,0,0,0 7/27/2018 11:31:51
0,0,243,0,0,0 7/27/2018 11:31:51
0,0,30,0,0,0 7/27/2018 11:31:51
0,0,0,0,0,0 7/27/2018 11:31:51
0,0,15,0,0,0 7/27/2018 11:31:51
