0,0,0,0,0,0 7/27/2018 11:35:13
0,0,0,0,0,0 7/27/2018 11:35:13
0,0,0,0,0,0 7/27/2018 11:35:13
0,0,0,0,0,0 7/27/2018 11:35:13
0,0,0,0,0,0 7/27/2018 11:35:13
0,0,0,0,0,0 7/27/2018 11:35:13
0,0,0,0,0,0 7/27/2018 11:35:13
0,0,0,0,0,0 7/27/2018 11:35:13
0,0,0,0,0,0 7/27/2018 11:35:13
0,0,0,0,0,0 7/27/2018 11:35:14
0,0,0,0,0,0 7/27/2018 11:35:14
0,0,0,0,0,0 7/27/2018 11:35:14
0,0,0,0,0,0 7/27/2018 11:35:14
0,38,0,0,0,0 7/27/2018 11:35:14
0,193,0,330,0,0 7/27/2018 11:35:14
0,210,0,23,0,0 7/27/2018 11:35:14
0,13,0,0,0,0 7/27/2018 11:35:14
0,196,0,0,0,0 7/27/2018 11:35:14
0,351,0,0,0,0 7/27/2018 11:35:14
0,328,0,0,0,0 7/27/2018 11:35:14
0,350,0,0,0,0 7/27/2018 11:35:14
0,220,0,0,0,0 7/27/2018 11:35:14
0,273,0,0,0,0 7/27/2018 11:35:14
0,408,0,0,0,0 7/27/2018 11:35:14
0,419,0,0,0,0 7/27/2018 11:35:14
0,441,0,0,0,0 7/27/2018 11:35:14
0,326,0,0,0,0 7/27/2018 11:35:14
0,0,0,0,0,0 7/27/2018 11:35:14
0,0,0,0,0,0 7/27/2018 11:35:14
0,0,1,0,0,0 7/27/2018 11:35:14
0,0,3,0,0,0 7/27/2018 11:35:14
0,0,5,0,0,0 7/27/2018 11:35:14
0,0,0,0,0,0 7/27/2018 11:35:15
0,0,0,0,0,0 7/27/2018 11:35:15
0,0,0,0,0,0 7/27/2018 11:35:15
0,0,0,0,0,0 7/27/2018 11:35:15
0,0,0,0,0,0 7/27/2018 11:35:15
0,0,0,0,0,0 7/27/2018 11:35:15
0,0,0,0,0,0 7/27/2018 11:35:15
0,0,0,0,0,0 7/27/2018 11:35:15
0,0,0,0,0,0 7/27/2018 11:35:15
0,0,0,0,0,0 7/27/2018 11:35:15
0,0,0,0,0,0 7/27/2018 11:35:15
0,0,0,0,0,0 7/27/2018 11:35:15
0,0,0,0,0,0 7/27/2018 11:35:15
0,0,0,0,0,0 7/27/2018 11:35:15
0,0,0,0,0,0 7/27/2018 11:35:15
0,0,0,0,0,0 7/27/2018 11:35:15
0,0,0,0,0,0 7/27/2018 11:35:15
0,0,0,0,0,0 7/27/2018 11:35:15
0,0,0,0,0,0 7/27/2018 11:35:15
0,0,0,0,0,0 7/27/2018 11:35:15
0,0,0,0,0,0 7/27/2018 11:35:15
0,0,0,0,0,0 7/27/2018 11:35:15
0,0,0,0,0,0 7/27/2018 11:35:15
0,0,0,0,0,0 7/27/2018 11:35:16
0,0,0,0,0,0 7/27/2018 11:35:16
0,0,0,0,0,0 7/27/2018 11:35:16
0,0,0,0,0,0 7/27/2018 11:35:16
0,0,0,0,0,0 7/27/2018 11:35:16
0,0,0,0,0,0 7/27/2018 11:35:16
0,0,0,0,0,0 7/27/2018 11:35:16
0,0,0,0,0,0 7/27/2018 11:35:16
0,0,0,0,0,0 7/27/2018 11:35:16
0,0,0,0,0,0 7/27/2018 11:35:16
0,0,0,0,0,0 7/27/2018 11:35:16
0,0,0,0,0,0 7/27/2018 11:35:16
0,0,0,0,0,0 7/27/2018 11:35:16
0,0,2,0,0,0 7/27/2018 11:35:16
0,0,0,0,0,0 7/27/2018 11:35:16
0,0,0,0,0,0 7/27/2018 11:35:16
0,0,0,0,0,0 7/27/2018 11:35:16
0,0,0,0,0,0 7/27/2018 11:35:16
0,0,0,0,0,0 7/27/2018 11:35:16
0,0,8,0,0,0 7/27/2018 11:35:16
0,0,0,0,0,0 7/27/2018 11:35:16
0,0,0,0,0,0 7/27/2018 11:35:16
0,0,0,0,0,0 7/27/2018 11:35:16
0,0,0,0,0,0 7/27/2018 11:35:17
0,0,0,0,0,0 7/27/2018 11:35:17
0,0,0,0,0,0 7/27/2018 11:35:17
0,0,0,0,0,0 7/27/2018 11:35:17
0,0,0,0,0,0 7/27/2018 11:35:17
0,0,0,0,0,0 7/27/2018 11:35:17
0,0,0,0,0,0 7/27/2018 11:35:17
0,0,0,0,0,0 7/27/2018 11:35:17
0,0,0,0,0,0 7/27/2018 11:35:17
0,0,1,0,0,0 7/27/2018 11:35:17
0,0,0,0,0,0 7/27/2018 11:35:17
0,0,0,0,0,0 7/27/2018 11:35:17
0,0,0,0,0,0 7/27/2018 11:35:17
0,0,0,0,0,0 7/27/2018 11:35:17
0,0,0,0,0,0 7/27/2018 11:35:17
0,0,0,0,0,0 7/27/2018 11:35:17
0,0,0,0,0,0 7/27/2018 11:35:17
0,0,0,0,0,0 7/27/2018 11:35:17
0,0,0,0,0,0 7/27/2018 11:35:17
0,0,0,0,0,0 7/27/2018 11:35:17
0,0,0,0,0,0 7/27/2018 11:35:17
0,0,0,0,0,0 7/27/2018 11:35:17
0,0,0,0,0,0 7/27/2018 11:35:18
0,0,0,0,0,0 7/27/2018 11:35:18
0,0,0,0,0,0 7/27/2018 11:35:18
0,0,0,0,0,0 7/27/2018 11:35:18
0,0,0,0,0,0 7/27/2018 11:35:18
0,0,0,0,0,0 7/27/2018 11:35:18
0,0,0,0,0,0 7/27/2018 11:35:18
0,0,0,0,0,0 7/27/2018 11:35:18
0,0,0,0,0,0 7/27/2018 11:35:18
0,0,0,0,0,0 7/27/2018 11:35:18
0,0,0,0,0,0 7/27/2018 11:35:18
0,0,0,0,0,0 7/27/2018 11:35:18
0,0,0,0,0,0 7/27/2018 11:35:18
0,0,0,0,0,0 7/27/2018 11:35:18
0,0,0,0,0,0 7/27/2018 11:35:18
0,0,12,0,0,0 7/27/2018 11:35:18
0,0,0,0,0,0 7/27/2018 11:35:18
0,0,0,0,0,0 7/27/2018 11:35:18
0,0,0,0,0,0 7/27/2018 11:35:18
0,0,0,0,0,0 7/27/2018 11:35:18
0,0,0,0,0,0 7/27/2018 11:35:18
0,0,2,0,0,0 7/27/2018 11:35:18
0,0,6,0,0,0 7/27/2018 11:35:18
0,0,0,0,0,0 7/27/2018 11:35:19
0,0,0,0,0,0 7/27/2018 11:35:19
0,0,0,0,0,0 7/27/2018 11:35:19
0,0,0,0,0,0 7/27/2018 11:35:19
0,0,0,0,0,0 7/27/2018 11:35:19
0,0,0,0,0,0 7/27/2018 11:35:19
0,0,5,0,0,0 7/27/2018 11:35:19
0,0,0,0,0,0 7/27/2018 11:35:19
0,0,0,0,0,0 7/27/2018 11:35:19
0,0,0,0,0,0 7/27/2018 11:35:19
0,0,0,0,0,0 7/27/2018 11:35:19
0,0,0,0,0,0 7/27/2018 11:35:19
0,0,0,0,0,0 7/27/2018 11:35:19
0,0,0,0,0,0 7/27/2018 11:35:19
0,0,0,0,0,0 7/27/2018 11:35:19
0,0,0,0,0,0 7/27/2018 11:35:19
0,0,0,0,1,0 7/27/2018 11:35:19
0,0,0,0,0,0 7/27/2018 11:35:19
0,0,0,0,0,0 7/27/2018 11:35:19
0,0,0,0,0,0 7/27/2018 11:35:19
0,0,0,0,0,0 7/27/2018 11:35:19
0,0,0,0,0,0 7/27/2018 11:35:19
0,0,0,0,0,0 7/27/2018 11:35:19
0,0,0,0,0,0 7/27/2018 11:35:20
0,0,0,0,0,0 7/27/2018 11:35:20
0,0,0,0,0,0 7/27/2018 11:35:20
0,0,0,0,0,0 7/27/2018 11:35:20
0,0,0,0,0,0 7/27/2018 11:35:20
0,0,0,0,0,0 7/27/2018 11:35:20
0,0,0,0,0,0 7/27/2018 11:35:20
0,0,0,0,0,0 7/27/2018 11:35:20
0,0,0,0,0,0 7/27/2018 11:35:20
0,0,0,0,0,0 7/27/2018 11:35:20
0,0,0,0,0,0 7/27/2018 11:35:20
0,0,0,0,0,0 7/27/2018 11:35:20
0,0,0,0,0,0 7/27/2018 11:35:20
0,0,0,0,0,0 7/27/2018 11:35:20
0,0,0,0,0,0 7/27/2018 11:35:20
0,0,0,0,0,0 7/27/2018 11:35:20
0,0,0,0,0,0 7/27/2018 11:35:20
0,0,0,0,0,0 7/27/2018 11:35:20
0,0,0,0,0,0 7/27/2018 11:35:20
0,0,0,0,0,0 7/27/2018 11:35:20
0,0,0,0,0,0 7/27/2018 11:35:20
0,0,0,0,0,0 7/27/2018 11:35:20
0,0,0,0,0,0 7/27/2018 11:35:21
0,0,0,0,0,0 7/27/2018 11:35:21
0,0,0,0,0,0 7/27/2018 11:35:21
0,0,0,0,0,0 7/27/2018 11:35:21
0,0,0,0,0,0 7/27/2018 11:35:21
0,0,0,0,0,0 7/27/2018 11:35:21
0,0,0,0,0,0 7/27/2018 11:35:21
0,0,0,0,0,0 7/27/2018 11:35:21
0,0,0,0,0,0 7/27/2018 11:35:21
0,0,0,0,0,0 7/27/2018 11:35:21
0,0,0,0,0,0 7/27/2018 11:35:21
0,0,0,0,0,0 7/27/2018 11:35:21
0,0,0,0,0,0 7/27/2018 11:35:21
0,0,0,0,0,0 7/27/2018 11:35:21
0,0,0,0,0,0 7/27/2018 11:35:21
0,0,0,0,0,0 7/27/2018 11:35:21
0,0,0,0,0,0 7/27/2018 11:35:21
0,0,0,0,0,0 7/27/2018 11:35:21
0,0,0,0,0,0 7/27/2018 11:35:21
0,0,0,0,0,0 7/27/2018 11:35:21
0,0,0,0,0,0 7/27/2018 11:35:21
0,0,0,0,0,0 7/27/2018 11:35:21
0,0,0,0,0,0 7/27/2018 11:35:21
0,0,0,0,0,0 7/27/2018 11:35:22
0,0,0,0,0,0 7/27/2018 11:35:22
0,0,0,0,0,0 7/27/2018 11:35:22
0,0,0,0,0,0 7/27/2018 11:35:22
0,0,0,0,0,0 7/27/2018 11:35:22
0,0,0,0,0,0 7/27/2018 11:35:22
0,0,0,0,0,0 7/27/2018 11:35:22
0,0,0,0,0,0 7/27/2018 11:35:22
0,0,0,0,0,0 7/27/2018 11:35:22
0,0,0,0,0,0 7/27/2018 11:35:22
0,0,2,0,0,0 7/27/2018 11:35:22
0,0,1,0,0,0 7/27/2018 11:35:22
0,0,8,0,0,0 7/27/2018 11:35:22
0,0,10,0,0,0 7/27/2018 11:35:22
0,0,10,0,0,0 7/27/2018 11:35:22
0,0,11,0,0,0 7/27/2018 11:35:22
0,0,0,0,0,0 7/27/2018 11:35:22
0,0,0,0,0,0 7/27/2018 11:35:22
0,0,9,0,0,0 7/27/2018 11:35:22
0,0,0,0,0,0 7/27/2018 11:35:22
0,0,8,0,0,0 7/27/2018 11:35:22
0,0,8,0,0,0 7/27/2018 11:35:22
0,0,0,0,0,0 7/27/2018 11:35:22
0,0,0,0,0,0 7/27/2018 11:35:23
0,0,0,0,0,0 7/27/2018 11:35:23
0,0,0,0,0,0 7/27/2018 11:35:23
0,0,4,0,0,0 7/27/2018 11:35:23
0,0,0,0,0,0 7/27/2018 11:35:23
0,0,0,0,0,0 7/27/2018 11:35:23
0,0,0,0,0,0 7/27/2018 11:35:23
0,0,0,0,0,0 7/27/2018 11:35:23
0,0,0,0,0,0 7/27/2018 11:35:23
0,0,0,0,0,0 7/27/2018 11:35:23
0,0,0,0,0,0 7/27/2018 11:35:23
0,0,0,0,0,0 7/27/2018 11:35:23
0,0,0,0,0,0 7/27/2018 11:35:23
0,0,0,0,0,0 7/27/2018 11:35:23
0,0,0,0,0,0 7/27/2018 11:35:23
0,0,0,0,0,0 7/27/2018 11:35:23
0,0,0,0,0,0 7/27/2018 11:35:23
0,0,0,0,0,0 7/27/2018 11:35:23
0,0,0,0,0,0 7/27/2018 11:35:23
0,0,0,0,0,0 7/27/2018 11:35:23
0,0,0,0,0,0 7/27/2018 11:35:23
0,0,0,0,0,0 7/27/2018 11:35:23
0,0,0,0,0,0 7/27/2018 11:35:23
0,0,0,0,0,0 7/27/2018 11:35:24
0,0,0,0,0,0 7/27/2018 11:35:24
0,0,0,0,0,0 7/27/2018 11:35:24
0,14,0,0,0,0 7/27/2018 11:35:24
0,114,0,0,0,0 7/27/2018 11:35:24
0,262,0,0,0,0 7/27/2018 11:35:24
0,339,0,0,0,0 7/27/2018 11:35:24
0,354,0,0,0,0 7/27/2018 11:35:24
0,276,0,0,0,0 7/27/2018 11:35:24
0,266,0,0,0,0 7/27/2018 11:35:24
0,288,0,0,0,0 7/27/2018 11:35:24
0,289,0,0,0,0 7/27/2018 11:35:24
0,180,0,0,0,0 7/27/2018 11:35:24
0,187,0,0,0,1 7/27/2018 11:35:24
0,185,0,0,0,0 7/27/2018 11:35:24
0,204,0,0,0,0 7/27/2018 11:35:24
0,272,0,0,0,0 7/27/2018 11:35:24
0,287,0,0,0,0 7/27/2018 11:35:24
0,221,0,0,0,0 7/27/2018 11:35:24
0,74,0,0,0,0 7/27/2018 11:35:24
0,66,0,0,0,0 7/27/2018 11:35:24
0,76,0,0,0,0 7/27/2018 11:35:24
0,130,0,0,0,0 7/27/2018 11:35:25
0,94,0,0,0,0 7/27/2018 11:35:25
0,138,0,0,0,0 7/27/2018 11:35:25
0,42,0,0,0,0 7/27/2018 11:35:25
0,0,0,0,0,0 7/27/2018 11:35:25
0,0,0,0,0,0 7/27/2018 11:35:25
0,0,0,0,0,0 7/27/2018 11:35:25
0,0,0,0,0,0 7/27/2018 11:35:25
0,0,0,0,0,0 7/27/2018 11:35:25
0,0,0,0,0,0 7/27/2018 11:35:25
0,0,0,0,0,0 7/27/2018 11:35:25
0,0,0,0,0,0 7/27/2018 11:35:25
0,0,0,0,0,0 7/27/2018 11:35:25
0,0,0,0,0,0 7/27/2018 11:35:25
0,0,0,0,0,0 7/27/2018 11:35:25
0,0,0,0,0,0 7/27/2018 11:35:25
0,0,0,0,0,0 7/27/2018 11:35:25
0,0,0,0,0,0 7/27/2018 11:35:25
0,0,0,0,0,0 7/27/2018 11:35:25
0,0,0,0,0,0 7/27/2018 11:35:25
0,0,0,0,0,0 7/27/2018 11:35:25
0,0,0,0,0,0 7/27/2018 11:35:25
0,0,0,0,0,0 7/27/2018 11:35:25
0,0,0,0,0,0 7/27/2018 11:35:26
0,0,0,0,0,0 7/27/2018 11:35:26
0,0,0,0,0,0 7/27/2018 11:35:26
0,0,0,0,0,0 7/27/2018 11:35:26
0,34,0,0,0,0 7/27/2018 11:35:26
0,2,0,0,0,0 7/27/2018 11:35:26
0,27,0,0,0,0 7/27/2018 11:35:26
0,0,0,0,0,0 7/27/2018 11:35:26
0,12,0,0,0,0 7/27/2018 11:35:26
0,48,0,0,0,0 7/27/2018 11:35:26
0,125,0,0,0,0 7/27/2018 11:35:26
0,141,0,0,0,0 7/27/2018 11:35:26
0,75,0,0,0,0 7/27/2018 11:35:26
0,68,0,0,0,0 7/27/2018 11:35:26
0,58,0,0,0,0 7/27/2018 11:35:26
0,70,0,0,0,0 7/27/2018 11:35:26
0,58,0,0,0,0 7/27/2018 11:35:26
0,48,0,0,0,0 7/27/2018 11:35:26
0,0,0,0,0,0 7/27/2018 11:35:26
0,0,0,0,0,0 7/27/2018 11:35:26
0,0,0,0,0,0 7/27/2018 11:35:26
0,0,0,0,0,0 7/27/2018 11:35:26
0,0,0,0,0,0 7/27/2018 11:35:26
0,0,0,0,0,0 7/27/2018 11:35:27
0,0,0,0,0,0 7/27/2018 11:35:27
0,0,0,0,0,0 7/27/2018 11:35:27
0,0,0,0,0,0 7/27/2018 11:35:27
0,0,0,0,0,0 7/27/2018 11:35:27
0,0,0,0,0,0 7/27/2018 11:35:27
0,0,0,0,0,0 7/27/2018 11:35:27
0,0,0,0,0,0 7/27/2018 11:35:27
0,0,0,0,0,0 7/27/2018 11:35:27
0,0,0,0,0,0 7/27/2018 11:35:27
0,0,0,0,0,0 7/27/2018 11:35:27
0,0,0,0,0,0 7/27/2018 11:35:27
0,217,0,0,0,0 7/27/2018 11:35:27
0,327,0,0,0,0 7/27/2018 11:35:27
0,423,0,0,0,0 7/27/2018 11:35:27
0,468,0,0,0,0 7/27/2018 11:35:27
0,476,0,0,0,0 7/27/2018 11:35:27
0,463,0,0,0,0 7/27/2018 11:35:27
0,406,0,0,0,0 7/27/2018 11:35:27
0,406,0,0,0,0 7/27/2018 11:35:27
0,157,0,0,0,0 7/27/2018 11:35:27
0,49,0,0,0,0 7/27/2018 11:35:27
0,27,0,0,0,0 7/27/2018 11:35:28
0,0,0,0,0,0 7/27/2018 11:35:28
0,0,0,0,0,0 7/27/2018 11:35:28
0,0,0,0,0,0 7/27/2018 11:35:28
0,0,0,0,0,0 7/27/2018 11:35:28
0,0,0,0,0,0 7/27/2018 11:35:28
0,0,0,0,0,0 7/27/2018 11:35:28
0,0,0,0,0,0 7/27/2018 11:35:28
0,0,0,0,0,0 7/27/2018 11:35:28
0,0,0,0,0,0 7/27/2018 11:35:28
0,0,0,0,0,0 7/27/2018 11:35:28
0,0,0,0,0,0 7/27/2018 11:35:28
0,0,0,0,0,0 7/27/2018 11:35:28
0,0,0,0,0,0 7/27/2018 11:35:28
0,0,8,0,0,0 7/27/2018 11:35:28
0,0,90,0,0,0 7/27/2018 11:35:28
0,0,100,0,0,0 7/27/2018 11:35:28
0,0,117,0,0,0 7/27/2018 11:35:28
0,0,135,0,0,0 7/27/2018 11:35:28
0,0,142,0,0,0 7/27/2018 11:35:28
0,0,88,0,0,0 7/27/2018 11:35:28
0,0,52,0,0,0 7/27/2018 11:35:28
0,0,41,0,0,0 7/27/2018 11:35:28
0,0,31,0,0,0 7/27/2018 11:35:29
0,0,8,0,0,0 7/27/2018 11:35:29
0,0,48,0,0,0 7/27/2018 11:35:29
0,0,47,0,0,0 7/27/2018 11:35:29
0,0,94,0,0,0 7/27/2018 11:35:29
0,0,100,0,0,0 7/27/2018 11:35:29
0,0,102,0,0,0 7/27/2018 11:35:29
0,0,115,0,0,0 7/27/2018 11:35:29
0,0,116,0,0,0 7/27/2018 11:35:29
0,0,141,0,0,0 7/27/2018 11:35:29
0,0,158,0,0,0 7/27/2018 11:35:29
0,0,153,0,0,0 7/27/2018 11:35:29
0,0,148,0,0,0 7/27/2018 11:35:29
0,0,114,0,0,0 7/27/2018 11:35:29
0,0,153,0,0,0 7/27/2018 11:35:29
0,0,137,0,0,0 7/27/2018 11:35:29
0,0,150,0,0,0 7/27/2018 11:35:29
0,0,148,0,0,0 7/27/2018 11:35:29
0,0,100,0,0,0 7/27/2018 11:35:29
0,0,124,0,0,0 7/27/2018 11:35:29
0,0,102,0,0,0 7/27/2018 11:35:29
0,0,79,0,0,0 7/27/2018 11:35:29
0,0,52,0,0,0 7/27/2018 11:35:29
0,0,47,0,0,0 7/27/2018 11:35:30
0,0,39,0,0,0 7/27/2018 11:35:30
0,0,30,0,0,0 7/27/2018 11:35:30
0,0,39,0,0,0 7/27/2018 11:35:30
0,0,18,0,0,0 7/27/2018 11:35:30
0,0,14,0,0,0 7/27/2018 11:35:30
0,0,40,0,0,0 7/27/2018 11:35:30
0,0,37,0,0,0 7/27/2018 11:35:30
0,0,30,0,0,0 7/27/2018 11:35:30
0,0,38,0,0,0 7/27/2018 11:35:30
0,0,34,0,0,0 7/27/2018 11:35:30
0,0,5,0,0,0 7/27/2018 11:35:30
0,0,1,0,0,0 7/27/2018 11:35:30
0,0,9,0,0,0 7/27/2018 11:35:30
0,0,10,0,0,0 7/27/2018 11:35:30
0,0,25,0,0,0 7/27/2018 11:35:30
0,0,30,0,0,0 7/27/2018 11:35:30
0,0,8,0,0,0 7/27/2018 11:35:30
0,0,0,0,0,0 7/27/2018 11:35:30
0,0,1,0,0,0 7/27/2018 11:35:30
0,0,1,0,0,0 7/27/2018 11:35:30
0,0,0,0,0,0 7/27/2018 11:35:30
0,0,0,0,0,0 7/27/2018 11:35:31
0,0,1,0,0,0 7/27/2018 11:35:31
0,0,0,0,0,0 7/27/2018 11:35:31
0,0,0,0,0,0 7/27/2018 11:35:31
0,0,0,0,0,0 7/27/2018 11:35:31
0,0,0,0,0,0 7/27/2018 11:35:31
0,0,0,0,0,0 7/27/2018 11:35:31
0,0,0,0,0,0 7/27/2018 11:35:31
0,0,0,0,0,0 7/27/2018 11:35:31
0,0,2,0,0,0 7/27/2018 11:35:31
0,0,5,0,0,0 7/27/2018 11:35:31
0,0,0,0,0,0 7/27/2018 11:35:31
0,0,11,0,0,0 7/27/2018 11:35:31
0,0,12,0,0,0 7/27/2018 11:35:31
0,0,5,0,0,0 7/27/2018 11:35:31
0,0,0,0,0,0 7/27/2018 11:35:31
0,0,0,0,0,0 7/27/2018 11:35:31
0,0,0,0,0,0 7/27/2018 11:35:31
0,0,0,0,0,0 7/27/2018 11:35:31
0,0,0,0,0,0 7/27/2018 11:35:31
0,0,0,0,0,0 7/27/2018 11:35:31
0,0,0,0,0,0 7/27/2018 11:35:31
0,0,0,0,0,0 7/27/2018 11:35:31
0,0,0,0,0,0 7/27/2018 11:35:32
0,0,0,0,0,0 7/27/2018 11:35:32
0,0,4,0,0,0 7/27/2018 11:35:32
0,0,11,0,0,0 7/27/2018 11:35:32
0,0,17,0,0,0 7/27/2018 11:35:32
0,0,4,0,0,0 7/27/2018 11:35:32
0,0,12,0,0,0 7/27/2018 11:35:32
0,0,0,0,0,0 7/27/2018 11:35:32
0,0,0,0,0,0 7/27/2018 11:35:32
0,0,0,0,0,0 7/27/2018 11:35:32
0,0,31,0,0,0 7/27/2018 11:35:32
0,0,60,0,0,0 7/27/2018 11:35:32
0,0,80,0,0,0 7/27/2018 11:35:32
0,0,128,0,0,0 7/27/2018 11:35:32
0,0,127,0,0,0 7/27/2018 11:35:32
0,0,135,0,0,0 7/27/2018 11:35:32
0,0,98,0,0,0 7/27/2018 11:35:32
0,0,83,0,0,0 7/27/2018 11:35:32
0,0,112,0,0,0 7/27/2018 11:35:32
0,0,84,0,0,0 7/27/2018 11:35:32
0,0,107,0,0,0 7/27/2018 11:35:32
0,0,112,0,0,0 7/27/2018 11:35:32
0,0,70,0,0,0 7/27/2018 11:35:32
0,0,69,0,0,0 7/27/2018 11:35:33
0,0,67,0,0,0 7/27/2018 11:35:33
0,0,74,0,0,0 7/27/2018 11:35:33
0,0,74,0,0,0 7/27/2018 11:35:33
0,0,73,0,0,0 7/27/2018 11:35:33
0,0,74,0,0,0 7/27/2018 11:35:33
0,0,69,0,0,0 7/27/2018 11:35:33
0,0,75,0,0,0 7/27/2018 11:35:33
0,0,78,0,0,0 7/27/2018 11:35:33
0,0,43,0,0,0 7/27/2018 11:35:33
0,0,74,0,0,0 7/27/2018 11:35:33
0,0,95,0,0,0 7/27/2018 11:35:33
0,0,71,0,0,0 7/27/2018 11:35:33
0,0,76,0,0,0 7/27/2018 11:35:33
0,0,83,0,0,0 7/27/2018 11:35:33
0,0,0,0,0,0 7/27/2018 11:35:33
0,0,37,0,0,0 7/27/2018 11:35:33
0,0,66,0,0,0 7/27/2018 11:35:33
0,0,0,0,0,0 7/27/2018 11:35:33
0,0,0,0,0,0 7/27/2018 11:35:33
0,0,0,0,0,0 7/27/2018 11:35:33
0,0,0,0,0,0 7/27/2018 11:35:33
0,0,12,0,0,0 7/27/2018 11:35:33
0,0,17,0,0,0 7/27/2018 11:35:34
0,0,15,0,0,0 7/27/2018 11:35:34
0,0,15,0,0,0 7/27/2018 11:35:34
0,0,2,0,0,0 7/27/2018 11:35:34
0,0,0,0,0,0 7/27/2018 11:35:34
0,0,12,0,0,0 7/27/2018 11:35:34
0,0,49,0,0,0 7/27/2018 11:35:34
0,0,0,0,0,0 7/27/2018 11:35:34
0,0,3,0,0,0 7/27/2018 11:35:34
0,0,0,0,0,0 7/27/2018 11:35:34
0,0,3,0,0,0 7/27/2018 11:35:34
0,0,3,0,0,0 7/27/2018 11:35:34
0,0,0,0,0,0 7/27/2018 11:35:34
0,0,0,0,0,0 7/27/2018 11:35:34
0,0,0,0,0,0 7/27/2018 11:35:34
0,0,1,0,0,0 7/27/2018 11:35:34
0,0,0,0,0,0 7/27/2018 11:35:34
0,0,13,0,0,0 7/27/2018 11:35:34
0,0,0,0,0,0 7/27/2018 11:35:34
0,0,0,0,0,0 7/27/2018 11:35:34
0,0,46,0,0,0 7/27/2018 11:35:34
0,0,42,0,0,0 7/27/2018 11:35:34
0,0,42,0,0,0 7/27/2018 11:35:35
0,0,39,0,0,0 7/27/2018 11:35:35
0,0,0,0,0,0 7/27/2018 11:35:35
0,0,45,0,0,0 7/27/2018 11:35:35
0,0,46,0,0,0 7/27/2018 11:35:35
0,0,40,0,0,0 7/27/2018 11:35:35
0,0,57,0,0,0 7/27/2018 11:35:35
0,0,0,0,0,0 7/27/2018 11:35:35
0,0,31,0,0,0 7/27/2018 11:35:35
0,0,0,0,0,0 7/27/2018 11:35:35
0,0,0,0,0,0 7/27/2018 11:35:35
0,0,0,0,0,0 7/27/2018 11:35:35
0,0,0,0,0,0 7/27/2018 11:35:35
0,0,0,0,0,0 7/27/2018 11:35:35
0,0,41,0,0,0 7/27/2018 11:35:35
0,0,51,0,0,0 7/27/2018 11:35:35
0,0,32,0,0,0 7/27/2018 11:35:35
0,0,3,0,0,0 7/27/2018 11:35:35
0,0,0,0,0,0 7/27/2018 11:35:35
0,0,0,0,0,0 7/27/2018 11:35:35
0,0,0,0,0,0 7/27/2018 11:35:35
0,0,1,0,0,0 7/27/2018 11:35:35
0,0,0,0,0,0 7/27/2018 11:35:35
0,0,0,0,0,0 7/27/2018 11:35:36
0,0,0,0,0,0 7/27/2018 11:35:36
0,0,0,0,0,0 7/27/2018 11:35:36
0,0,0,0,0,0 7/27/2018 11:35:36
0,0,0,0,0,0 7/27/2018 11:35:36
0,0,0,0,0,0 7/27/2018 11:35:36
0,0,0,0,0,0 7/27/2018 11:35:36
0,0,0,0,0,0 7/27/2018 11:35:36
0,0,0,0,0,0 7/27/2018 11:35:36
0,0,0,0,0,0 7/27/2018 11:35:36
0,0,0,0,0,0 7/27/2018 11:35:36
0,0,0,0,0,0 7/27/2018 11:35:36
0,0,0,0,0,0 7/27/2018 11:35:36
0,0,0,0,0,0 7/27/2018 11:35:36
0,0,0,0,0,0 7/27/2018 11:35:36
0,0,18,0,0,0 7/27/2018 11:35:36
0,0,12,0,0,0 7/27/2018 11:35:36
0,0,17,0,0,0 7/27/2018 11:35:36
0,0,11,0,0,0 7/27/2018 11:35:36
0,0,20,0,0,0 7/27/2018 11:35:36
0,0,22,0,0,0 7/27/2018 11:35:36
0,0,23,0,0,0 7/27/2018 11:35:36
0,0,8,0,0,0 7/27/2018 11:35:36
0,0,0,0,0,0 7/27/2018 11:35:37
0,0,0,0,0,0 7/27/2018 11:35:37
0,0,0,0,0,0 7/27/2018 11:35:37
0,0,0,0,0,0 7/27/2018 11:35:37
0,0,0,0,0,0 7/27/2018 11:35:37
0,0,0,0,0,0 7/27/2018 11:35:37
0,0,0,0,0,0 7/27/2018 11:35:37
0,0,0,0,0,0 7/27/2018 11:35:37
0,0,0,0,0,0 7/27/2018 11:35:37
0,0,0,0,0,0 7/27/2018 11:35:37
0,0,0,0,0,0 7/27/2018 11:35:37
0,0,0,0,0,0 7/27/2018 11:35:37
0,0,0,0,0,0 7/27/2018 11:35:37
0,0,0,0,0,0 7/27/2018 11:35:37
0,0,0,0,0,0 7/27/2018 11:35:37
0,0,0,0,0,0 7/27/2018 11:35:37
0,0,0,0,0,0 7/27/2018 11:35:37
0,0,0,0,0,0 7/27/2018 11:35:37
0,0,0,0,0,0 7/27/2018 11:35:37
0,0,0,0,0,0 7/27/2018 11:35:37
0,0,0,0,0,0 7/27/2018 11:35:37
0,0,0,0,0,0 7/27/2018 11:35:37
0,0,0,0,0,0 7/27/2018 11:35:38
0,0,0,0,0,0 7/27/2018 11:35:38
0,0,0,0,0,0 7/27/2018 11:35:38
0,0,0,0,0,0 7/27/2018 11:35:38
0,0,0,0,0,0 7/27/2018 11:35:38
0,0,0,0,0,0 7/27/2018 11:35:38
0,0,0,0,0,0 7/27/2018 11:35:38
0,0,0,0,0,0 7/27/2018 11:35:38
0,0,0,0,0,0 7/27/2018 11:35:38
0,0,0,0,0,0 7/27/2018 11:35:38
0,0,0,0,0,0 7/27/2018 11:35:38
0,2,0,0,0,0 7/27/2018 11:35:38
0,0,0,0,0,0 7/27/2018 11:35:38
0,0,0,0,0,0 7/27/2018 11:35:38
0,0,0,0,0,0 7/27/2018 11:35:38
0,5,0,0,0,0 7/27/2018 11:35:38
0,45,0,0,0,0 7/27/2018 11:35:38
0,0,0,0,0,0 7/27/2018 11:35:38
0,0,0,0,0,0 7/27/2018 11:35:38
0,0,0,0,0,0 7/27/2018 11:35:38
0,0,0,0,0,0 7/27/2018 11:35:38
0,0,0,0,0,0 7/27/2018 11:35:38
0,0,7,0,0,0 7/27/2018 11:35:38
0,0,0,0,0,0 7/27/2018 11:35:39
0,0,5,0,0,0 7/27/2018 11:35:39
0,0,5,0,0,0 7/27/2018 11:35:39
0,31,10,0,0,0 7/27/2018 11:35:39
0,43,6,0,0,0 7/27/2018 11:35:39
0,53,6,0,0,0 7/27/2018 11:35:39
0,83,2,0,0,0 7/27/2018 11:35:39
0,84,4,7,0,0 7/27/2018 11:35:39
0,151,0,0,0,0 7/27/2018 11:35:39
0,233,0,0,0,0 7/27/2018 11:35:39
0,233,1,0,0,0 7/27/2018 11:35:39
0,333,2,0,0,0 7/27/2018 11:35:39
0,332,2,0,0,0 7/27/2018 11:35:39
0,409,4,0,0,0 7/27/2018 11:35:39
0,490,4,0,0,0 7/27/2018 11:35:39
0,480,6,0,0,0 7/27/2018 11:35:39
0,470,6,0,0,0 7/27/2018 11:35:39
0,494,7,0,0,0 7/27/2018 11:35:39
0,520,7,0,0,0 7/27/2018 11:35:39
0,522,8,0,0,0 7/27/2018 11:35:39
0,485,8,0,0,0 7/27/2018 11:35:39
0,505,8,0,0,0 7/27/2018 11:35:39
0,442,9,0,0,0 7/27/2018 11:35:39
0,497,7,0,0,0 7/27/2018 11:35:40
0,533,5,0,0,0 7/27/2018 11:35:40
0,518,7,0,0,0 7/27/2018 11:35:40
0,523,9,0,0,0 7/27/2018 11:35:40
0,534,11,0,0,0 7/27/2018 11:35:40
0,536,10,0,0,0 7/27/2018 11:35:40
0,551,6,0,0,0 7/27/2018 11:35:40
0,554,9,0,0,0 7/27/2018 11:35:40
0,567,8,0,0,0 7/27/2018 11:35:40
0,580,8,0,0,0 7/27/2018 11:35:40
0,599,8,0,0,0 7/27/2018 11:35:40
0,623,9,0,0,0 7/27/2018 11:35:40
0,618,9,0,0,0 7/27/2018 11:35:40
0,626,8,0,0,0 7/27/2018 11:35:40
0,622,8,0,0,0 7/27/2018 11:35:40
0,624,0,0,0,0 7/27/2018 11:35:40
0,642,9,0,0,0 7/27/2018 11:35:40
0,636,11,0,0,0 7/27/2018 11:35:40
0,628,13,0,0,0 7/27/2018 11:35:40
0,630,14,0,0,0 7/27/2018 11:35:40
0,632,14,0,0,0 7/27/2018 11:35:40
0,630,13,0,0,0 7/27/2018 11:35:40
0,621,14,0,0,0 7/27/2018 11:35:40
0,598,13,0,0,0 7/27/2018 11:35:41
0,552,16,0,0,0 7/27/2018 11:35:41
0,547,14,0,0,0 7/27/2018 11:35:41
0,512,14,0,0,0 7/27/2018 11:35:41
0,482,14,0,0,0 7/27/2018 11:35:41
0,488,17,0,0,0 7/27/2018 11:35:41
0,458,13,0,0,0 7/27/2018 11:35:41
0,445,13,0,0,0 7/27/2018 11:35:41
0,424,6,0,0,0 7/27/2018 11:35:41
0,421,9,0,0,0 7/27/2018 11:35:41
0,436,11,0,0,0 7/27/2018 11:35:41
0,458,14,0,0,0 7/27/2018 11:35:41
0,455,16,0,0,0 7/27/2018 11:35:41
0,456,10,0,0,0 7/27/2018 11:35:41
0,445,10,0,0,0 7/27/2018 11:35:41
0,437,13,0,0,0 7/27/2018 11:35:41
0,450,13,0,0,0 7/27/2018 11:35:41
0,436,13,0,0,0 7/27/2018 11:35:41
0,450,0,0,0,0 7/27/2018 11:35:41
0,428,5,0,0,0 7/27/2018 11:35:41
0,422,14,0,0,0 7/27/2018 11:35:41
0,370,11,0,0,0 7/27/2018 11:35:41
0,363,13,0,0,0 7/27/2018 11:35:42
0,339,13,0,0,0 7/27/2018 11:35:42
0,279,10,0,0,0 7/27/2018 11:35:42
0,212,9,0,0,0 7/27/2018 11:35:42
0,157,14,0,0,0 7/27/2018 11:35:42
0,144,14,0,0,0 7/27/2018 11:35:42
0,182,14,0,0,0 7/27/2018 11:35:42
0,195,3,0,0,0 7/27/2018 11:35:42
0,164,5,0,0,0 7/27/2018 11:35:42
0,185,13,0,0,0 7/27/2018 11:35:42
0,240,10,0,0,0 7/27/2018 11:35:42
0,280,11,0,0,0 7/27/2018 11:35:42
0,324,11,0,0,0 7/27/2018 11:35:42
0,342,12,0,0,0 7/27/2018 11:35:42
0,350,12,0,0,0 7/27/2018 11:35:42
0,344,12,0,0,0 7/27/2018 11:35:42
0,431,13,0,0,0 7/27/2018 11:35:42
0,427,11,0,0,0 7/27/2018 11:35:42
0,456,12,0,0,0 7/27/2018 11:35:42
0,490,10,0,0,0 7/27/2018 11:35:42
0,477,11,0,0,0 7/27/2018 11:35:42
0,506,14,0,0,0 7/27/2018 11:35:42
0,536,12,0,0,0 7/27/2018 11:35:42
0,536,4,0,0,0 7/27/2018 11:35:43
0,560,0,0,0,0 7/27/2018 11:35:43
0,543,5,0,0,0 7/27/2018 11:35:43
0,548,9,0,0,0 7/27/2018 11:35:43
0,574,9,0,0,0 7/27/2018 11:35:43
0,579,11,0,0,0 7/27/2018 11:35:43
0,590,0,0,0,0 7/27/2018 11:35:43
0,601,0,0,0,0 7/27/2018 11:35:43
0,592,8,0,0,0 7/27/2018 11:35:43
0,605,0,0,0,0 7/27/2018 11:35:43
0,592,7,0,0,0 7/27/2018 11:35:43
0,596,0,0,0,0 7/27/2018 11:35:43
0,602,0,0,0,0 7/27/2018 11:35:43
0,531,10,0,0,0 7/27/2018 11:35:43
0,536,11,0,0,0 7/27/2018 11:35:43
0,511,13,0,0,0 7/27/2018 11:35:43
0,426,14,0,0,0 7/27/2018 11:35:43
0,447,10,15,0,0 7/27/2018 11:35:43
0,424,12,38,0,0 7/27/2018 11:35:43
0,393,12,0,0,0 7/27/2018 11:35:43
0,427,3,0,0,0 7/27/2018 11:35:43
0,421,6,0,0,0 7/27/2018 11:35:43
0,324,11,0,0,0 7/27/2018 11:35:43
0,320,6,0,0,0 7/27/2018 11:35:44
0,356,2,0,0,0 7/27/2018 11:35:44
0,341,2,0,0,0 7/27/2018 11:35:44
0,353,0,0,0,0 7/27/2018 11:35:44
0,337,2,0,0,0 7/27/2018 11:35:44
0,308,6,0,0,0 7/27/2018 11:35:44
0,316,0,0,0,0 7/27/2018 11:35:44
0,309,0,0,0,0 7/27/2018 11:35:44
0,236,0,0,0,0 7/27/2018 11:35:44
0,183,0,0,0,0 7/27/2018 11:35:44
0,141,4,0,0,0 7/27/2018 11:35:44
0,40,6,0,0,0 7/27/2018 11:35:44
0,0,3,0,0,0 7/27/2018 11:35:44
0,0,2,0,0,0 7/27/2018 11:35:44
0,0,0,0,0,0 7/27/2018 11:35:44
0,0,10,0,0,0 7/27/2018 11:35:44
0,0,10,0,0,0 7/27/2018 11:35:44
0,0,8,0,0,0 7/27/2018 11:35:44
0,0,12,0,0,0 7/27/2018 11:35:44
0,0,10,0,0,0 7/27/2018 11:35:44
0,0,7,0,0,0 7/27/2018 11:35:44
0,1,7,0,0,0 7/27/2018 11:35:44
0,43,9,0,0,0 7/27/2018 11:35:45
0,44,8,0,0,0 7/27/2018 11:35:45
0,58,9,0,0,0 7/27/2018 11:35:45
0,97,8,0,0,0 7/27/2018 11:35:45
0,98,7,0,0,0 7/27/2018 11:35:45
0,97,7,0,0,0 7/27/2018 11:35:45
0,87,8,0,0,0 7/27/2018 11:35:45
0,23,9,0,0,0 7/27/2018 11:35:45
0,0,10,0,0,0 7/27/2018 11:35:45
0,0,10,0,0,0 7/27/2018 11:35:45
0,0,9,0,0,0 7/27/2018 11:35:45
0,0,1,0,0,0 7/27/2018 11:35:45
0,0,0,0,0,0 7/27/2018 11:35:45
0,0,0,0,0,0 7/27/2018 11:35:45
0,0,0,0,0,0 7/27/2018 11:35:45
0,0,0,0,0,0 7/27/2018 11:35:45
0,0,0,0,0,0 7/27/2018 11:35:45
0,0,0,0,0,0 7/27/2018 11:35:45
0,0,0,0,0,0 7/27/2018 11:35:45
0,0,0,0,0,0 7/27/2018 11:35:45
0,0,0,0,0,0 7/27/2018 11:35:45
0,0,0,0,0,0 7/27/2018 11:35:45
0,0,16,0,0,0 7/27/2018 11:35:45
0,0,0,0,0,0 7/27/2018 11:35:46
0,0,0,0,0,0 7/27/2018 11:35:46
0,0,0,0,0,0 7/27/2018 11:35:46
0,0,0,0,0,0 7/27/2018 11:35:46
0,0,0,0,0,0 7/27/2018 11:35:46
0,0,0,0,0,0 7/27/2018 11:35:46
0,0,0,0,0,0 7/27/2018 11:35:46
0,0,0,0,0,0 7/27/2018 11:35:46
0,0,0,0,0,0 7/27/2018 11:35:46
0,0,0,0,0,0 7/27/2018 11:35:46
0,0,0,0,0,0 7/27/2018 11:35:46
0,0,0,0,0,0 7/27/2018 11:35:46
0,0,0,0,0,0 7/27/2018 11:35:46
0,0,0,0,0,0 7/27/2018 11:35:46
0,0,0,0,0,0 7/27/2018 11:35:46
0,0,0,0,0,0 7/27/2018 11:35:46
0,0,0,0,0,0 7/27/2018 11:35:46
0,0,0,0,0,0 7/27/2018 11:35:46
0,0,0,0,0,0 7/27/2018 11:35:46
0,0,0,0,0,0 7/27/2018 11:35:46
0,0,0,0,0,0 7/27/2018 11:35:46
0,0,0,0,0,0 7/27/2018 11:35:46
0,0,0,0,0,0 7/27/2018 11:35:46
0,0,0,0,0,0 7/27/2018 11:35:47
0,0,0,0,0,0 7/27/2018 11:35:47
0,0,0,0,0,0 7/27/2018 11:35:47
0,0,0,0,0,0 7/27/2018 11:35:47
0,0,0,0,0,0 7/27/2018 11:35:47
0,0,0,0,0,0 7/27/2018 11:35:47
0,0,0,0,0,0 7/27/2018 11:35:47
0,0,0,0,0,0 7/27/2018 11:35:47
0,0,0,0,0,0 7/27/2018 11:35:47
0,0,0,0,0,0 7/27/2018 11:35:47
0,0,0,0,0,0 7/27/2018 11:35:47
0,0,0,0,0,0 7/27/2018 11:35:47
0,0,0,0,0,0 7/27/2018 11:35:47
0,0,2,0,0,0 7/27/2018 11:35:47
0,0,0,0,0,0 7/27/2018 11:35:47
0,0,0,0,0,0 7/27/2018 11:35:47
0,0,0,169,0,0 7/27/2018 11:35:47
0,0,0,31,0,0 7/27/2018 11:35:47
0,0,0,0,0,0 7/27/2018 11:35:47
0,0,0,0,0,0 7/27/2018 11:35:47
0,0,0,0,0,0 7/27/2018 11:35:47
0,0,0,0,0,0 7/27/2018 11:35:47
0,0,0,0,0,0 7/27/2018 11:35:48
0,0,0,0,0,0 7/27/2018 11:35:48
0,0,0,0,0,0 7/27/2018 11:35:48
0,0,0,0,0,0 7/27/2018 11:35:48
0,0,0,41,0,0 7/27/2018 11:35:48
0,0,0,31,0,0 7/27/2018 11:35:48
0,0,0,84,0,0 7/27/2018 11:35:48
0,0,0,199,0,0 7/27/2018 11:35:48
0,0,0,292,0,0 7/27/2018 11:35:48
0,0,0,299,0,0 7/27/2018 11:35:48
0,0,0,284,0,0 7/27/2018 11:35:48
0,0,14,137,0,0 7/27/2018 11:35:48
0,0,0,87,0,0 7/27/2018 11:35:48
0,0,0,140,0,0 7/27/2018 11:35:48
0,0,0,152,0,0 7/27/2018 11:35:48
0,0,0,53,0,0 7/27/2018 11:35:48
0,0,0,0,0,0 7/27/2018 11:35:48
0,0,0,0,0,0 7/27/2018 11:35:48
0,0,0,0,0,0 7/27/2018 11:35:48
0,0,0,0,0,0 7/27/2018 11:35:48
0,0,0,0,0,0 7/27/2018 11:35:48
0,0,0,0,0,0 7/27/2018 11:35:48
0,0,0,0,0,0 7/27/2018 11:35:48
0,0,0,0,0,0 7/27/2018 11:35:49
0,0,0,0,0,0 7/27/2018 11:35:49
0,0,0,0,0,0 7/27/2018 11:35:49
0,0,0,0,0,0 7/27/2018 11:35:49
0,0,0,0,0,0 7/27/2018 11:35:49
0,0,0,0,0,0 7/27/2018 11:35:49
0,0,0,0,0,0 7/27/2018 11:35:49
0,0,0,0,0,0 7/27/2018 11:35:49
0,0,0,0,0,0 7/27/2018 11:35:49
0,0,0,0,0,0 7/27/2018 11:35:49
0,0,0,0,0,0 7/27/2018 11:35:49
0,0,0,0,0,0 7/27/2018 11:35:49
0,0,0,0,0,0 7/27/2018 11:35:49
0,0,0,0,0,0 7/27/2018 11:35:49
0,0,0,0,0,0 7/27/2018 11:35:49
0,0,0,0,0,0 7/27/2018 11:35:49
0,0,0,0,0,0 7/27/2018 11:35:49
0,0,0,0,0,0 7/27/2018 11:35:49
0,0,0,0,0,0 7/27/2018 11:35:49
0,0,0,0,0,0 7/27/2018 11:35:49
0,0,0,0,0,0 7/27/2018 11:35:49
0,0,0,0,0,0 7/27/2018 11:35:49
0,0,0,0,0,0 7/27/2018 11:35:49
0,0,0,0,0,0 7/27/2018 11:35:50
0,0,0,0,0,0 7/27/2018 11:35:50
0,0,0,0,0,0 7/27/2018 11:35:50
0,0,0,53,0,0 7/27/2018 11:35:50
0,0,0,155,0,0 7/27/2018 11:35:50
0,0,0,139,0,0 7/27/2018 11:35:50
0,0,0,192,0,0 7/27/2018 11:35:50
0,3,0,310,0,0 7/27/2018 11:35:50
0,77,0,113,0,0 7/27/2018 11:35:50
0,3,0,63,0,0 7/27/2018 11:35:50
0,9,0,80,0,0 7/27/2018 11:35:50
0,86,0,154,0,0 7/27/2018 11:35:50
0,71,0,418,0,0 7/27/2018 11:35:50
0,0,0,428,0,0 7/27/2018 11:35:50
0,0,0,268,0,0 7/27/2018 11:35:50
0,0,0,132,0,0 7/27/2018 11:35:50
0,0,0,0,0,0 7/27/2018 11:35:50
0,0,0,0,0,0 7/27/2018 11:35:50
0,0,0,0,0,0 7/27/2018 11:35:50
0,0,0,0,0,0 7/27/2018 11:35:50
0,0,0,0,0,0 7/27/2018 11:35:50
0,0,0,0,0,0 7/27/2018 11:35:50
0,0,0,0,0,0 7/27/2018 11:35:50
0,0,0,0,0,0 7/27/2018 11:35:51
0,0,0,0,0,0 7/27/2018 11:35:51
0,0,0,0,0,0 7/27/2018 11:35:51
0,0,0,0,0,0 7/27/2018 11:35:51
0,0,0,0,0,0 7/27/2018 11:35:51
0,0,0,0,0,0 7/27/2018 11:35:51
0,0,0,0,0,0 7/27/2018 11:35:51
0,0,0,0,0,0 7/27/2018 11:35:51
0,0,0,0,0,0 7/27/2018 11:35:51
0,0,0,0,0,0 7/27/2018 11:35:51
0,0,0,0,0,0 7/27/2018 11:35:51
0,0,0,0,0,0 7/27/2018 11:35:51
0,0,0,0,0,0 7/27/2018 11:35:51
0,0,7,0,0,0 7/27/2018 11:35:51
0,0,0,0,0,0 7/27/2018 11:35:51
0,0,0,0,0,0 7/27/2018 11:35:51
0,0,0,0,0,0 7/27/2018 11:35:51
0,0,0,0,0,0 7/27/2018 11:35:51
0,0,97,0,0,0 7/27/2018 11:35:51
0,0,120,0,0,0 7/27/2018 11:35:51
0,0,58,0,0,0 7/27/2018 11:35:51
0,0,4,0,0,0 7/27/2018 11:35:51
0,0,0,0,0,0 7/27/2018 11:35:52
0,0,0,0,0,0 7/27/2018 11:35:52
0,0,0,0,0,0 7/27/2018 11:35:52
0,0,0,0,0,0 7/27/2018 11:35:52
0,0,0,0,0,0 7/27/2018 11:35:52
0,0,0,0,0,0 7/27/2018 11:35:52
0,0,0,0,0,0 7/27/2018 11:35:52
0,0,0,0,0,0 7/27/2018 11:35:52
0,0,0,0,0,0 7/27/2018 11:35:52
0,0,0,0,0,0 7/27/2018 11:35:52
0,0,0,0,0,0 7/27/2018 11:35:52
0,0,0,0,0,0 7/27/2018 11:35:52
0,0,4,0,0,0 7/27/2018 11:35:52
0,0,8,0,0,0 7/27/2018 11:35:52
0,0,14,0,0,0 7/27/2018 11:35:52
0,0,9,0,0,0 7/27/2018 11:35:52
0,0,9,0,0,0 7/27/2018 11:35:52
0,0,5,0,0,0 7/27/2018 11:35:52
0,0,4,0,0,0 7/27/2018 11:35:52
0,0,6,0,0,0 7/27/2018 11:35:52
0,0,9,0,0,0 7/27/2018 11:35:52
0,0,7,0,0,0 7/27/2018 11:35:52
0,0,7,0,0,0 7/27/2018 11:35:52
0,0,5,0,0,0 7/27/2018 11:35:53
0,0,8,0,0,0 7/27/2018 11:35:53
0,0,8,0,0,0 7/27/2018 11:35:53
0,0,8,0,0,0 7/27/2018 11:35:53
0,0,7,0,0,0 7/27/2018 11:35:53
0,0,9,0,0,0 7/27/2018 11:35:53
0,0,12,0,0,0 7/27/2018 11:35:53
0,0,15,0,0,0 7/27/2018 11:35:53
0,0,15,0,0,0 7/27/2018 11:35:53
0,0,13,0,0,0 7/27/2018 11:35:53
0,0,16,0,0,0 7/27/2018 11:35:53
0,0,19,0,0,0 7/27/2018 11:35:53
0,0,11,0,0,0 7/27/2018 11:35:53
0,0,13,0,0,0 7/27/2018 11:35:53
0,0,19,0,0,0 7/27/2018 11:35:53
0,0,19,0,0,0 7/27/2018 11:35:53
0,0,11,0,0,0 7/27/2018 11:35:53
0,0,12,0,0,0 7/27/2018 11:35:53
0,0,7,0,0,0 7/27/2018 11:35:53
0,0,12,0,0,0 7/27/2018 11:35:53
0,8,0,0,0,0 7/27/2018 11:35:53
0,0,0,0,0,0 7/27/2018 11:35:53
0,0,0,0,0,0 7/27/2018 11:35:53
0,0,0,0,0,0 7/27/2018 11:35:54
0,0,11,0,0,0 7/27/2018 11:35:54
0,0,14,0,0,0 7/27/2018 11:35:54
0,0,1,0,0,0 7/27/2018 11:35:54
0,0,15,0,0,0 7/27/2018 11:35:54
0,0,18,0,0,0 7/27/2018 11:35:54
0,0,17,0,0,0 7/27/2018 11:35:54
0,0,2,0,0,0 7/27/2018 11:35:54
0,0,3,0,0,0 7/27/2018 11:35:54
0,0,3,0,0,0 7/27/2018 11:35:54
0,0,2,0,0,0 7/27/2018 11:35:54
0,0,3,0,0,0 7/27/2018 11:35:54
0,0,4,0,0,0 7/27/2018 11:35:54
0,0,7,0,0,0 7/27/2018 11:35:54
0,0,4,0,0,0 7/27/2018 11:35:54
0,0,3,0,0,0 7/27/2018 11:35:54
0,0,1,0,0,0 7/27/2018 11:35:54
0,0,0,0,0,0 7/27/2018 11:35:54
0,0,2,0,0,0 7/27/2018 11:35:54
0,0,0,0,0,0 7/27/2018 11:35:54
0,0,3,0,0,0 7/27/2018 11:35:54
0,0,0,0,0,0 7/27/2018 11:35:54
0,0,2,0,0,0 7/27/2018 11:35:55
0,0,2,0,0,0 7/27/2018 11:35:55
0,0,6,0,0,0 7/27/2018 11:35:55
0,0,6,0,0,0 7/27/2018 11:35:55
0,0,6,0,0,0 7/27/2018 11:35:55
0,0,5,0,0,0 7/27/2018 11:35:55
0,0,3,0,0,0 7/27/2018 11:35:55
0,0,7,0,0,0 7/27/2018 11:35:55
0,0,7,0,0,0 7/27/2018 11:35:55
0,0,5,0,0,0 7/27/2018 11:35:55
0,0,4,0,0,0 7/27/2018 11:35:55
0,0,8,0,0,0 7/27/2018 11:35:55
0,0,10,0,0,0 7/27/2018 11:35:55
0,0,12,0,0,0 7/27/2018 11:35:55
0,0,15,0,0,0 7/27/2018 11:35:55
0,0,6,0,0,0 7/27/2018 11:35:55
0,0,2,0,0,0 7/27/2018 11:35:55
0,0,8,0,0,0 7/27/2018 11:35:55
0,0,11,0,0,0 7/27/2018 11:35:55
0,0,12,0,0,0 7/27/2018 11:35:55
0,0,7,0,0,0 7/27/2018 11:35:55
0,0,8,0,0,0 7/27/2018 11:35:55
0,0,10,0,0,0 7/27/2018 11:35:55
0,0,13,0,0,0 7/27/2018 11:35:56
0,0,15,0,0,0 7/27/2018 11:35:56
0,0,3,0,0,0 7/27/2018 11:35:56
0,0,4,0,0,0 7/27/2018 11:35:56
0,0,4,0,0,0 7/27/2018 11:35:56
0,0,16,0,0,0 7/27/2018 11:35:56
0,0,12,0,0,0 7/27/2018 11:35:56
0,77,0,0,0,0 7/27/2018 11:35:56
0,41,0,0,0,0 7/27/2018 11:35:56
0,0,0,0,0,0 7/27/2018 11:35:56
0,0,0,0,0,0 7/27/2018 11:35:56
0,0,6,0,0,0 7/27/2018 11:35:56
0,0,10,0,0,0 7/27/2018 11:35:56
0,0,4,0,0,0 7/27/2018 11:35:56
0,0,0,0,0,0 7/27/2018 11:35:56
0,0,0,0,0,0 7/27/2018 11:35:56
0,0,0,0,0,0 7/27/2018 11:35:56
0,0,11,0,0,0 7/27/2018 11:35:56
0,0,14,0,0,0 7/27/2018 11:35:56
0,0,9,0,0,0 7/27/2018 11:35:56
0,0,9,0,0,0 7/27/2018 11:35:56
0,0,10,0,0,0 7/27/2018 11:35:56
0,0,10,0,0,0 7/27/2018 11:35:56
0,0,1,0,0,0 7/27/2018 11:35:57
0,0,5,0,0,0 7/27/2018 11:35:57
0,0,1,0,0,0 7/27/2018 11:35:57
0,0,3,0,0,0 7/27/2018 11:35:57
0,0,0,0,0,0 7/27/2018 11:35:57
0,0,0,0,0,0 7/27/2018 11:35:57
0,0,0,0,0,0 7/27/2018 11:35:57
0,0,3,0,0,0 7/27/2018 11:35:57
0,0,6,0,0,0 7/27/2018 11:35:57
0,0,1,0,0,0 7/27/2018 11:35:57
0,0,7,0,0,0 7/27/2018 11:35:57
0,0,8,0,0,0 7/27/2018 11:35:57
0,0,14,0,0,0 7/27/2018 11:35:57
0,0,15,0,0,0 7/27/2018 11:35:57
0,0,15,0,0,0 7/27/2018 11:35:57
0,0,13,0,0,0 7/27/2018 11:35:57
0,0,11,0,0,0 7/27/2018 11:35:57
0,0,10,0,0,0 7/27/2018 11:35:57
0,0,6,0,0,0 7/27/2018 11:35:57
0,0,7,0,0,0 7/27/2018 11:35:57
0,0,11,0,0,0 7/27/2018 11:35:57
0,0,15,0,0,0 7/27/2018 11:35:57
0,0,18,0,0,0 7/27/2018 11:35:58
0,0,20,0,0,0 7/27/2018 11:35:58
0,0,16,0,0,0 7/27/2018 11:35:58
0,0,14,0,0,0 7/27/2018 11:35:58
0,0,12,0,0,0 7/27/2018 11:35:58
0,0,14,0,0,0 7/27/2018 11:35:58
0,0,12,0,0,0 7/27/2018 11:35:58
0,0,13,0,0,0 7/27/2018 11:35:58
0,0,13,0,0,0 7/27/2018 11:35:58
0,0,14,0,0,0 7/27/2018 11:35:58
0,0,13,0,0,0 7/27/2018 11:35:58
0,0,10,0,0,0 7/27/2018 11:35:58
0,0,3,0,0,0 7/27/2018 11:35:58
0,0,0,0,0,0 7/27/2018 11:35:58
0,0,0,0,0,0 7/27/2018 11:35:58
0,0,0,0,0,0 7/27/2018 11:35:58
0,0,0,0,0,0 7/27/2018 11:35:58
0,0,0,0,0,0 7/27/2018 11:35:58
0,0,5,0,0,0 7/27/2018 11:35:58
0,0,5,0,0,0 7/27/2018 11:35:58
0,0,7,0,0,0 7/27/2018 11:35:58
0,0,0,0,0,0 7/27/2018 11:35:58
0,0,8,0,0,0 7/27/2018 11:35:58
0,0,0,0,0,0 7/27/2018 11:35:59
0,0,0,0,0,0 7/27/2018 11:35:59
0,0,0,0,0,0 7/27/2018 11:35:59
0,0,0,0,0,0 7/27/2018 11:35:59
0,0,0,0,0,0 7/27/2018 11:35:59
0,0,0,0,0,0 7/27/2018 11:35:59
0,0,0,0,0,0 7/27/2018 11:35:59
0,0,0,0,0,0 7/27/2018 11:35:59
0,0,0,0,0,0 7/27/2018 11:35:59
0,0,0,0,0,0 7/27/2018 11:35:59
0,0,0,0,0,0 7/27/2018 11:35:59
0,0,0,0,0,0 7/27/2018 11:35:59
0,0,0,0,0,0 7/27/2018 11:35:59
0,0,0,0,0,0 7/27/2018 11:35:59
0,0,0,0,0,0 7/27/2018 11:35:59
0,0,0,0,0,0 7/27/2018 11:35:59
0,0,0,0,0,0 7/27/2018 11:35:59
0,0,0,0,0,0 7/27/2018 11:35:59
0,0,0,0,0,0 7/27/2018 11:35:59
0,0,0,0,0,0 7/27/2018 11:35:59
0,0,4,0,0,0 7/27/2018 11:35:59
0,0,0,0,0,0 7/27/2018 11:35:59
0,0,0,0,0,0 7/27/2018 11:35:59
0,0,0,0,0,0 7/27/2018 11:36:0
0,0,0,0,0,0 7/27/2018 11:36:0
0,0,0,0,0,0 7/27/2018 11:36:0
0,0,0,0,0,0 7/27/2018 11:36:0
0,0,0,0,0,0 7/27/2018 11:36:0
0,0,0,0,0,0 7/27/2018 11:36:0
0,0,0,0,0,0 7/27/2018 11:36:0
0,0,0,0,0,0 7/27/2018 11:36:0
0,0,0,0,0,0 7/27/2018 11:36:0
0,0,0,0,0,0 7/27/2018 11:36:0
0,0,0,0,0,0 7/27/2018 11:36:0
0,0,0,0,0,0 7/27/2018 11:36:0
0,0,0,0,0,0 7/27/2018 11:36:0
0,0,0,0,0,0 7/27/2018 11:36:0
0,0,0,0,0,0 7/27/2018 11:36:0
0,0,0,0,0,0 7/27/2018 11:36:0
0,0,0,0,0,0 7/27/2018 11:36:0
0,0,0,0,0,0 7/27/2018 11:36:0
0,0,0,0,0,0 7/27/2018 11:36:0
0,0,0,0,0,0 7/27/2018 11:36:0
0,0,0,0,0,0 7/27/2018 11:36:0
0,0,0,0,0,0 7/27/2018 11:36:0
0,0,0,0,0,0 7/27/2018 11:36:0
0,0,15,0,0,0 7/27/2018 11:36:1
0,0,16,0,0,0 7/27/2018 11:36:1
0,0,16,0,0,0 7/27/2018 11:36:1
0,0,15,176,0,0 7/27/2018 11:36:1
0,0,16,0,0,0 7/27/2018 11:36:1
0,0,18,0,0,0 7/27/2018 11:36:1
0,0,19,0,0,0 7/27/2018 11:36:1
0,0,19,0,0,0 7/27/2018 11:36:1
0,0,16,0,0,0 7/27/2018 11:36:1
0,0,14,0,0,0 7/27/2018 11:36:1
0,0,11,0,0,0 7/27/2018 11:36:1
0,0,11,0,0,0 7/27/2018 11:36:1
0,0,12,0,0,0 7/27/2018 11:36:1
0,0,15,0,0,0 7/27/2018 11:36:1
0,0,15,0,0,0 7/27/2018 11:36:1
0,0,18,0,0,0 7/27/2018 11:36:1
0,0,18,0,0,0 7/27/2018 11:36:1
0,0,16,0,0,0 7/27/2018 11:36:1
0,0,19,0,0,0 7/27/2018 11:36:1
0,0,20,0,0,0 7/27/2018 11:36:1
0,0,14,0,0,0 7/27/2018 11:36:1
0,0,14,0,0,0 7/27/2018 11:36:1
0,0,9,0,0,0 7/27/2018 11:36:2
0,0,1,0,0,0 7/27/2018 11:36:2
0,0,0,0,0,0 7/27/2018 11:36:2
0,0,4,0,0,0 7/27/2018 11:36:2
0,0,8,0,0,0 7/27/2018 11:36:2
0,0,15,0,0,0 7/27/2018 11:36:2
0,0,14,0,0,0 7/27/2018 11:36:2
0,0,12,0,0,0 7/27/2018 11:36:2
0,0,6,0,0,0 7/27/2018 11:36:2
0,0,13,0,0,0 7/27/2018 11:36:2
0,0,15,0,0,0 7/27/2018 11:36:2
0,0,16,0,0,0 7/27/2018 11:36:2
0,0,11,0,0,0 7/27/2018 11:36:2
0,0,12,0,0,0 7/27/2018 11:36:2
0,0,12,0,0,0 7/27/2018 11:36:2
0,0,14,0,0,0 7/27/2018 11:36:2
0,0,14,0,0,0 7/27/2018 11:36:2
0,0,16,0,0,0 7/27/2018 11:36:2
0,0,13,0,0,0 7/27/2018 11:36:2
0,0,7,0,0,0 7/27/2018 11:36:2
0,0,8,0,0,0 7/27/2018 11:36:2
0,0,14,0,0,0 7/27/2018 11:36:2
0,0,8,0,0,0 7/27/2018 11:36:2
0,0,4,0,0,0 7/27/2018 11:36:3
0,0,0,0,0,0 7/27/2018 11:36:3
0,0,0,0,0,0 7/27/2018 11:36:3
0,0,0,0,0,0 7/27/2018 11:36:3
0,0,0,0,0,0 7/27/2018 11:36:3
0,0,6,0,0,0 7/27/2018 11:36:3
0,0,0,0,0,0 7/27/2018 11:36:3
0,0,0,0,0,0 7/27/2018 11:36:3
0,0,0,0,0,0 7/27/2018 11:36:3
0,0,0,0,0,0 7/27/2018 11:36:3
0,0,12,0,0,0 7/27/2018 11:36:3
0,0,16,0,0,0 7/27/2018 11:36:3
0,0,16,0,0,0 7/27/2018 11:36:3
0,0,14,0,0,0 7/27/2018 11:36:3
0,0,1,0,0,0 7/27/2018 11:36:3
0,0,4,0,0,0 7/27/2018 11:36:3
0,0,6,0,0,0 7/27/2018 11:36:3
0,0,11,0,0,0 7/27/2018 11:36:3
0,0,5,0,0,0 7/27/2018 11:36:3
0,0,8,0,0,0 7/27/2018 11:36:3
0,0,3,0,0,0 7/27/2018 11:36:3
0,0,2,0,0,0 7/27/2018 11:36:3
0,0,2,0,0,0 7/27/2018 11:36:3
0,0,3,0,0,0 7/27/2018 11:36:4
0,0,8,0,0,0 7/27/2018 11:36:4
0,0,4,0,0,0 7/27/2018 11:36:4
0,0,2,0,0,0 7/27/2018 11:36:4
0,0,2,0,0,0 7/27/2018 11:36:4
0,0,0,0,0,0 7/27/2018 11:36:4
0,0,0,0,0,0 7/27/2018 11:36:4
0,0,0,0,0,0 7/27/2018 11:36:4
0,0,0,0,0,0 7/27/2018 11:36:4
0,0,0,0,0,0 7/27/2018 11:36:4
0,0,0,0,0,0 7/27/2018 11:36:4
0,0,0,0,0,0 7/27/2018 11:36:4
0,0,0,0,0,0 7/27/2018 11:36:4
0,0,0,0,0,0 7/27/2018 11:36:4
0,0,12,0,0,0 7/27/2018 11:36:4
0,0,0,0,0,0 7/27/2018 11:36:4
0,0,0,0,0,0 7/27/2018 11:36:4
0,0,0,0,0,0 7/27/2018 11:36:4
0,0,0,0,0,0 7/27/2018 11:36:4
0,0,0,0,0,0 7/27/2018 11:36:4
0,0,0,0,0,0 7/27/2018 11:36:4
0,0,0,0,0,0 7/27/2018 11:36:4
0,0,0,0,0,0 7/27/2018 11:36:5
0,0,0,0,0,0 7/27/2018 11:36:5
0,0,0,0,0,0 7/27/2018 11:36:5
0,0,0,0,0,0 7/27/2018 11:36:5
0,0,0,0,0,0 7/27/2018 11:36:5
0,0,0,0,0,0 7/27/2018 11:36:5
0,0,0,0,0,0 7/27/2018 11:36:5
0,0,0,0,0,0 7/27/2018 11:36:5
0,0,0,0,0,0 7/27/2018 11:36:5
0,0,0,0,0,0 7/27/2018 11:36:5
0,0,0,0,0,0 7/27/2018 11:36:5
0,0,0,0,0,0 7/27/2018 11:36:5
0,0,0,0,0,0 7/27/2018 11:36:5
0,0,0,0,0,0 7/27/2018 11:36:5
0,0,0,0,0,0 7/27/2018 11:36:5
0,0,0,0,0,0 7/27/2018 11:36:5
0,0,0,0,0,0 7/27/2018 11:36:5
0,0,0,0,0,0 7/27/2018 11:36:5
0,0,0,0,0,0 7/27/2018 11:36:5
0,0,0,0,0,0 7/27/2018 11:36:5
0,0,0,0,0,0 7/27/2018 11:36:5
0,0,0,0,0,0 7/27/2018 11:36:5
0,0,0,0,0,0 7/27/2018 11:36:5
0,0,0,0,0,0 7/27/2018 11:36:6
0,0,0,0,0,0 7/27/2018 11:36:6
0,0,0,0,0,0 7/27/2018 11:36:6
0,0,0,0,0,0 7/27/2018 11:36:6
0,0,0,0,0,0 7/27/2018 11:36:6
0,0,0,0,0,0 7/27/2018 11:36:6
0,0,0,0,0,0 7/27/2018 11:36:6
0,0,0,0,0,0 7/27/2018 11:36:6
0,0,0,0,0,0 7/27/2018 11:36:6
