0,0,19,12,0,0 7/27/2018 11:36:46
0,0,8,77,0,0 7/27/2018 11:36:46
0,0,0,0,0,0 7/27/2018 11:36:46
0,0,0,0,0,0 7/27/2018 11:36:46
0,0,0,0,0,0 7/27/2018 11:36:46
0,0,0,0,0,0 7/27/2018 11:36:46
0,0,0,0,0,0 7/27/2018 11:36:46
0,0,0,0,0,0 7/27/2018 11:36:46
0,0,18,0,0,0 7/27/2018 11:36:46
0,0,22,0,0,0 7/27/2018 11:36:46
0,0,11,0,0,0 7/27/2018 11:36:47
0,0,0,0,0,0 7/27/2018 11:36:47
0,0,0,0,0,0 7/27/2018 11:36:47
0,0,0,0,0,0 7/27/2018 11:36:47
0,0,0,0,0,0 7/27/2018 11:36:47
0,0,0,0,0,0 7/27/2018 11:36:47
0,0,0,0,0,0 7/27/2018 11:36:47
0,0,0,0,0,0 7/27/2018 11:36:47
0,0,0,0,0,0 7/27/2018 11:36:47
0,0,0,0,0,0 7/27/2018 11:36:47
0,0,0,0,0,0 7/27/2018 11:36:47
0,0,0,0,0,0 7/27/2018 11:36:47
0,0,0,0,0,0 7/27/2018 11:36:47
0,0,0,0,0,0 7/27/2018 11:36:47
0,19,0,0,0,0 7/27/2018 11:36:47
0,31,9,0,0,0 7/27/2018 11:36:47
0,0,13,0,0,0 7/27/2018 11:36:47
0,0,0,0,0,0 7/27/2018 11:36:47
0,74,15,0,0,0 7/27/2018 11:36:47
0,79,17,0,0,0 7/27/2018 11:36:47
0,25,30,51,0,0 7/27/2018 11:36:47
0,0,5,0,0,0 7/27/2018 11:36:47
0,15,0,0,0,0 7/27/2018 11:36:47
0,0,0,0,0,0 7/27/2018 11:36:48
0,13,0,0,0,0 7/27/2018 11:36:48
0,19,26,0,0,0 7/27/2018 11:36:48
0,57,31,0,0,0 7/27/2018 11:36:48
0,57,0,0,0,0 7/27/2018 11:36:48
0,61,14,0,0,0 7/27/2018 11:36:48
0,44,31,31,0,0 7/27/2018 11:36:48
0,57,8,78,0,0 7/27/2018 11:36:48
0,61,10,36,0,0 7/27/2018 11:36:48
0,58,12,41,0,0 7/27/2018 11:36:48
0,57,0,0,0,0 7/27/2018 11:36:48
0,0,0,0,0,0 7/27/2018 11:36:48
0,43,0,0,0,0 7/27/2018 11:36:48
0,39,0,0,0,0 7/27/2018 11:36:48
0,0,0,0,0,0 7/27/2018 11:36:48
0,0,17,0,0,0 7/27/2018 11:36:48
0,0,19,0,0,0 7/27/2018 11:36:48
0,73,29,0,0,0 7/27/2018 11:36:48
0,75,0,0,0,0 7/27/2018 11:36:48
0,75,25,0,0,0 7/27/2018 11:36:48
0,0,31,0,0,0 7/27/2018 11:36:48
0,0,16,0,0,0 7/27/2018 11:36:48
0,0,16,0,0,0 7/27/2018 11:36:49
0,0,10,0,0,0 7/27/2018 11:36:49
0,0,11,0,0,0 7/27/2018 11:36:49
0,0,8,0,0,0 7/27/2018 11:36:49
0,0,15,0,0,0 7/27/2018 11:36:49
0,0,0,0,0,0 7/27/2018 11:36:49
0,0,0,0,0,0 7/27/2018 11:36:49
0,0,0,0,0,0 7/27/2018 11:36:49
0,0,0,0,0,0 7/27/2018 11:36:49
0,0,0,0,0,0 7/27/2018 11:36:49
0,0,0,0,0,0 7/27/2018 11:36:49
0,0,0,0,0,0 7/27/2018 11:36:49
0,0,0,0,0,0 7/27/2018 11:36:49
0,0,0,0,0,0 7/27/2018 11:36:49
0,0,0,0,0,0 7/27/2018 11:36:49
0,0,0,0,0,0 7/27/2018 11:36:49
0,0,3,0,0,0 7/27/2018 11:36:49
0,0,0,0,0,0 7/27/2018 11:36:49
0,0,0,0,0,0 7/27/2018 11:36:49
0,0,0,0,0,0 7/27/2018 11:36:49
0,0,0,0,0,0 7/27/2018 11:36:49
0,0,0,0,0,0 7/27/2018 11:36:49
0,0,0,0,0,0 7/27/2018 11:36:49
0,0,0,0,0,0 7/27/2018 11:36:50
0,0,0,0,0,0 7/27/2018 11:36:50
0,0,0,0,0,0 7/27/2018 11:36:50
0,0,4,0,0,0 7/27/2018 11:36:50
0,0,10,0,0,0 7/27/2018 11:36:50
0,0,23,0,0,0 7/27/2018 11:36:50
0,0,14,0,0,0 7/27/2018 11:36:50
0,0,40,0,0,0 7/27/2018 11:36:50
0,0,37,0,0,0 7/27/2018 11:36:50
0,0,34,0,0,0 7/27/2018 11:36:50
0,0,32,0,0,0 7/27/2018 11:36:50
0,0,0,0,0,0 7/27/2018 11:36:50
0,0,0,0,0,0 7/27/2018 11:36:50
0,0,0,0,0,0 7/27/2018 11:36:50
0,0,2,0,0,0 7/27/2018 11:36:50
0,0,0,0,0,0 7/27/2018 11:36:50
0,0,0,0,0,0 7/27/2018 11:36:50
0,0,0,0,0,0 7/27/2018 11:36:50
0,0,0,0,0,0 7/27/2018 11:36:50
0,0,0,0,0,0 7/27/2018 11:36:50
0,0,0,0,0,0 7/27/2018 11:36:50
0,0,0,0,0,0 7/27/2018 11:36:50
0,24,0,0,0,0 7/27/2018 11:36:50
0,33,0,0,0,0 7/27/2018 11:36:51
0,0,0,0,0,0 7/27/2018 11:36:51
0,0,1,0,0,0 7/27/2018 11:36:51
0,0,15,0,0,0 7/27/2018 11:36:51
0,0,0,0,0,0 7/27/2018 11:36:51
0,0,0,0,0,0 7/27/2018 11:36:51
0,0,6,0,0,0 7/27/2018 11:36:51
0,0,11,0,0,1 7/27/2018 11:36:51
0,0,11,0,0,0 7/27/2018 11:36:51
0,0,9,0,0,0 7/27/2018 11:36:51
0,0,12,0,0,0 7/27/2018 11:36:51
0,0,14,0,0,0 7/27/2018 11:36:51
0,33,9,0,0,0 7/27/2018 11:36:51
0,46,0,0,0,0 7/27/2018 11:36:51
0,53,0,0,0,0 7/27/2018 11:36:51
0,39,0,0,0,0 7/27/2018 11:36:51
0,34,0,0,0,0 7/27/2018 11:36:51
0,34,0,0,0,0 7/27/2018 11:36:51
0,47,28,105,0,0 7/27/2018 11:36:51
0,49,28,250,0,0 7/27/2018 11:36:51
0,53,14,413,0,0 7/27/2018 11:36:51
0,57,35,555,0,0 7/27/2018 11:36:51
0,54,29,483,0,0 7/27/2018 11:36:52
0,94,18,210,0,0 7/27/2018 11:36:52
0,108,14,0,0,0 7/27/2018 11:36:52
0,101,17,0,0,0 7/27/2018 11:36:52
0,91,18,0,0,0 7/27/2018 11:36:52
0,90,19,282,0,0 7/27/2018 11:36:52
0,90,21,548,0,0 7/27/2018 11:36:52
0,121,25,622,0,0 7/27/2018 11:36:52
0,126,34,650,0,0 7/27/2018 11:36:52
0,120,27,555,0,0 7/27/2018 11:36:52
0,60,42,0,0,0 7/27/2018 11:36:52
0,56,2,0,0,0 7/27/2018 11:36:52
0,0,0,0,0,0 7/27/2018 11:36:52
0,0,0,0,0,0 7/27/2018 11:36:52
0,0,0,0,0,0 7/27/2018 11:36:52
0,0,0,0,0,0 7/27/2018 11:36:52
0,0,0,0,0,0 7/27/2018 11:36:52
0,0,4,0,0,0 7/27/2018 11:36:52
0,0,2,0,0,0 7/27/2018 11:36:52
0,58,0,0,0,0 7/27/2018 11:36:52
0,74,0,25,0,0 7/27/2018 11:36:52
0,68,0,168,0,0 7/27/2018 11:36:52
0,61,0,222,0,0 7/27/2018 11:36:52
0,66,0,68,0,0 7/27/2018 11:36:53
0,59,6,0,0,0 7/27/2018 11:36:53
0,0,14,0,0,0 7/27/2018 11:36:53
0,0,34,0,0,0 7/27/2018 11:36:53
0,49,37,0,0,0 7/27/2018 11:36:53
0,30,0,0,0,0 7/27/2018 11:36:53
0,57,41,0,0,0 7/27/2018 11:36:53
0,62,48,0,0,0 7/27/2018 11:36:53
0,79,44,10,0,0 7/27/2018 11:36:53
0,74,25,42,0,0 7/27/2018 11:36:53
0,53,38,124,0,0 7/27/2018 11:36:53
0,0,0,69,0,0 7/27/2018 11:36:53
0,0,0,75,0,0 7/27/2018 11:36:53
0,0,0,86,0,0 7/27/2018 11:36:53
0,0,0,0,0,0 7/27/2018 11:36:53
0,0,0,0,0,0 7/27/2018 11:36:53
0,0,1,0,0,0 7/27/2018 11:36:53
0,0,19,0,0,0 7/27/2018 11:36:53
0,0,17,0,0,0 7/27/2018 11:36:53
0,0,0,0,0,0 7/27/2018 11:36:53
0,0,0,0,0,0 7/27/2018 11:36:53
0,0,3,0,0,0 7/27/2018 11:36:53
0,0,16,29,0,0 7/27/2018 11:36:53
0,0,0,106,0,0 7/27/2018 11:36:54
0,0,0,143,0,0 7/27/2018 11:36:54
0,0,0,0,0,0 7/27/2018 11:36:54
0,0,0,0,0,0 7/27/2018 11:36:54
0,0,0,0,0,0 7/27/2018 11:36:54
0,0,0,0,0,0 7/27/2018 11:36:54
0,0,0,0,0,0 7/27/2018 11:36:54
0,0,23,0,0,0 7/27/2018 11:36:54
0,0,23,9,0,0 7/27/2018 11:36:54
0,0,22,0,0,0 7/27/2018 11:36:54
0,0,10,3,0,0 7/27/2018 11:36:54
0,0,0,0,0,0 7/27/2018 11:36:54
0,0,0,0,0,0 7/27/2018 11:36:54
0,0,0,0,0,0 7/27/2018 11:36:54
0,0,0,0,0,0 7/27/2018 11:36:54
0,0,3,0,0,0 7/27/2018 11:36:54
0,0,13,0,0,0 7/27/2018 11:36:54
0,0,12,0,0,0 7/27/2018 11:36:54
0,0,20,0,0,0 7/27/2018 11:36:54
0,0,8,0,0,0 7/27/2018 11:36:54
0,0,0,0,0,0 7/27/2018 11:36:54
0,0,0,0,0,0 7/27/2018 11:36:54
0,0,0,0,0,0 7/27/2018 11:36:54
0,0,0,0,0,0 7/27/2018 11:36:55
0,0,0,0,0,0 7/27/2018 11:36:55
0,0,0,0,0,0 7/27/2018 11:36:55
0,0,0,0,0,0 7/27/2018 11:36:55
0,0,0,0,0,0 7/27/2018 11:36:55
0,0,0,0,0,0 7/27/2018 11:36:55
0,0,0,0,0,0 7/27/2018 11:36:55
0,0,25,0,0,0 7/27/2018 11:36:55
0,0,39,0,0,0 7/27/2018 11:36:55
0,0,1,0,0,0 7/27/2018 11:36:55
0,0,29,0,0,0 7/27/2018 11:36:55
0,0,27,0,0,0 7/27/2018 11:36:55
0,0,0,0,0,0 7/27/2018 11:36:55
0,0,0,0,0,0 7/27/2018 11:36:55
0,0,0,0,0,0 7/27/2018 11:36:55
0,0,1,0,0,0 7/27/2018 11:36:55
0,0,0,0,0,0 7/27/2018 11:36:55
0,0,7,0,0,0 7/27/2018 11:36:55
0,0,5,0,0,0 7/27/2018 11:36:55
0,0,0,0,0,0 7/27/2018 11:36:55
0,0,0,0,0,0 7/27/2018 11:36:55
0,0,0,0,0,0 7/27/2018 11:36:55
0,0,0,0,0,0 7/27/2018 11:36:56
0,0,0,0,0,0 7/27/2018 11:36:56
0,0,12,65,0,0 7/27/2018 11:36:56
0,0,14,101,0,0 7/27/2018 11:36:56
0,0,8,79,0,0 7/27/2018 11:36:56
0,0,0,26,0,0 7/27/2018 11:36:56
0,0,0,0,0,0 7/27/2018 11:36:56
0,0,0,0,0,0 7/27/2018 11:36:56
0,0,0,0,0,0 7/27/2018 11:36:56
0,0,11,0,0,0 7/27/2018 11:36:56
0,0,19,0,0,0 7/27/2018 11:36:56
0,0,24,0,0,0 7/27/2018 11:36:56
0,0,20,0,0,0 7/27/2018 11:36:56
0,0,37,0,0,0 7/27/2018 11:36:56
0,0,15,0,0,0 7/27/2018 11:36:56
0,0,0,0,0,0 7/27/2018 11:36:56
0,0,0,100,0,0 7/27/2018 11:36:56
0,0,0,81,0,0 7/27/2018 11:36:56
0,0,0,33,0,0 7/27/2018 11:36:56
0,0,0,0,0,0 7/27/2018 11:36:56
0,0,0,0,0,0 7/27/2018 11:36:56
0,0,0,0,0,0 7/27/2018 11:36:56
0,0,10,0,0,0 7/27/2018 11:36:56
0,0,12,0,0,0 7/27/2018 11:36:57
0,0,32,0,0,0 7/27/2018 11:36:57
0,0,36,0,0,0 7/27/2018 11:36:57
0,0,30,0,0,0 7/27/2018 11:36:57
0,0,38,0,0,0 7/27/2018 11:36:57
0,0,33,0,0,0 7/27/2018 11:36:57
0,0,32,0,0,0 7/27/2018 11:36:57
0,25,35,0,0,0 7/27/2018 11:36:57
0,51,27,0,0,0 7/27/2018 11:36:57
0,202,28,0,0,0 7/27/2018 11:36:57
0,233,29,0,0,0 7/27/2018 11:36:57
0,251,33,0,0,0 7/27/2018 11:36:57
0,189,28,0,0,0 7/27/2018 11:36:57
0,107,21,0,0,0 7/27/2018 11:36:57
0,51,0,0,0,0 7/27/2018 11:36:57
0,23,0,0,0,0 7/27/2018 11:36:57
0,61,25,0,0,0 7/27/2018 11:36:57
0,65,35,0,0,0 7/27/2018 11:36:57
0,103,20,0,0,0 7/27/2018 11:36:57
0,112,38,0,0,0 7/27/2018 11:36:57
0,138,37,0,0,0 7/27/2018 11:36:57
0,170,0,0,0,0 7/27/2018 11:36:57
0,223,0,0,0,0 7/27/2018 11:36:57
0,172,0,0,0,0 7/27/2018 11:36:58
0,0,0,0,0,0 7/27/2018 11:36:58
0,0,0,0,0,0 7/27/2018 11:36:58
0,0,0,0,0,0 7/27/2018 11:36:58
0,0,0,0,0,0 7/27/2018 11:36:58
0,0,58,0,0,0 7/27/2018 11:36:58
0,0,83,0,0,0 7/27/2018 11:36:58
0,0,81,0,0,0 7/27/2018 11:36:58
0,0,50,0,0,0 7/27/2018 11:36:58
0,0,40,0,0,0 7/27/2018 11:36:58
0,0,1,0,0,0 7/27/2018 11:36:58
0,0,0,0,0,0 7/27/2018 11:36:58
0,0,14,0,0,0 7/27/2018 11:36:58
0,0,15,0,0,0 7/27/2018 11:36:58
0,0,9,0,0,0 7/27/2018 11:36:58
0,0,8,0,0,0 7/27/2018 11:36:58
0,0,10,0,0,0 7/27/2018 11:36:58
0,0,15,0,0,0 7/27/2018 11:36:58
0,0,7,0,0,0 7/27/2018 11:36:58
0,0,16,0,0,0 7/27/2018 11:36:58
0,18,29,0,0,0 7/27/2018 11:36:58
0,146,38,0,0,0 7/27/2018 11:36:58
0,159,17,0,0,0 7/27/2018 11:36:59
0,245,32,0,0,0 7/27/2018 11:36:59
0,346,11,0,0,0 7/27/2018 11:36:59
0,358,19,0,0,0 7/27/2018 11:36:59
0,182,34,0,0,0 7/27/2018 11:36:59
0,150,23,0,0,0 7/27/2018 11:36:59
0,120,39,0,0,0 7/27/2018 11:36:59
0,115,40,0,0,0 7/27/2018 11:36:59
0,96,19,0,0,0 7/27/2018 11:36:59
0,133,19,0,0,0 7/27/2018 11:36:59
0,119,23,0,0,0 7/27/2018 11:36:59
0,125,19,0,0,0 7/27/2018 11:36:59
0,151,12,0,0,0 7/27/2018 11:36:59
0,219,1,0,0,0 7/27/2018 11:36:59
0,282,16,0,0,0 7/27/2018 11:36:59
0,309,32,0,0,0 7/27/2018 11:36:59
0,329,67,0,0,0 7/27/2018 11:36:59
0,251,66,0,0,0 7/27/2018 11:36:59
0,86,72,0,0,0 7/27/2018 11:36:59
0,236,79,0,0,0 7/27/2018 11:36:59
0,276,40,0,0,0 7/27/2018 11:36:59
0,217,14,0,0,0 7/27/2018 11:36:59
0,0,17,0,0,0 7/27/2018 11:36:59
0,0,11,0,0,0 7/27/2018 11:37:0
0,0,11,0,0,0 7/27/2018 11:37:0
0,0,1,0,0,0 7/27/2018 11:37:0
0,0,0,0,0,0 7/27/2018 11:37:0
0,0,0,0,0,0 7/27/2018 11:37:0
0,0,0,0,0,0 7/27/2018 11:37:0
0,0,0,0,0,0 7/27/2018 11:37:0
0,0,17,0,0,0 7/27/2018 11:37:0
0,0,22,0,0,0 7/27/2018 11:37:0
0,0,45,0,0,0 7/27/2018 11:37:0
0,0,14,0,0,0 7/27/2018 11:37:0
0,0,39,0,0,0 7/27/2018 11:37:0
0,0,37,0,0,0 7/27/2018 11:37:0
0,0,31,0,0,0 7/27/2018 11:37:0
0,0,24,0,0,0 7/27/2018 11:37:0
0,0,22,0,0,0 7/27/2018 11:37:0
0,0,15,0,0,0 7/27/2018 11:37:0
0,0,28,0,0,0 7/27/2018 11:37:0
0,0,30,0,0,0 7/27/2018 11:37:0
0,0,31,0,0,0 7/27/2018 11:37:0
0,0,35,0,0,0 7/27/2018 11:37:0
0,118,14,0,0,0 7/27/2018 11:37:0
0,249,11,0,0,0 7/27/2018 11:37:0
0,319,46,0,0,0 7/27/2018 11:37:1
0,352,43,0,0,0 7/27/2018 11:37:1
0,301,46,0,0,0 7/27/2018 11:37:1
0,41,48,0,0,0 7/27/2018 11:37:1
0,0,42,0,0,0 7/27/2018 11:37:1
0,0,35,0,0,0 7/27/2018 11:37:1
0,0,10,0,0,0 7/27/2018 11:37:1
0,0,8,0,0,0 7/27/2018 11:37:1
0,0,0,0,0,0 7/27/2018 11:37:1
0,0,0,0,0,0 7/27/2018 11:37:1
0,0,0,0,0,0 7/27/2018 11:37:1
0,0,0,0,0,0 7/27/2018 11:37:1
0,0,0,0,0,0 7/27/2018 11:37:1
0,0,0,0,0,0 7/27/2018 11:37:1
0,34,6,0,0,0 7/27/2018 11:37:1
0,90,34,0,0,0 7/27/2018 11:37:1
0,71,41,0,0,0 7/27/2018 11:37:1
0,119,47,0,0,0 7/27/2018 11:37:1
0,170,70,0,0,0 7/27/2018 11:37:1
0,200,85,0,0,0 7/27/2018 11:37:1
0,70,52,0,0,0 7/27/2018 11:37:1
0,0,47,0,0,0 7/27/2018 11:37:1
0,0,0,0,0,0 7/27/2018 11:37:1
0,0,0,0,0,0 7/27/2018 11:37:2
0,0,0,0,0,0 7/27/2018 11:37:2
0,0,0,0,0,0 7/27/2018 11:37:2
0,0,0,0,0,0 7/27/2018 11:37:2
0,0,0,0,0,0 7/27/2018 11:37:2
0,0,1,0,0,0 7/27/2018 11:37:2
0,0,7,0,0,0 7/27/2018 11:37:2
0,0,7,0,0,0 7/27/2018 11:37:2
0,0,18,0,0,0 7/27/2018 11:37:2
0,0,12,0,0,0 7/27/2018 11:37:2
0,0,41,0,0,0 7/27/2018 11:37:2
0,0,59,0,0,0 7/27/2018 11:37:2
0,0,9,0,0,0 7/27/2018 11:37:2
0,0,0,0,0,0 7/27/2018 11:37:2
0,0,15,0,0,0 7/27/2018 11:37:2
0,0,21,0,0,0 7/27/2018 11:37:2
0,0,16,0,0,0 7/27/2018 11:37:2
0,0,16,0,0,0 7/27/2018 11:37:2
0,0,2,0,0,0 7/27/2018 11:37:2
0,0,0,0,0,0 7/27/2018 11:37:2
0,0,0,0,0,0 7/27/2018 11:37:2
0,0,3,0,0,0 7/27/2018 11:37:2
0,0,4,0,0,0 7/27/2018 11:37:3
0,0,6,0,0,0 7/27/2018 11:37:3
0,0,22,0,0,0 7/27/2018 11:37:3
0,0,39,0,0,0 7/27/2018 11:37:3
0,0,43,0,0,0 7/27/2018 11:37:3
0,0,42,0,0,0 7/27/2018 11:37:3
0,0,23,0,0,0 7/27/2018 11:37:3
0,0,23,0,0,0 7/27/2018 11:37:3
0,0,18,0,0,0 7/27/2018 11:37:3
0,0,17,0,0,0 7/27/2018 11:37:3
0,0,14,0,0,0 7/27/2018 11:37:3
0,0,26,0,0,0 7/27/2018 11:37:3
0,0,37,0,0,0 7/27/2018 11:37:3
0,0,39,0,0,0 7/27/2018 11:37:3
0,0,33,0,0,0 7/27/2018 11:37:3
0,0,27,20,0,0 7/27/2018 11:37:3
0,0,28,26,0,0 7/27/2018 11:37:3
0,0,34,0,0,0 7/27/2018 11:37:3
0,0,0,0,0,0 7/27/2018 11:37:3
0,0,13,0,0,0 7/27/2018 11:37:3
0,0,14,0,0,0 7/27/2018 11:37:3
0,0,10,0,0,0 7/27/2018 11:37:3
0,0,30,0,0,0 7/27/2018 11:37:3
0,0,27,0,0,0 7/27/2018 11:37:4
0,0,28,0,0,0 7/27/2018 11:37:4
0,0,42,0,0,1 7/27/2018 11:37:4
0,0,38,0,0,0 7/27/2018 11:37:4
0,0,42,0,0,0 7/27/2018 11:37:4
0,0,45,0,0,0 7/27/2018 11:37:4
0,0,29,0,0,0 7/27/2018 11:37:4
0,0,26,0,0,0 7/27/2018 11:37:4
0,0,29,0,0,0 7/27/2018 11:37:4
0,0,31,0,0,0 7/27/2018 11:37:4
0,0,34,0,0,0 7/27/2018 11:37:4
0,0,28,0,0,0 7/27/2018 11:37:4
0,0,32,0,0,0 7/27/2018 11:37:4
0,0,33,0,0,0 7/27/2018 11:37:4
0,0,37,0,0,0 7/27/2018 11:37:4
0,0,29,0,0,0 7/27/2018 11:37:4
0,0,20,0,0,0 7/27/2018 11:37:4
0,0,2,0,0,0 7/27/2018 11:37:4
0,3,1,0,0,0 7/27/2018 11:37:4
0,0,3,0,0,0 7/27/2018 11:37:4
0,0,0,0,0,0 7/27/2018 11:37:4
0,0,24,0,0,0 7/27/2018 11:37:4
0,0,0,16,0,0 7/27/2018 11:37:4
0,0,0,121,0,0 7/27/2018 11:37:5
0,0,0,193,0,0 7/27/2018 11:37:5
0,0,11,113,0,0 7/27/2018 11:37:5
0,0,27,0,0,0 7/27/2018 11:37:5
0,0,40,0,0,0 7/27/2018 11:37:5
0,0,53,0,0,0 7/27/2018 11:37:5
0,0,55,0,0,0 7/27/2018 11:37:5
0,0,52,0,0,0 7/27/2018 11:37:5
0,0,50,0,0,0 7/27/2018 11:37:5
0,0,49,0,0,0 7/27/2018 11:37:5
0,0,45,0,0,0 7/27/2018 11:37:5
0,0,42,0,0,0 7/27/2018 11:37:5
0,0,38,0,0,0 7/27/2018 11:37:5
0,0,42,0,0,0 7/27/2018 11:37:5
0,0,37,0,0,0 7/27/2018 11:37:5
0,0,35,0,0,0 7/27/2018 11:37:5
0,0,32,0,0,0 7/27/2018 11:37:5
0,0,33,0,0,0 7/27/2018 11:37:5
0,0,63,0,0,0 7/27/2018 11:37:5
0,0,81,0,0,0 7/27/2018 11:37:5
0,0,66,0,0,0 7/27/2018 11:37:5
0,0,62,0,0,0 7/27/2018 11:37:5
0,39,48,0,0,0 7/27/2018 11:37:6
0,20,45,0,0,0 7/27/2018 11:37:6
0,17,42,0,0,0 7/27/2018 11:37:6
0,0,40,0,0,0 7/27/2018 11:37:6
0,0,44,0,0,0 7/27/2018 11:37:6
0,0,45,0,0,0 7/27/2018 11:37:6
0,0,28,0,0,0 7/27/2018 11:37:6
0,0,26,0,0,0 7/27/2018 11:37:6
0,0,22,0,0,0 7/27/2018 11:37:6
0,0,10,0,0,0 7/27/2018 11:37:6
0,0,6,0,0,0 7/27/2018 11:37:6
0,0,5,0,0,0 7/27/2018 11:37:6
0,0,10,0,0,0 7/27/2018 11:37:6
0,0,33,0,0,0 7/27/2018 11:37:6
0,0,41,0,0,0 7/27/2018 11:37:6
0,0,42,0,0,0 7/27/2018 11:37:6
0,0,46,0,0,0 7/27/2018 11:37:6
0,0,52,0,0,0 7/27/2018 11:37:6
0,0,49,0,0,0 7/27/2018 11:37:6
0,0,51,0,0,0 7/27/2018 11:37:6
0,22,53,0,0,0 7/27/2018 11:37:6
0,52,63,0,0,0 7/27/2018 11:37:6
0,21,61,0,0,0 7/27/2018 11:37:6
0,0,60,0,0,0 7/27/2018 11:37:7
0,0,49,0,0,0 7/27/2018 11:37:7
0,0,45,0,0,0 7/27/2018 11:37:7
0,0,40,0,0,0 7/27/2018 11:37:7
0,0,18,0,0,0 7/27/2018 11:37:7
0,0,1,0,0,0 7/27/2018 11:37:7
0,0,3,0,0,0 7/27/2018 11:37:7
0,0,4,0,0,0 7/27/2018 11:37:7
0,0,1,0,0,0 7/27/2018 11:37:7
0,0,9,0,0,0 7/27/2018 11:37:7
0,0,34,0,0,0 7/27/2018 11:37:7
0,0,44,0,0,0 7/27/2018 11:37:7
0,0,47,0,0,0 7/27/2018 11:37:7
0,0,66,0,0,0 7/27/2018 11:37:7
0,18,80,0,0,0 7/27/2018 11:37:7
0,0,59,0,0,0 7/27/2018 11:37:7
0,0,57,0,0,0 7/27/2018 11:37:7
0,0,48,0,0,0 7/27/2018 11:37:7
0,0,21,0,0,0 7/27/2018 11:37:7
0,0,8,0,0,0 7/27/2018 11:37:7
0,0,5,0,0,0 7/27/2018 11:37:7
0,0,4,0,0,0 7/27/2018 11:37:7
0,0,10,0,0,0 7/27/2018 11:37:7
0,0,15,0,0,0 7/27/2018 11:37:8
0,0,16,0,0,0 7/27/2018 11:37:8
0,0,0,0,0,0 7/27/2018 11:37:8
0,0,0,0,0,0 7/27/2018 11:37:8
0,0,1,0,0,0 7/27/2018 11:37:8
0,0,2,65,0,0 7/27/2018 11:37:8
0,0,2,111,0,0 7/27/2018 11:37:8
0,0,1,116,0,0 7/27/2018 11:37:8
0,41,2,75,0,0 7/27/2018 11:37:8
0,0,15,0,0,0 7/27/2018 11:37:8
0,8,41,0,0,0 7/27/2018 11:37:8
0,15,42,0,0,0 7/27/2018 11:37:8
0,4,38,0,0,1 7/27/2018 11:37:8
0,1,49,0,0,0 7/27/2018 11:37:8
0,16,55,0,0,0 7/27/2018 11:37:8
0,0,23,0,0,0 7/27/2018 11:37:8
0,0,15,0,0,0 7/27/2018 11:37:8
0,0,18,0,0,0 7/27/2018 11:37:8
0,0,15,0,0,0 7/27/2018 11:37:8
0,0,14,0,0,0 7/27/2018 11:37:8
0,0,0,0,0,0 7/27/2018 11:37:8
0,0,25,0,0,0 7/27/2018 11:37:8
0,0,38,0,0,0 7/27/2018 11:37:9
0,0,46,0,0,0 7/27/2018 11:37:9
0,0,47,0,0,0 7/27/2018 11:37:9
0,0,54,0,0,0 7/27/2018 11:37:9
0,26,45,0,0,0 7/27/2018 11:37:9
0,0,43,0,0,0 7/27/2018 11:37:9
0,0,45,0,0,0 7/27/2018 11:37:9
0,0,42,0,0,0 7/27/2018 11:37:9
0,0,39,0,0,0 7/27/2018 11:37:9
0,0,43,0,0,0 7/27/2018 11:37:9
0,0,34,0,0,0 7/27/2018 11:37:9
0,0,39,0,0,0 7/27/2018 11:37:9
0,0,38,0,0,0 7/27/2018 11:37:9
0,0,38,0,0,0 7/27/2018 11:37:9
0,0,39,0,0,0 7/27/2018 11:37:9
0,0,42,0,0,0 7/27/2018 11:37:9
0,0,44,0,0,0 7/27/2018 11:37:9
0,0,43,0,0,0 7/27/2018 11:37:9
0,0,44,0,0,0 7/27/2018 11:37:9
0,0,40,0,0,0 7/27/2018 11:37:9
0,0,46,0,0,0 7/27/2018 11:37:9
0,0,42,0,0,0 7/27/2018 11:37:9
0,0,53,0,0,0 7/27/2018 11:37:9
0,0,52,0,0,0 7/27/2018 11:37:10
0,24,56,0,0,0 7/27/2018 11:37:10
0,14,55,0,0,0 7/27/2018 11:37:10
0,0,58,0,0,0 7/27/2018 11:37:10
0,0,58,0,0,0 7/27/2018 11:37:10
0,0,59,0,0,0 7/27/2018 11:37:10
0,0,54,0,0,0 7/27/2018 11:37:10
0,0,54,0,0,0 7/27/2018 11:37:10
0,0,45,0,0,0 7/27/2018 11:37:10
0,0,46,0,0,0 7/27/2018 11:37:10
0,0,14,0,0,0 7/27/2018 11:37:10
0,0,33,0,0,0 7/27/2018 11:37:10
0,0,0,0,0,0 7/27/2018 11:37:10
0,7,0,0,0,0 7/27/2018 11:37:10
0,0,0,0,0,0 7/27/2018 11:37:10
0,10,0,0,0,0 7/27/2018 11:37:10
0,58,0,0,0,0 7/27/2018 11:37:10
0,94,0,0,0,0 7/27/2018 11:37:10
0,113,0,0,0,0 7/27/2018 11:37:10
0,228,0,0,0,0 7/27/2018 11:37:10
0,318,0,0,0,0 7/27/2018 11:37:10
0,491,0,0,0,0 7/27/2018 11:37:10
0,452,0,0,0,0 7/27/2018 11:37:10
0,427,5,0,0,0 7/27/2018 11:37:11
0,347,1,0,0,0 7/27/2018 11:37:11
0,331,24,0,0,0 7/27/2018 11:37:11
0,366,26,0,0,0 7/27/2018 11:37:11
0,446,35,0,0,0 7/27/2018 11:37:11
0,509,38,0,0,0 7/27/2018 11:37:11
0,589,35,0,0,0 7/27/2018 11:37:11
0,639,47,0,0,0 7/27/2018 11:37:11
0,695,34,0,0,0 7/27/2018 11:37:11
0,715,43,0,0,0 7/27/2018 11:37:11
0,726,52,0,0,0 7/27/2018 11:37:11
0,728,49,0,0,0 7/27/2018 11:37:11
0,745,65,0,0,0 7/27/2018 11:37:11
0,754,72,0,0,0 7/27/2018 11:37:11
0,759,70,0,0,0 7/27/2018 11:37:11
0,760,65,0,0,0 7/27/2018 11:37:11
0,757,62,0,0,0 7/27/2018 11:37:11
0,759,15,0,0,0 7/27/2018 11:37:11
0,751,34,0,0,0 7/27/2018 11:37:11
0,748,22,0,0,0 7/27/2018 11:37:11
0,733,9,0,0,0 7/27/2018 11:37:11
0,735,7,0,0,0 7/27/2018 11:37:11
0,736,16,0,0,0 7/27/2018 11:37:11
0,735,33,3,0,0 7/27/2018 11:37:12
0,729,30,107,0,0 7/27/2018 11:37:12
0,719,48,0,0,0 7/27/2018 11:37:12
0,719,51,0,0,0 7/27/2018 11:37:12
0,693,50,0,0,0 7/27/2018 11:37:12
0,630,47,0,0,0 7/27/2018 11:37:12
0,501,45,0,0,0 7/27/2018 11:37:12
0,209,37,0,0,0 7/27/2018 11:37:12
0,92,1,0,0,0 7/27/2018 11:37:12
0,72,0,0,0,0 7/27/2018 11:37:12
0,66,0,0,0,0 7/27/2018 11:37:12
0,168,0,0,0,0 7/27/2018 11:37:12
0,345,0,0,0,0 7/27/2018 11:37:12
0,201,1,0,0,0 7/27/2018 11:37:12
0,0,20,0,0,0 7/27/2018 11:37:12
0,0,24,0,0,0 7/27/2018 11:37:12
0,0,18,0,0,0 7/27/2018 11:37:12
0,0,4,0,0,0 7/27/2018 11:37:12
0,0,0,0,0,0 7/27/2018 11:37:12
0,0,1,0,0,0 7/27/2018 11:37:12
0,0,0,0,0,0 7/27/2018 11:37:12
0,0,0,0,0,0 7/27/2018 11:37:12
0,0,0,0,0,0 7/27/2018 11:37:13
0,0,0,0,0,0 7/27/2018 11:37:13
0,0,0,0,0,0 7/27/2018 11:37:13
0,0,0,0,0,0 7/27/2018 11:37:13
0,0,0,0,0,0 7/27/2018 11:37:13
0,0,0,0,0,0 7/27/2018 11:37:13
0,0,0,0,0,0 7/27/2018 11:37:13
0,0,0,0,0,0 7/27/2018 11:37:13
0,8,0,0,0,0 7/27/2018 11:37:13
0,12,0,0,0,0 7/27/2018 11:37:13
0,50,6,0,0,0 7/27/2018 11:37:13
0,79,0,0,0,0 7/27/2018 11:37:13
0,78,20,0,0,0 7/27/2018 11:37:13
0,0,23,0,0,0 7/27/2018 11:37:13
0,0,1,0,0,0 7/27/2018 11:37:13
0,0,33,0,0,0 7/27/2018 11:37:13
0,40,3,262,0,0 7/27/2018 11:37:13
0,67,8,442,0,0 7/27/2018 11:37:13
0,78,14,466,0,0 7/27/2018 11:37:13
0,82,14,365,0,0 7/27/2018 11:37:13
0,85,0,271,0,0 7/27/2018 11:37:13
0,0,9,0,0,0 7/27/2018 11:37:13
0,0,0,0,0,0 7/27/2018 11:37:13
0,0,0,0,0,0 7/27/2018 11:37:14
0,0,11,0,0,0 7/27/2018 11:37:14
0,0,32,0,0,0 7/27/2018 11:37:14
0,0,37,1,0,0 7/27/2018 11:37:14
0,0,24,242,0,0 7/27/2018 11:37:14
0,0,39,593,0,0 7/27/2018 11:37:14
0,30,71,592,0,0 7/27/2018 11:37:14
0,0,87,583,0,0 7/27/2018 11:37:14
0,0,36,548,0,0 7/27/2018 11:37:14
0,61,0,135,0,0 7/27/2018 11:37:14
0,1,0,56,0,0 7/27/2018 11:37:14
0,0,0,0,0,0 7/27/2018 11:37:14
0,0,0,0,0,0 7/27/2018 11:37:14
0,0,0,0,0,0 7/27/2018 11:37:14
0,0,10,0,0,0 7/27/2018 11:37:14
0,0,10,0,0,0 7/27/2018 11:37:14
0,0,40,0,0,0 7/27/2018 11:37:14
0,2,45,0,0,0 7/27/2018 11:37:14
0,88,54,0,0,0 7/27/2018 11:37:14
0,91,47,0,0,0 7/27/2018 11:37:14
0,103,47,0,0,0 7/27/2018 11:37:14
0,81,50,0,0,0 7/27/2018 11:37:14
0,79,50,0,0,0 7/27/2018 11:37:14
0,72,33,0,0,0 7/27/2018 11:37:15
0,59,9,0,0,0 7/27/2018 11:37:15
0,45,7,0,0,0 7/27/2018 11:37:15
0,0,8,0,0,0 7/27/2018 11:37:15
0,0,9,0,0,0 7/27/2018 11:37:15
0,0,35,83,0,0 7/27/2018 11:37:15
0,43,43,250,0,0 7/27/2018 11:37:15
0,52,44,497,0,0 7/27/2018 11:37:15
0,56,41,596,0,0 7/27/2018 11:37:15
0,54,45,633,0,0 7/27/2018 11:37:15
0,54,44,657,0,0 7/27/2018 11:37:15
0,43,42,603,0,0 7/27/2018 11:37:15
0,59,9,337,0,0 7/27/2018 11:37:15
0,46,0,0,0,0 7/27/2018 11:37:15
0,0,7,0,0,0 7/27/2018 11:37:15
0,0,5,0,0,0 7/27/2018 11:37:15
0,0,4,176,0,0 7/27/2018 11:37:15
0,0,16,446,0,0 7/27/2018 11:37:15
0,0,22,505,0,0 7/27/2018 11:37:15
0,0,33,607,0,0 7/27/2018 11:37:15
0,0,15,683,0,0 7/27/2018 11:37:15
0,0,18,603,0,0 7/27/2018 11:37:15
0,0,21,609,0,0 7/27/2018 11:37:16
0,0,11,715,0,0 7/27/2018 11:37:16
0,0,24,758,0,0 7/27/2018 11:37:16
0,0,40,768,0,0 7/27/2018 11:37:16
0,0,43,753,0,0 7/27/2018 11:37:16
0,0,41,671,0,0 7/27/2018 11:37:16
0,0,9,587,0,0 7/27/2018 11:37:16
0,0,22,614,0,0 7/27/2018 11:37:16
0,0,25,572,0,0 7/27/2018 11:37:16
0,0,44,198,0,0 7/27/2018 11:37:16
0,0,55,0,0,0 7/27/2018 11:37:16
0,0,71,0,0,0 7/27/2018 11:37:16
0,0,42,0,0,0 7/27/2018 11:37:16
0,0,33,0,0,0 7/27/2018 11:37:16
0,0,6,0,0,0 7/27/2018 11:37:16
0,0,7,0,0,0 7/27/2018 11:37:16
0,0,2,0,0,0 7/27/2018 11:37:16
0,0,0,0,0,0 7/27/2018 11:37:16
0,0,0,0,0,0 7/27/2018 11:37:16
0,0,36,0,0,0 7/27/2018 11:37:16
0,0,34,0,0,0 7/27/2018 11:37:16
0,0,38,0,0,0 7/27/2018 11:37:16
0,0,57,0,0,0 7/27/2018 11:37:16
0,0,41,0,0,0 7/27/2018 11:37:17
0,0,65,0,0,0 7/27/2018 11:37:17
0,0,79,0,0,0 7/27/2018 11:37:17
0,0,26,0,0,0 7/27/2018 11:37:17
0,0,30,0,0,0 7/27/2018 11:37:17
0,0,0,0,0,0 7/27/2018 11:37:17
0,0,13,0,0,0 7/27/2018 11:37:17
0,0,1,0,0,0 7/27/2018 11:37:17
0,0,0,0,0,0 7/27/2018 11:37:17
0,0,0,0,0,0 7/27/2018 11:37:17
0,0,2,0,0,0 7/27/2018 11:37:17
0,0,0,0,0,0 7/27/2018 11:37:17
0,0,0,0,0,0 7/27/2018 11:37:17
0,0,0,0,0,0 7/27/2018 11:37:17
0,0,0,0,0,0 7/27/2018 11:37:17
0,66,34,0,0,0 7/27/2018 11:37:17
0,0,103,0,0,0 7/27/2018 11:37:17
0,9,132,0,0,0 7/27/2018 11:37:17
0,7,66,0,0,0 7/27/2018 11:37:17
0,0,25,0,0,0 7/27/2018 11:37:17
0,0,0,0,0,0 7/27/2018 11:37:17
0,0,3,0,0,0 7/27/2018 11:37:17
0,0,3,0,0,0 7/27/2018 11:37:17
0,0,5,0,0,0 7/27/2018 11:37:18
0,0,3,0,0,0 7/27/2018 11:37:18
0,0,10,0,0,0 7/27/2018 11:37:18
0,0,15,0,0,0 7/27/2018 11:37:18
0,0,44,0,0,0 7/27/2018 11:37:18
0,0,55,0,0,0 7/27/2018 11:37:18
0,0,47,0,0,0 7/27/2018 11:37:18
0,0,80,0,0,0 7/27/2018 11:37:18
0,0,36,0,0,0 7/27/2018 11:37:18
0,0,0,0,0,0 7/27/2018 11:37:18
0,0,0,0,0,0 7/27/2018 11:37:18
0,0,0,0,0,0 7/27/2018 11:37:18
0,0,0,0,0,0 7/27/2018 11:37:18
0,0,0,0,0,0 7/27/2018 11:37:18
0,0,0,0,0,0 7/27/2018 11:37:18
0,0,0,0,0,0 7/27/2018 11:37:18
0,0,0,0,0,0 7/27/2018 11:37:18
0,0,7,0,0,0 7/27/2018 11:37:18
0,0,42,0,0,0 7/27/2018 11:37:18
0,0,60,348,0,0 7/27/2018 11:37:18
0,0,80,640,0,0 7/27/2018 11:37:18
0,0,57,702,0,0 7/27/2018 11:37:18
0,0,40,716,0,0 7/27/2018 11:37:19
0,4,35,676,0,0 7/27/2018 11:37:19
0,0,0,454,0,0 7/27/2018 11:37:19
0,0,0,218,0,0 7/27/2018 11:37:19
0,0,12,0,0,0 7/27/2018 11:37:19
0,0,13,0,0,0 7/27/2018 11:37:19
0,0,0,0,0,0 7/27/2018 11:37:19
0,0,5,0,0,0 7/27/2018 11:37:19
0,0,13,0,0,0 7/27/2018 11:37:19
0,0,22,0,0,0 7/27/2018 11:37:19
0,0,16,0,0,0 7/27/2018 11:37:19
0,0,14,0,0,0 7/27/2018 11:37:19
0,0,41,0,0,0 7/27/2018 11:37:19
0,0,20,0,0,0 7/27/2018 11:37:19
0,0,0,0,0,0 7/27/2018 11:37:19
0,0,0,0,0,0 7/27/2018 11:37:19
0,0,0,0,0,0 7/27/2018 11:37:19
0,0,0,0,0,0 7/27/2018 11:37:19
0,0,0,0,0,0 7/27/2018 11:37:19
0,0,0,0,0,0 7/27/2018 11:37:19
0,0,25,0,0,0 7/27/2018 11:37:19
0,0,9,0,0,0 7/27/2018 11:37:19
0,0,1,0,0,0 7/27/2018 11:37:19
0,10,2,0,0,0 7/27/2018 11:37:20
0,47,4,0,0,0 7/27/2018 11:37:20
0,65,12,0,0,0 7/27/2018 11:37:20
0,50,14,0,0,0 7/27/2018 11:37:20
0,35,17,0,0,0 7/27/2018 11:37:20
0,37,20,0,0,0 7/27/2018 11:37:20
0,35,0,0,0,0 7/27/2018 11:37:20
0,16,0,0,0,0 7/27/2018 11:37:20
0,0,0,0,0,0 7/27/2018 11:37:20
0,0,0,0,0,0 7/27/2018 11:37:20
0,0,0,0,0,0 7/27/2018 11:37:20
0,0,0,0,0,0 7/27/2018 11:37:20
0,0,0,0,0,0 7/27/2018 11:37:20
0,0,0,0,0,0 7/27/2018 11:37:20
0,6,0,0,0,0 7/27/2018 11:37:20
0,0,10,0,0,0 7/27/2018 11:37:20
0,0,35,372,0,0 7/27/2018 11:37:20
0,28,51,558,0,0 7/27/2018 11:37:20
0,64,32,612,0,0 7/27/2018 11:37:20
0,68,3,664,0,0 7/27/2018 11:37:20
0,90,0,475,0,0 7/27/2018 11:37:20
0,13,37,272,0,0 7/27/2018 11:37:20
0,0,0,54,0,0 7/27/2018 11:37:20
0,0,2,42,0,0 7/27/2018 11:37:21
0,0,13,16,0,0 7/27/2018 11:37:21
0,0,15,0,0,0 7/27/2018 11:37:21
0,0,0,0,0,0 7/27/2018 11:37:21
0,0,1,0,0,0 7/27/2018 11:37:21
0,0,0,0,0,0 7/27/2018 11:37:21
0,0,0,0,0,0 7/27/2018 11:37:21
0,0,0,0,0,0 7/27/2018 11:37:21
0,0,0,0,0,0 7/27/2018 11:37:21
0,0,0,0,0,0 7/27/2018 11:37:21
0,0,0,0,0,0 7/27/2018 11:37:21
0,0,0,0,0,0 7/27/2018 11:37:21
0,0,0,164,0,0 7/27/2018 11:37:21
0,0,0,263,0,0 7/27/2018 11:37:21
0,0,1,556,0,0 7/27/2018 11:37:21
0,0,8,505,0,0 7/27/2018 11:37:21
0,0,10,0,0,0 7/27/2018 11:37:21
0,0,4,65,0,0 7/27/2018 11:37:21
0,0,0,5,0,0 7/27/2018 11:37:21
0,0,14,0,0,0 7/27/2018 11:37:21
0,0,0,0,0,0 7/27/2018 11:37:21
0,0,0,0,0,0 7/27/2018 11:37:21
0,0,0,0,0,0 7/27/2018 11:37:21
0,0,0,0,0,0 7/27/2018 11:37:22
0,0,0,0,0,0 7/27/2018 11:37:22
0,0,6,0,0,0 7/27/2018 11:37:22
0,0,14,0,0,0 7/27/2018 11:37:22
0,0,28,0,0,0 7/27/2018 11:37:22
0,0,11,0,0,0 7/27/2018 11:37:22
0,0,16,0,0,0 7/27/2018 11:37:22
0,0,13,0,0,0 7/27/2018 11:37:22
0,0,1,0,0,0 7/27/2018 11:37:22
0,0,2,0,0,0 7/27/2018 11:37:22
0,0,28,0,0,0 7/27/2018 11:37:22
0,0,19,54,0,0 7/27/2018 11:37:22
0,0,0,37,0,0 7/27/2018 11:37:22
0,0,0,0,0,0 7/27/2018 11:37:22
0,0,0,0,0,0 7/27/2018 11:37:22
0,0,0,0,0,0 7/27/2018 11:37:22
0,0,0,0,0,0 7/27/2018 11:37:22
0,0,0,0,0,0 7/27/2018 11:37:22
0,0,0,0,0,0 7/27/2018 11:37:22
0,0,0,0,0,0 7/27/2018 11:37:22
0,0,0,0,0,0 7/27/2018 11:37:22
0,0,0,0,0,0 7/27/2018 11:37:22
0,0,0,0,0,0 7/27/2018 11:37:23
0,20,15,0,0,0 7/27/2018 11:37:23
0,0,20,0,0,0 7/27/2018 11:37:23
0,0,0,0,0,0 7/27/2018 11:37:23
0,0,0,0,0,0 7/27/2018 11:37:23
0,0,0,0,0,0 7/27/2018 11:37:23
0,0,0,0,0,0 7/27/2018 11:37:23
0,0,0,0,0,0 7/27/2018 11:37:23
0,0,27,0,0,0 7/27/2018 11:37:23
0,0,28,0,0,0 7/27/2018 11:37:23
0,0,30,0,0,0 7/27/2018 11:37:23
0,0,30,0,0,0 7/27/2018 11:37:23
0,0,27,0,0,0 7/27/2018 11:37:23
0,0,28,0,0,0 7/27/2018 11:37:23
0,0,28,0,0,0 7/27/2018 11:37:23
0,0,31,0,0,0 7/27/2018 11:37:23
0,0,30,0,0,0 7/27/2018 11:37:23
0,0,0,0,0,0 7/27/2018 11:37:23
0,0,0,0,0,0 7/27/2018 11:37:23
0,0,18,0,0,0 7/27/2018 11:37:23
0,0,16,0,0,0 7/27/2018 11:37:23
0,0,17,0,0,0 7/27/2018 11:37:23
0,0,17,0,0,0 7/27/2018 11:37:23
0,1,14,0,0,0 7/27/2018 11:37:24
0,0,0,0,0,0 7/27/2018 11:37:24
0,0,0,0,0,0 7/27/2018 11:37:24
0,0,0,0,0,0 7/27/2018 11:37:24
0,0,0,0,0,0 7/27/2018 11:37:24
0,0,0,0,0,0 7/27/2018 11:37:24
0,0,0,0,0,0 7/27/2018 11:37:24
0,0,0,0,0,0 7/27/2018 11:37:24
0,0,0,0,0,0 7/27/2018 11:37:24
0,0,0,0,0,0 7/27/2018 11:37:24
0,0,0,0,0,0 7/27/2018 11:37:24
0,0,0,0,0,0 7/27/2018 11:37:24
0,0,0,0,0,0 7/27/2018 11:37:24
0,0,0,0,0,0 7/27/2018 11:37:24
0,0,0,0,0,0 7/27/2018 11:37:24
0,0,0,0,0,0 7/27/2018 11:37:24
0,0,0,0,0,0 7/27/2018 11:37:24
0,44,1,0,0,0 7/27/2018 11:37:24
0,58,0,0,0,0 7/27/2018 11:37:24
0,52,0,0,0,0 7/27/2018 11:37:24
0,25,0,0,0,0 7/27/2018 11:37:24
0,0,0,0,0,0 7/27/2018 11:37:24
0,0,0,0,0,0 7/27/2018 11:37:24
0,0,0,0,0,0 7/27/2018 11:37:25
0,0,0,0,0,0 7/27/2018 11:37:25
0,0,0,0,0,0 7/27/2018 11:37:25
0,0,0,102,0,0 7/27/2018 11:37:25
0,0,0,251,0,0 7/27/2018 11:37:25
0,0,0,426,0,0 7/27/2018 11:37:25
0,0,0,380,0,0 7/27/2018 11:37:25
0,0,0,201,0,0 7/27/2018 11:37:25
0,0,0,0,0,0 7/27/2018 11:37:25
0,0,0,0,0,0 7/27/2018 11:37:25
0,0,0,0,0,0 7/27/2018 11:37:25
0,0,9,0,0,0 7/27/2018 11:37:25
0,0,13,0,0,0 7/27/2018 11:37:25
0,0,0,0,0,0 7/27/2018 11:37:25
0,0,0,0,0,0 7/27/2018 11:37:25
0,0,0,0,1,0 7/27/2018 11:37:25
0,0,0,0,0,0 7/27/2018 11:37:25
0,0,0,0,0,0 7/27/2018 11:37:25
0,0,1,425,0,0 7/27/2018 11:37:25
0,0,12,751,0,0 7/27/2018 11:37:25
0,0,7,800,0,0 7/27/2018 11:37:25
0,0,0,787,0,0 7/27/2018 11:37:25
0,0,0,758,0,0 7/27/2018 11:37:26
0,0,0,724,0,0 7/27/2018 11:37:26
0,0,0,657,0,0 7/27/2018 11:37:26
0,0,5,612,0,0 7/27/2018 11:37:26
0,0,2,577,0,0 7/27/2018 11:37:26
0,0,0,144,0,0 7/27/2018 11:37:26
0,0,1,0,0,0 7/27/2018 11:37:26
0,0,2,0,0,0 7/27/2018 11:37:26
0,0,1,0,0,0 7/27/2018 11:37:26
0,0,2,0,0,0 7/27/2018 11:37:26
0,0,1,0,0,0 7/27/2018 11:37:26
0,0,0,0,0,0 7/27/2018 11:37:26
0,0,0,0,0,0 7/27/2018 11:37:26
0,0,0,0,0,0 7/27/2018 11:37:26
0,0,1,0,0,0 7/27/2018 11:37:26
0,0,1,0,0,0 7/27/2018 11:37:26
0,0,2,0,0,0 7/27/2018 11:37:26
0,0,0,0,0,0 7/27/2018 11:37:26
0,0,0,0,0,0 7/27/2018 11:37:26
0,0,0,0,0,0 7/27/2018 11:37:26
0,0,0,0,0,0 7/27/2018 11:37:26
0,0,0,0,0,0 7/27/2018 11:37:26
0,0,0,0,0,0 7/27/2018 11:37:26
0,0,0,0,0,0 7/27/2018 11:37:27
0,0,0,0,0,0 7/27/2018 11:37:27
0,0,0,0,0,0 7/27/2018 11:37:27
0,0,0,0,0,0 7/27/2018 11:37:27
0,0,0,0,0,0 7/27/2018 11:37:27
0,0,2,0,0,0 7/27/2018 11:37:27
0,0,0,0,0,0 7/27/2018 11:37:27
0,0,0,0,0,0 7/27/2018 11:37:27
0,0,0,0,0,0 7/27/2018 11:37:27
0,0,0,0,0,0 7/27/2018 11:37:27
0,0,0,0,0,0 7/27/2018 11:37:27
0,0,3,0,0,0 7/27/2018 11:37:27
0,0,0,0,0,0 7/27/2018 11:37:27
0,0,2,0,0,0 7/27/2018 11:37:27
0,0,8,0,0,0 7/27/2018 11:37:27
0,0,13,0,0,0 7/27/2018 11:37:27
0,0,14,0,0,0 7/27/2018 11:37:27
0,0,20,0,0,0 7/27/2018 11:37:27
0,0,36,0,0,0 7/27/2018 11:37:27
0,0,38,0,0,0 7/27/2018 11:37:27
0,0,38,0,0,0 7/27/2018 11:37:27
0,0,43,0,0,0 7/27/2018 11:37:27
0,0,43,0,0,0 7/27/2018 11:37:27
0,0,27,0,0,0 7/27/2018 11:37:28
0,0,1,0,0,0 7/27/2018 11:37:28
0,0,0,0,0,0 7/27/2018 11:37:28
0,0,0,0,0,0 7/27/2018 11:37:28
0,0,0,0,0,0 7/27/2018 11:37:28
0,0,0,0,0,0 7/27/2018 11:37:28
0,0,7,0,0,0 7/27/2018 11:37:28
0,0,20,0,0,0 7/27/2018 11:37:28
0,0,40,0,0,0 7/27/2018 11:37:28
0,0,66,0,0,0 7/27/2018 11:37:28
0,0,46,0,0,0 7/27/2018 11:37:28
0,0,48,0,0,0 7/27/2018 11:37:28
0,0,46,0,0,0 7/27/2018 11:37:28
0,0,47,0,0,0 7/27/2018 11:37:28
0,0,47,0,0,0 7/27/2018 11:37:28
0,0,39,0,0,0 7/27/2018 11:37:28
0,0,21,0,0,0 7/27/2018 11:37:28
0,0,14,0,0,0 7/27/2018 11:37:28
0,0,23,0,0,0 7/27/2018 11:37:28
0,0,20,0,0,0 7/27/2018 11:37:28
0,0,23,0,0,0 7/27/2018 11:37:28
0,0,22,0,0,0 7/27/2018 11:37:28
0,0,32,0,0,0 7/27/2018 11:37:29
0,0,49,0,0,0 7/27/2018 11:37:29
0,0,49,0,0,0 7/27/2018 11:37:29
0,0,50,0,0,0 7/27/2018 11:37:29
0,0,54,0,0,0 7/27/2018 11:37:29
0,0,47,0,0,0 7/27/2018 11:37:29
0,0,27,0,0,0 7/27/2018 11:37:29
0,0,11,0,0,0 7/27/2018 11:37:29
0,0,0,0,0,0 7/27/2018 11:37:29
0,0,0,0,0,0 7/27/2018 11:37:29
0,0,0,0,0,0 7/27/2018 11:37:29
0,0,0,0,0,0 7/27/2018 11:37:29
0,0,0,0,0,0 7/27/2018 11:37:29
0,0,0,0,0,0 7/27/2018 11:37:29
0,0,3,0,0,0 7/27/2018 11:37:29
0,0,8,0,0,0 7/27/2018 11:37:29
0,0,15,0,0,0 7/27/2018 11:37:29
0,0,8,0,0,0 7/27/2018 11:37:29
0,0,9,0,0,0 7/27/2018 11:37:29
0,0,27,0,0,0 7/27/2018 11:37:29
0,0,45,0,0,0 7/27/2018 11:37:29
0,0,39,0,0,0 7/27/2018 11:37:29
0,0,38,0,0,0 7/27/2018 11:37:29
0,0,39,0,0,0 7/27/2018 11:37:30
0,0,13,0,0,0 7/27/2018 11:37:30
0,0,0,0,0,0 7/27/2018 11:37:30
0,0,0,0,0,0 7/27/2018 11:37:30
0,0,0,0,0,0 7/27/2018 11:37:30
0,0,2,0,0,0 7/27/2018 11:37:30
0,0,2,0,0,0 7/27/2018 11:37:30
0,133,13,0,0,0 7/27/2018 11:37:30
0,462,7,0,0,0 7/27/2018 11:37:30
0,671,5,0,0,0 7/27/2018 11:37:30
0,752,23,0,0,0 7/27/2018 11:37:30
0,754,42,0,0,0 7/27/2018 11:37:30
0,758,54,0,0,0 7/27/2018 11:37:30
0,729,76,0,0,0 7/27/2018 11:37:30
0,610,92,0,0,0 7/27/2018 11:37:30
0,398,78,0,0,0 7/27/2018 11:37:30
0,169,56,0,0,0 7/27/2018 11:37:30
0,77,55,0,0,0 7/27/2018 11:37:30
0,3,71,0,0,0 7/27/2018 11:37:30
0,6,47,1,0,0 7/27/2018 11:37:30
0,0,54,1,0,1 7/27/2018 11:37:30
0,0,93,0,0,0 7/27/2018 11:37:30
0,0,46,0,0,0 7/27/2018 11:37:30
0,0,50,0,0,0 7/27/2018 11:37:31
0,0,55,1,0,0 7/27/2018 11:37:31
0,0,54,0,0,0 7/27/2018 11:37:31
0,0,41,0,0,0 7/27/2018 11:37:31
0,0,31,0,0,0 7/27/2018 11:37:31
0,0,0,0,0,0 7/27/2018 11:37:31
0,0,0,0,0,0 7/27/2018 11:37:31
0,0,0,0,0,0 7/27/2018 11:37:31
0,0,0,0,0,0 7/27/2018 11:37:31
0,0,0,0,0,0 7/27/2018 11:37:31
0,310,0,0,0,0 7/27/2018 11:37:31
0,475,0,0,0,0 7/27/2018 11:37:31
0,641,1,0,0,0 7/27/2018 11:37:31
0,743,9,0,0,0 7/27/2018 11:37:31
0,769,18,0,0,0 7/27/2018 11:37:31
0,772,0,0,0,0 7/27/2018 11:37:31
0,774,0,0,0,0 7/27/2018 11:37:31
0,756,62,0,0,0 7/27/2018 11:37:31
0,675,71,0,0,0 7/27/2018 11:37:31
0,386,77,0,0,0 7/27/2018 11:37:31
0,0,77,0,0,0 7/27/2018 11:37:31
0,0,75,0,0,0 7/27/2018 11:37:31
0,0,73,0,0,0 7/27/2018 11:37:31
0,0,54,0,0,0 7/27/2018 11:37:32
0,0,53,0,0,0 7/27/2018 11:37:32
0,0,48,0,0,0 7/27/2018 11:37:32
0,0,41,0,0,0 7/27/2018 11:37:32
0,0,0,0,0,0 7/27/2018 11:37:32
0,0,0,0,0,0 7/27/2018 11:37:32
0,0,0,0,0,0 7/27/2018 11:37:32
0,0,0,0,0,0 7/27/2018 11:37:32
0,0,0,0,0,0 7/27/2018 11:37:32
0,0,0,0,0,0 7/27/2018 11:37:32
0,0,0,0,0,0 7/27/2018 11:37:32
0,0,0,0,0,0 7/27/2018 11:37:32
0,0,0,0,0,0 7/27/2018 11:37:32
0,0,0,0,0,0 7/27/2018 11:37:32
0,0,0,0,0,0 7/27/2018 11:37:32
0,0,12,0,0,0 7/27/2018 11:37:32
0,0,0,0,0,0 7/27/2018 11:37:32
0,0,0,0,0,0 7/27/2018 11:37:32
0,0,0,0,0,0 7/27/2018 11:37:32
0,0,18,0,0,0 7/27/2018 11:37:32
0,0,6,0,0,0 7/27/2018 11:37:32
0,0,2,0,0,0 7/27/2018 11:37:32
0,0,2,0,0,0 7/27/2018 11:37:33
0,0,4,0,0,0 7/27/2018 11:37:33
0,0,6,0,0,0 7/27/2018 11:37:33
0,0,4,0,0,0 7/27/2018 11:37:33
0,0,7,0,0,0 7/27/2018 11:37:33
0,36,3,0,0,0 7/27/2018 11:37:33
0,471,10,0,0,0 7/27/2018 11:37:33
0,691,23,0,0,0 7/27/2018 11:37:33
0,763,46,28,0,0 7/27/2018 11:37:33
0,780,58,54,0,0 7/27/2018 11:37:33
0,790,64,79,0,0 7/27/2018 11:37:33
0,797,66,136,0,0 7/27/2018 11:37:33
0,794,91,116,0,0 7/27/2018 11:37:33
0,742,80,0,0,0 7/27/2018 11:37:33
0,714,2,24,0,0 7/27/2018 11:37:33
0,497,13,0,0,0 7/27/2018 11:37:33
0,218,41,26,0,0 7/27/2018 11:37:33
0,22,43,24,0,0 7/27/2018 11:37:33
0,21,49,38,0,0 7/27/2018 11:37:33
0,117,79,45,0,0 7/27/2018 11:37:33
0,166,109,31,0,0 7/27/2018 11:37:33
0,158,113,18,0,0 7/27/2018 11:37:33
0,62,109,0,0,0 7/27/2018 11:37:33
0,0,49,0,0,0 7/27/2018 11:37:34
0,0,19,0,0,0 7/27/2018 11:37:34
0,0,19,4,0,0 7/27/2018 11:37:34
0,0,27,30,0,0 7/27/2018 11:37:34
0,0,32,0,0,0 7/27/2018 11:37:34
0,0,40,42,0,0 7/27/2018 11:37:34
0,0,47,72,0,0 7/27/2018 11:37:34
0,0,51,88,0,0 7/27/2018 11:37:34
0,0,49,121,0,0 7/27/2018 11:37:34
0,0,41,105,0,0 7/27/2018 11:37:34
0,0,15,0,0,0 7/27/2018 11:37:34
0,0,0,0,0,0 7/27/2018 11:37:34
0,0,0,0,0,0 7/27/2018 11:37:34
0,0,0,0,0,0 7/27/2018 11:37:34
0,0,0,0,0,0 7/27/2018 11:37:34
0,0,0,0,0,0 7/27/2018 11:37:34
0,0,0,0,0,0 7/27/2018 11:37:34
0,0,0,0,0,0 7/27/2018 11:37:34
0,0,3,0,0,0 7/27/2018 11:37:34
0,0,13,0,0,0 7/27/2018 11:37:34
0,278,18,0,0,0 7/27/2018 11:37:34
0,563,42,122,0,0 7/27/2018 11:37:34
0,690,48,150,0,0 7/27/2018 11:37:34
0,747,53,215,0,0 7/27/2018 11:37:35
0,747,46,245,0,0 7/27/2018 11:37:35
0,716,46,236,0,0 7/27/2018 11:37:35
0,505,9,81,0,0 7/27/2018 11:37:35
0,0,0,0,0,0 7/27/2018 11:37:35
0,0,0,0,0,0 7/27/2018 11:37:35
0,0,0,0,0,0 7/27/2018 11:37:35
0,0,0,0,0,0 7/27/2018 11:37:35
0,0,0,0,0,0 7/27/2018 11:37:35
0,0,0,0,0,0 7/27/2018 11:37:35
0,0,0,0,0,0 7/27/2018 11:37:35
0,0,0,0,0,0 7/27/2018 11:37:35
0,0,5,0,0,0 7/27/2018 11:37:35
0,0,8,0,0,0 7/27/2018 11:37:35
0,0,20,0,0,0 7/27/2018 11:37:35
0,0,49,0,0,0 7/27/2018 11:37:35
0,14,72,1,0,0 7/27/2018 11:37:35
0,87,66,14,0,0 7/27/2018 11:37:35
0,98,59,26,0,0 7/27/2018 11:37:35
0,0,46,19,0,0 7/27/2018 11:37:35
0,0,38,0,0,0 7/27/2018 11:37:35
0,0,41,0,0,0 7/27/2018 11:37:35
0,0,20,0,0,0 7/27/2018 11:37:36
0,0,0,0,0,0 7/27/2018 11:37:36
0,0,0,0,0,0 7/27/2018 11:37:36
0,0,0,0,0,0 7/27/2018 11:37:36
0,0,0,0,0,0 7/27/2018 11:37:36
0,0,0,0,0,0 7/27/2018 11:37:36
0,0,0,0,0,0 7/27/2018 11:37:36
0,0,0,0,0,0 7/27/2018 11:37:36
0,0,0,0,0,0 7/27/2018 11:37:36
0,0,0,0,0,0 7/27/2018 11:37:36
0,0,8,0,0,0 7/27/2018 11:37:36
0,0,18,0,0,0 7/27/2018 11:37:36
0,0,24,0,0,0 7/27/2018 11:37:36
0,0,24,0,0,0 7/27/2018 11:37:36
0,0,18,0,0,0 7/27/2018 11:37:36
0,0,3,0,0,0 7/27/2018 11:37:36
0,0,0,0,0,0 7/27/2018 11:37:36
0,0,0,0,0,0 7/27/2018 11:37:36
0,0,0,0,0,0 7/27/2018 11:37:36
0,0,0,0,0,0 7/27/2018 11:37:36
0,0,0,0,0,0 7/27/2018 11:37:36
0,0,0,0,0,0 7/27/2018 11:37:36
0,0,1,0,0,0 7/27/2018 11:37:36
0,0,8,0,0,0 7/27/2018 11:37:37
0,0,0,0,0,0 7/27/2018 11:37:37
0,0,6,0,0,0 7/27/2018 11:37:37
0,0,1,0,0,0 7/27/2018 11:37:37
0,0,1,0,0,0 7/27/2018 11:37:37
0,0,4,0,0,0 7/27/2018 11:37:37
0,0,6,0,0,0 7/27/2018 11:37:37
0,0,7,0,0,0 7/27/2018 11:37:37
0,0,0,0,0,0 7/27/2018 11:37:37
0,0,0,0,0,0 7/27/2018 11:37:37
0,0,0,0,0,0 7/27/2018 11:37:37
0,0,0,0,0,0 7/27/2018 11:37:37
0,0,0,0,0,0 7/27/2018 11:37:37
0,0,0,0,0,0 7/27/2018 11:37:37
0,0,0,0,0,0 7/27/2018 11:37:37
0,0,0,0,0,0 7/27/2018 11:37:37
0,0,0,0,0,0 7/27/2018 11:37:37
0,0,0,0,0,0 7/27/2018 11:37:37
0,0,0,0,0,0 7/27/2018 11:37:37
0,0,0,0,0,0 7/27/2018 11:37:37
0,0,0,0,0,0 7/27/2018 11:37:37
0,0,0,0,0,0 7/27/2018 11:37:37
0,0,5,30,0,0 7/27/2018 11:37:37
0,0,12,25,0,0 7/27/2018 11:37:38
0,0,12,81,0,0 7/27/2018 11:37:38
0,0,17,84,0,0 7/27/2018 11:37:38
0,38,43,84,0,0 7/27/2018 11:37:38
0,0,50,91,0,0 7/27/2018 11:37:38
0,0,50,85,0,0 7/27/2018 11:37:38
0,0,51,83,0,0 7/27/2018 11:37:38
0,0,53,71,0,0 7/27/2018 11:37:38
0,0,46,84,0,0 7/27/2018 11:37:38
0,0,41,78,0,0 7/27/2018 11:37:38
0,0,46,81,0,0 7/27/2018 11:37:38
0,0,43,82,0,0 7/27/2018 11:37:38
0,0,25,0,0,0 7/27/2018 11:37:38
0,0,0,0,0,0 7/27/2018 11:37:38
0,0,0,0,0,0 7/27/2018 11:37:38
0,0,0,0,0,0 7/27/2018 11:37:38
0,0,0,0,0,0 7/27/2018 11:37:38
0,0,0,0,0,0 7/27/2018 11:37:38
0,0,0,0,0,0 7/27/2018 11:37:38
0,0,0,0,0,0 7/27/2018 11:37:38
0,0,0,0,0,0 7/27/2018 11:37:38
0,0,0,0,0,0 7/27/2018 11:37:38
0,0,0,0,0,0 7/27/2018 11:37:38
0,0,0,0,0,0 7/27/2018 11:37:39
0,0,0,0,0,0 7/27/2018 11:37:39
0,0,8,0,0,0 7/27/2018 11:37:39
0,0,10,0,0,0 7/27/2018 11:37:39
0,0,16,0,0,0 7/27/2018 11:37:39
0,127,45,0,0,0 7/27/2018 11:37:39
0,165,29,0,0,0 7/27/2018 11:37:39
0,0,26,0,0,0 7/27/2018 11:37:39
0,0,11,0,0,0 7/27/2018 11:37:39
0,0,0,0,0,0 7/27/2018 11:37:39
0,0,0,0,0,0 7/27/2018 11:37:39
0,0,0,0,0,0 7/27/2018 11:37:39
0,0,0,0,0,0 7/27/2018 11:37:39
0,0,0,0,0,0 7/27/2018 11:37:39
0,0,0,0,0,0 7/27/2018 11:37:39
0,0,0,0,0,0 7/27/2018 11:37:39
0,0,0,0,0,0 7/27/2018 11:37:39
0,0,1,0,0,0 7/27/2018 11:37:39
0,0,5,0,0,0 7/27/2018 11:37:39
0,0,21,0,0,0 7/27/2018 11:37:39
0,21,34,0,0,0 7/27/2018 11:37:39
0,60,36,0,0,0 7/27/2018 11:37:39
0,96,58,0,0,0 7/27/2018 11:37:40
0,106,50,9,0,0 7/27/2018 11:37:40
0,88,33,0,0,0 7/27/2018 11:37:40
0,55,0,0,0,0 7/27/2018 11:37:40
0,0,0,0,0,0 7/27/2018 11:37:40
0,0,0,0,0,0 7/27/2018 11:37:40
0,0,0,0,0,0 7/27/2018 11:37:40
0,0,0,0,0,0 7/27/2018 11:37:40
0,0,0,0,0,0 7/27/2018 11:37:40
0,0,0,0,0,0 7/27/2018 11:37:40
0,0,0,17,0,0 7/27/2018 11:37:40
0,0,1,29,0,0 7/27/2018 11:37:40
0,0,2,26,0,0 7/27/2018 11:37:40
0,0,2,23,0,0 7/27/2018 11:37:40
0,0,0,0,0,0 7/27/2018 11:37:40
0,0,0,0,0,0 7/27/2018 11:37:40
0,0,0,0,0,0 7/27/2018 11:37:40
0,0,0,0,0,0 7/27/2018 11:37:40
0,0,0,0,0,0 7/27/2018 11:37:40
0,0,0,0,0,0 7/27/2018 11:37:40
0,0,0,0,0,0 7/27/2018 11:37:40
0,0,0,0,0,0 7/27/2018 11:37:40
0,0,0,0,0,0 7/27/2018 11:37:40
0,0,0,0,0,0 7/27/2018 11:37:41
0,0,0,0,0,0 7/27/2018 11:37:41
0,0,0,0,0,0 7/27/2018 11:37:41
0,0,1,0,0,0 7/27/2018 11:37:41
0,0,8,0,0,0 7/27/2018 11:37:41
0,0,11,0,0,0 7/27/2018 11:37:41
0,0,0,0,0,0 7/27/2018 11:37:41
0,0,0,23,0,0 7/27/2018 11:37:41
0,0,45,80,0,0 7/27/2018 11:37:41
0,0,74,273,0,0 7/27/2018 11:37:41
0,0,79,376,0,0 7/27/2018 11:37:41
0,0,82,453,0,0 7/27/2018 11:37:41
0,0,81,534,0,0 7/27/2018 11:37:41
0,0,94,440,0,0 7/27/2018 11:37:41
0,0,46,207,0,0 7/27/2018 11:37:41
0,0,20,0,0,0 7/27/2018 11:37:41
0,0,1,0,0,0 7/27/2018 11:37:41
0,0,0,0,0,0 7/27/2018 11:37:41
0,0,0,0,0,0 7/27/2018 11:37:41
0,0,0,0,0,0 7/27/2018 11:37:41
0,0,0,0,0,0 7/27/2018 11:37:41
0,0,0,0,0,0 7/27/2018 11:37:41
0,0,0,0,0,0 7/27/2018 11:37:41
0,0,0,0,0,0 7/27/2018 11:37:42
0,0,0,0,0,0 7/27/2018 11:37:42
0,0,0,347,0,0 7/27/2018 11:37:42
0,0,0,404,0,0 7/27/2018 11:37:42
0,0,0,476,0,0 7/27/2018 11:37:42
0,0,0,578,0,0 7/27/2018 11:37:42
0,0,0,656,0,0 7/27/2018 11:37:42
0,0,0,737,0,0 7/27/2018 11:37:42
0,0,0,745,0,0 7/27/2018 11:37:42
0,0,0,751,0,0 7/27/2018 11:37:42
0,48,0,758,0,0 7/27/2018 11:37:42
0,77,0,752,0,0 7/27/2018 11:37:42
0,0,0,734,0,0 7/27/2018 11:37:42
0,0,0,694,0,0 7/27/2018 11:37:42
0,0,0,644,0,0 7/27/2018 11:37:42
0,0,0,591,0,0 7/27/2018 11:37:42
0,0,2,450,0,0 7/27/2018 11:37:42
0,0,3,445,0,0 7/27/2018 11:37:42
0,0,5,459,0,0 7/27/2018 11:37:42
0,0,3,479,0,0 7/27/2018 11:37:42
0,0,2,370,0,0 7/27/2018 11:37:42
0,0,3,382,0,0 7/27/2018 11:37:42
0,96,4,558,0,0 7/27/2018 11:37:43
0,454,24,722,0,0 7/27/2018 11:37:43
0,687,42,783,0,0 7/27/2018 11:37:43
0,761,52,796,0,0 7/27/2018 11:37:43
0,760,80,814,0,0 7/27/2018 11:37:43
0,771,138,812,0,0 7/27/2018 11:37:43
0,742,131,820,0,0 7/27/2018 11:37:43
0,637,102,808,0,0 7/27/2018 11:37:43
0,466,56,778,0,0 7/27/2018 11:37:43
0,0,0,740,0,0 7/27/2018 11:37:43
0,67,0,729,0,0 7/27/2018 11:37:43
0,0,0,718,0,1 7/27/2018 11:37:43
0,0,0,696,0,0 7/27/2018 11:37:43
0,0,5,654,0,0 7/27/2018 11:37:43
0,0,0,583,0,0 7/27/2018 11:37:43
0,0,2,537,0,0 7/27/2018 11:37:43
0,0,3,554,0,0 7/27/2018 11:37:43
0,26,5,532,0,0 7/27/2018 11:37:43
0,78,6,538,0,0 7/27/2018 11:37:43
0,118,17,603,0,0 7/27/2018 11:37:43
0,127,19,664,0,0 7/27/2018 11:37:43
0,114,21,677,0,0 7/27/2018 11:37:43
0,88,3,677,0,0 7/27/2018 11:37:43
0,62,3,616,0,0 7/27/2018 11:37:44
0,0,9,589,0,0 7/27/2018 11:37:44
0,0,0,597,0,0 7/27/2018 11:37:44
0,0,9,606,0,0 7/27/2018 11:37:44
0,0,0,616,0,0 7/27/2018 11:37:44
0,0,0,589,0,0 7/27/2018 11:37:44
0,0,0,511,0,0 7/27/2018 11:37:44
0,0,0,518,0,0 7/27/2018 11:37:44
0,0,0,525,0,0 7/27/2018 11:37:44
0,0,0,543,0,0 7/27/2018 11:37:44
0,0,0,509,0,0 7/27/2018 11:37:44
0,0,0,479,0,0 7/27/2018 11:37:44
0,0,0,488,0,0 7/27/2018 11:37:44
0,0,0,463,0,0 7/27/2018 11:37:44
0,0,0,469,0,0 7/27/2018 11:37:44
0,0,4,440,0,0 7/27/2018 11:37:44
0,0,7,382,0,0 7/27/2018 11:37:44
0,0,7,284,0,0 7/27/2018 11:37:44
0,0,20,261,0,0 7/27/2018 11:37:44
0,2,18,445,0,0 7/27/2018 11:37:44
0,12,19,390,0,0 7/27/2018 11:37:44
0,72,20,285,0,0 7/27/2018 11:37:44
0,95,27,249,0,0 7/27/2018 11:37:44
0,0,12,293,0,0 7/27/2018 11:37:45
0,0,0,434,0,0 7/27/2018 11:37:45
0,0,0,438,0,0 7/27/2018 11:37:45
0,0,0,305,0,0 7/27/2018 11:37:45
0,0,0,164,0,0 7/27/2018 11:37:45
0,0,0,210,0,0 7/27/2018 11:37:45
0,0,0,302,0,0 7/27/2018 11:37:45
0,0,0,250,0,0 7/27/2018 11:37:45
0,0,0,272,0,0 7/27/2018 11:37:45
0,0,0,207,0,0 7/27/2018 11:37:45
0,0,3,258,0,0 7/27/2018 11:37:45
0,0,0,172,0,0 7/27/2018 11:37:45
0,0,0,255,0,0 7/27/2018 11:37:45
0,0,2,322,0,0 7/27/2018 11:37:45
0,0,0,358,0,0 7/27/2018 11:37:45
0,0,0,393,0,0 7/27/2018 11:37:45
0,0,0,321,0,0 7/27/2018 11:37:45
0,0,0,337,0,0 7/27/2018 11:37:45
0,0,0,335,0,0 7/27/2018 11:37:45
0,0,0,313,0,0 7/27/2018 11:37:45
0,0,0,201,0,0 7/27/2018 11:37:45
0,0,0,95,0,0 7/27/2018 11:37:45
0,0,0,41,0,0 7/27/2018 11:37:46
0,0,0,73,0,0 7/27/2018 11:37:46
0,0,0,259,0,0 7/27/2018 11:37:46
0,0,0,148,0,0 7/27/2018 11:37:46
0,0,0,0,0,0 7/27/2018 11:37:46
0,0,0,0,0,0 7/27/2018 11:37:46
0,0,0,0,0,0 7/27/2018 11:37:46
0,0,0,0,0,0 7/27/2018 11:37:46
0,0,0,0,0,0 7/27/2018 11:37:46
0,0,0,0,0,0 7/27/2018 11:37:46
0,0,0,0,0,0 7/27/2018 11:37:46
0,0,0,0,0,0 7/27/2018 11:37:46
0,0,0,0,0,0 7/27/2018 11:37:46
0,0,0,0,0,0 7/27/2018 11:37:46
0,0,0,0,0,0 7/27/2018 11:37:46
0,0,0,0,0,0 7/27/2018 11:37:46
0,0,0,0,0,0 7/27/2018 11:37:46
0,0,0,0,0,0 7/27/2018 11:37:46
0,0,0,0,0,0 7/27/2018 11:37:46
0,0,0,0,0,0 7/27/2018 11:37:46
0,0,0,0,0,0 7/27/2018 11:37:46
0,0,0,0,0,0 7/27/2018 11:37:46
0,0,0,0,0,0 7/27/2018 11:37:46
0,0,0,0,0,0 7/27/2018 11:37:47
0,0,0,0,0,0 7/27/2018 11:37:47
0,0,6,0,0,0 7/27/2018 11:37:47
0,0,43,0,0,0 7/27/2018 11:37:47
0,0,0,0,0,0 7/27/2018 11:37:47
0,0,7,0,0,0 7/27/2018 11:37:47
0,0,0,0,0,0 7/27/2018 11:37:47
0,0,6,0,0,0 7/27/2018 11:37:47
0,0,16,0,0,0 7/27/2018 11:37:47
0,0,16,0,0,0 7/27/2018 11:37:47
0,0,9,0,0,0 7/27/2018 11:37:47
0,0,16,0,0,0 7/27/2018 11:37:47
0,0,16,0,0,0 7/27/2018 11:37:47
0,0,0,0,0,0 7/27/2018 11:37:47
0,0,0,0,0,0 7/27/2018 11:37:47
0,0,0,0,0,0 7/27/2018 11:37:47
0,0,0,0,0,0 7/27/2018 11:37:47
0,0,0,0,0,0 7/27/2018 11:37:47
0,0,0,0,0,0 7/27/2018 11:37:47
0,0,0,0,0,0 7/27/2018 11:37:47
0,0,0,7,0,0 7/27/2018 11:37:47
0,0,0,60,0,0 7/27/2018 11:37:47
0,0,0,53,0,0 7/27/2018 11:37:47
0,0,0,0,0,0 7/27/2018 11:37:48
0,0,42,0,0,0 7/27/2018 11:37:48
0,0,56,0,0,0 7/27/2018 11:37:48
0,0,15,0,0,0 7/27/2018 11:37:48
0,0,13,0,0,0 7/27/2018 11:37:48
0,0,3,0,0,0 7/27/2018 11:37:48
0,0,2,0,0,0 7/27/2018 11:37:48
0,0,2,0,0,0 7/27/2018 11:37:48
0,0,2,0,0,0 7/27/2018 11:37:48
0,0,0,0,0,0 7/27/2018 11:37:48
0,0,0,0,0,0 7/27/2018 11:37:48
0,0,0,0,0,0 7/27/2018 11:37:48
0,0,0,0,0,0 7/27/2018 11:37:48
0,0,0,0,0,0 7/27/2018 11:37:48
0,0,0,0,0,0 7/27/2018 11:37:48
0,0,0,0,0,0 7/27/2018 11:37:48
0,0,0,0,0,0 7/27/2018 11:37:48
0,0,0,0,0,0 7/27/2018 11:37:48
0,0,0,0,0,0 7/27/2018 11:37:48
0,0,0,0,0,0 7/27/2018 11:37:48
0,0,0,0,0,0 7/27/2018 11:37:48
0,0,0,0,0,0 7/27/2018 11:37:48
0,0,0,0,0,0 7/27/2018 11:37:48
0,0,0,0,0,0 7/27/2018 11:37:49
0,0,0,0,0,0 7/27/2018 11:37:49
0,0,0,0,0,0 7/27/2018 11:37:49
0,0,3,0,0,0 7/27/2018 11:37:49
0,0,8,0,0,0 7/27/2018 11:37:49
0,0,0,0,0,0 7/27/2018 11:37:49
0,0,0,0,0,0 7/27/2018 11:37:49
0,0,7,0,0,0 7/27/2018 11:37:49
0,0,5,0,0,0 7/27/2018 11:37:49
0,0,11,0,0,0 7/27/2018 11:37:49
0,0,0,0,0,0 7/27/2018 11:37:49
0,0,0,0,0,0 7/27/2018 11:37:49
0,0,0,0,0,0 7/27/2018 11:37:49
0,0,0,0,0,0 7/27/2018 11:37:49
0,0,0,0,0,0 7/27/2018 11:37:49
0,0,0,0,0,0 7/27/2018 11:37:49
0,0,0,0,0,0 7/27/2018 11:37:49
0,0,3,0,0,0 7/27/2018 11:37:49
0,0,34,0,0,0 7/27/2018 11:37:49
0,0,39,0,0,0 7/27/2018 11:37:49
0,0,49,0,0,0 7/27/2018 11:37:49
0,0,37,0,0,0 7/27/2018 11:37:49
0,0,46,0,0,0 7/27/2018 11:37:50
0,0,0,0,0,0 7/27/2018 11:37:50
0,0,0,0,0,0 7/27/2018 11:37:50
0,0,0,0,0,0 7/27/2018 11:37:50
0,0,0,0,0,0 7/27/2018 11:37:50
0,0,0,0,0,0 7/27/2018 11:37:50
0,0,0,0,0,0 7/27/2018 11:37:50
0,0,0,0,0,0 7/27/2018 11:37:50
0,0,0,0,0,0 7/27/2018 11:37:50
0,0,0,0,0,0 7/27/2018 11:37:50
0,0,0,0,0,0 7/27/2018 11:37:50
0,0,0,0,0,0 7/27/2018 11:37:50
0,0,0,0,0,0 7/27/2018 11:37:50
0,0,0,0,0,0 7/27/2018 11:37:50
0,0,0,16,0,0 7/27/2018 11:37:50
0,0,0,87,0,0 7/27/2018 11:37:50
0,0,0,127,0,0 7/27/2018 11:37:50
0,0,0,149,0,0 7/27/2018 11:37:50
0,0,0,0,0,0 7/27/2018 11:37:50
0,0,1,0,0,0 7/27/2018 11:37:50
0,0,0,0,0,0 7/27/2018 11:37:50
0,0,0,0,0,0 7/27/2018 11:37:50
0,0,0,0,0,0 7/27/2018 11:37:50
0,0,0,0,0,0 7/27/2018 11:37:51
0,0,0,0,0,0 7/27/2018 11:37:51
0,0,0,0,0,0 7/27/2018 11:37:51
0,0,0,0,0,0 7/27/2018 11:37:51
0,0,0,0,0,0 7/27/2018 11:37:51
0,0,0,0,0,0 7/27/2018 11:37:51
0,0,0,0,0,0 7/27/2018 11:37:51
0,0,0,0,0,0 7/27/2018 11:37:51
0,0,0,0,0,0 7/27/2018 11:37:51
0,0,15,0,0,0 7/27/2018 11:37:51
0,0,0,0,0,0 7/27/2018 11:37:51
0,0,9,0,0,0 7/27/2018 11:37:51
0,0,0,0,0,0 7/27/2018 11:37:51
0,0,0,0,0,0 7/27/2018 11:37:51
0,0,0,0,0,0 7/27/2018 11:37:51
0,0,0,0,0,0 7/27/2018 11:37:51
0,0,0,0,0,0 7/27/2018 11:37:51
0,0,0,0,0,0 7/27/2018 11:37:51
0,0,0,0,0,0 7/27/2018 11:37:51
0,0,0,0,0,0 7/27/2018 11:37:51
0,0,0,0,0,0 7/27/2018 11:37:51
0,0,0,0,0,0 7/27/2018 11:37:51
0,0,2,30,0,0 7/27/2018 11:37:51
0,0,0,0,0,0 7/27/2018 11:37:52
0,0,0,0,0,0 7/27/2018 11:37:52
0,0,0,0,0,0 7/27/2018 11:37:52
0,0,0,0,0,0 7/27/2018 11:37:52
0,0,1,0,0,0 7/27/2018 11:37:52
0,0,0,0,0,0 7/27/2018 11:37:52
0,0,0,0,0,0 7/27/2018 11:37:52
0,0,0,0,0,0 7/27/2018 11:37:52
0,0,5,0,0,0 7/27/2018 11:37:52
0,0,1,0,0,0 7/27/2018 11:37:52
0,0,3,0,0,0 7/27/2018 11:37:52
0,0,0,0,0,0 7/27/2018 11:37:52
0,0,0,0,0,0 7/27/2018 11:37:52
0,0,0,0,0,0 7/27/2018 11:37:52
0,0,0,0,0,0 7/27/2018 11:37:52
0,0,2,0,0,0 7/27/2018 11:37:52
0,0,15,0,0,0 7/27/2018 11:37:52
0,0,26,0,0,0 7/27/2018 11:37:52
0,0,46,568,0,0 7/27/2018 11:37:52
0,0,43,705,0,0 7/27/2018 11:37:52
0,0,51,701,0,0 7/27/2018 11:37:52
0,0,14,544,0,0 7/27/2018 11:37:52
0,0,8,0,0,0 7/27/2018 11:37:53
0,0,0,0,0,0 7/27/2018 11:37:53
0,0,0,0,0,0 7/27/2018 11:37:53
0,0,0,0,0,0 7/27/2018 11:37:53
0,0,0,0,0,0 7/27/2018 11:37:53
0,0,0,0,0,0 7/27/2018 11:37:53
0,0,0,0,0,0 7/27/2018 11:37:53
0,0,0,0,0,0 7/27/2018 11:37:53
0,0,0,176,0,0 7/27/2018 11:37:53
0,0,5,543,0,0 7/27/2018 11:37:53
0,0,6,574,0,0 7/27/2018 11:37:53
0,0,6,461,0,0 7/27/2018 11:37:53
0,0,7,191,0,0 7/27/2018 11:37:53
0,0,6,540,0,0 7/27/2018 11:37:53
0,0,26,609,0,0 7/27/2018 11:37:53
0,0,0,506,0,0 7/27/2018 11:37:53
0,0,4,51,0,0 7/27/2018 11:37:53
0,0,0,0,0,0 7/27/2018 11:37:53
0,0,0,0,0,0 7/27/2018 11:37:53
0,1,0,0,0,0 7/27/2018 11:37:53
0,0,0,0,0,0 7/27/2018 11:37:53
0,0,0,0,0,0 7/27/2018 11:37:53
0,0,0,0,0,0 7/27/2018 11:37:53
0,0,0,0,0,0 7/27/2018 11:37:54
0,0,0,0,0,0 7/27/2018 11:37:54
0,0,0,0,0,0 7/27/2018 11:37:54
0,39,0,0,0,0 7/27/2018 11:37:54
0,42,0,0,0,0 7/27/2018 11:37:54
0,19,5,476,0,0 7/27/2018 11:37:54
0,0,7,698,0,0 7/27/2018 11:37:54
0,0,2,689,0,0 7/27/2018 11:37:54
0,0,10,484,0,0 7/27/2018 11:37:54
0,0,4,44,0,0 7/27/2018 11:37:54
0,0,11,0,0,0 7/27/2018 11:37:54
0,0,10,0,0,0 7/27/2018 11:37:54
0,0,16,0,0,0 7/27/2018 11:37:54
0,0,7,0,0,0 7/27/2018 11:37:54
0,0,0,0,0,0 7/27/2018 11:37:54
0,0,0,0,0,0 7/27/2018 11:37:54
0,0,0,0,0,0 7/27/2018 11:37:54
0,0,0,0,0,0 7/27/2018 11:37:54
0,0,0,0,0,0 7/27/2018 11:37:54
0,0,0,0,0,0 7/27/2018 11:37:54
0,0,0,0,0,0 7/27/2018 11:37:54
0,0,0,0,0,0 7/27/2018 11:37:54
0,0,0,0,0,0 7/27/2018 11:37:54
0,0,0,0,0,0 7/27/2018 11:37:55
0,0,0,0,0,0 7/27/2018 11:37:55
0,0,0,0,0,0 7/27/2018 11:37:55
0,0,0,0,0,0 7/27/2018 11:37:55
0,0,10,34,0,0 7/27/2018 11:37:55
0,0,20,184,0,0 7/27/2018 11:37:55
0,0,18,172,0,0 7/27/2018 11:37:55
0,0,19,315,0,0 7/27/2018 11:37:55
0,0,30,482,0,0 7/27/2018 11:37:55
0,0,52,551,0,0 7/27/2018 11:37:55
0,0,67,459,0,0 7/27/2018 11:37:55
0,0,89,426,0,0 7/27/2018 11:37:55
0,0,84,466,0,0 7/27/2018 11:37:55
0,0,48,380,0,0 7/27/2018 11:37:55
0,0,0,55,0,0 7/27/2018 11:37:55
0,0,25,98,0,0 7/27/2018 11:37:55
0,0,36,51,0,0 7/27/2018 11:37:55
0,0,39,0,0,0 7/27/2018 11:37:55
0,0,32,0,0,0 7/27/2018 11:37:55
0,0,6,0,0,0 7/27/2018 11:37:55
0,0,0,0,0,0 7/27/2018 11:37:55
0,0,8,0,0,0 7/27/2018 11:37:55
0,0,8,0,0,0 7/27/2018 11:37:56
0,0,11,9,0,0 7/27/2018 11:37:56
0,0,33,161,0,0 7/27/2018 11:37:56
0,0,43,406,0,0 7/27/2018 11:37:56
0,0,68,521,0,0 7/27/2018 11:37:56
0,0,69,556,0,0 7/27/2018 11:37:56
0,0,86,613,0,0 7/27/2018 11:37:56
0,0,93,606,0,0 7/27/2018 11:37:56
0,0,93,533,0,0 7/27/2018 11:37:56
0,0,94,353,0,0 7/27/2018 11:37:56
0,0,0,183,0,0 7/27/2018 11:37:56
0,0,20,0,0,0 7/27/2018 11:37:56
0,0,17,0,0,0 7/27/2018 11:37:56
0,0,0,0,0,0 7/27/2018 11:37:56
0,0,0,0,0,0 7/27/2018 11:37:56
0,0,0,0,0,0 7/27/2018 11:37:56
0,0,16,147,0,0 7/27/2018 11:37:56
0,0,39,440,0,0 7/27/2018 11:37:56
0,0,55,521,0,0 7/27/2018 11:37:56
0,0,60,525,0,0 7/27/2018 11:37:56
0,0,61,483,0,0 7/27/2018 11:37:56
0,0,67,354,0,0 7/27/2018 11:37:56
0,0,79,250,0,0 7/27/2018 11:37:56
0,0,88,339,0,0 7/27/2018 11:37:57
0,0,63,238,0,0 7/27/2018 11:37:57
0,0,0,0,0,0 7/27/2018 11:37:57
0,0,0,0,0,0 7/27/2018 11:37:57
0,0,0,0,0,0 7/27/2018 11:37:57
0,0,0,0,0,0 7/27/2018 11:37:57
0,0,0,0,0,0 7/27/2018 11:37:57
0,0,0,203,0,0 7/27/2018 11:37:57
0,0,38,341,0,0 7/27/2018 11:37:57
0,0,16,285,0,0 7/27/2018 11:37:57
0,0,16,338,0,0 7/27/2018 11:37:57
0,0,40,328,0,0 7/27/2018 11:37:57
0,0,62,242,0,0 7/27/2018 11:37:57
0,0,73,262,0,0 7/27/2018 11:37:57
0,0,75,290,0,0 7/27/2018 11:37:57
0,0,93,259,0,0 7/27/2018 11:37:57
0,0,42,184,0,0 7/27/2018 11:37:57
0,0,34,0,0,0 7/27/2018 11:37:57
0,0,1,0,0,0 7/27/2018 11:37:57
0,0,6,0,0,0 7/27/2018 11:37:57
0,0,0,0,0,0 7/27/2018 11:37:57
0,0,0,0,0,0 7/27/2018 11:37:57
0,0,0,0,0,0 7/27/2018 11:37:57
0,0,10,0,0,0 7/27/2018 11:37:58
0,0,8,0,0,0 7/27/2018 11:37:58
0,0,9,0,0,0 7/27/2018 11:37:58
0,0,4,87,0,0 7/27/2018 11:37:58
0,0,69,285,0,0 7/27/2018 11:37:58
0,0,74,336,0,0 7/27/2018 11:37:58
0,0,55,244,0,0 7/27/2018 11:37:58
0,0,73,214,0,0 7/27/2018 11:37:58
0,0,72,240,0,0 7/27/2018 11:37:58
0,0,48,158,0,0 7/27/2018 11:37:58
0,0,38,79,0,0 7/27/2018 11:37:58
0,0,11,295,0,0 7/27/2018 11:37:58
0,0,10,383,0,0 7/27/2018 11:37:58
0,0,5,525,0,0 7/27/2018 11:37:58
0,0,4,533,0,0 7/27/2018 11:37:58
0,0,5,502,0,0 7/27/2018 11:37:58
0,0,6,346,0,0 7/27/2018 11:37:58
0,0,5,315,0,0 7/27/2018 11:37:58
0,0,40,310,0,0 7/27/2018 11:37:58
0,0,86,309,0,0 7/27/2018 11:37:58
0,0,90,283,0,0 7/27/2018 11:37:58
0,0,79,294,0,0 7/27/2018 11:37:58
0,0,69,240,0,0 7/27/2018 11:37:58
0,0,13,242,0,0 7/27/2018 11:37:59
0,0,8,313,0,0 7/27/2018 11:37:59
0,0,12,374,0,0 7/27/2018 11:37:59
0,0,8,346,0,0 7/27/2018 11:37:59
0,0,7,350,0,0 7/27/2018 11:37:59
0,0,2,386,0,0 7/27/2018 11:37:59
0,0,15,275,0,0 7/27/2018 11:37:59
0,0,16,105,0,0 7/27/2018 11:37:59
0,0,22,0,0,0 7/27/2018 11:37:59
0,0,17,0,0,0 7/27/2018 11:37:59
0,0,0,0,0,0 7/27/2018 11:37:59
0,0,0,0,0,0 7/27/2018 11:37:59
0,0,0,0,0,0 7/27/2018 11:37:59
0,0,0,0,0,0 7/27/2018 11:37:59
0,0,0,0,0,0 7/27/2018 11:37:59
0,0,0,0,0,0 7/27/2018 11:37:59
0,0,0,0,0,0 7/27/2018 11:37:59
0,0,0,0,0,0 7/27/2018 11:37:59
0,0,0,0,0,0 7/27/2018 11:37:59
0,0,2,137,0,0 7/27/2018 11:37:59
0,0,28,240,0,0 7/27/2018 11:37:59
0,0,35,132,0,0 7/27/2018 11:37:59
0,0,36,33,0,0 7/27/2018 11:38:0
0,0,44,0,0,0 7/27/2018 11:38:0
0,0,46,29,0,0 7/27/2018 11:38:0
0,0,49,150,0,0 7/27/2018 11:38:0
0,0,34,23,0,0 7/27/2018 11:38:0
0,0,53,0,0,0 7/27/2018 11:38:0
0,0,34,0,0,0 7/27/2018 11:38:0
0,0,0,0,0,0 7/27/2018 11:38:0
0,0,0,0,0,0 7/27/2018 11:38:0
0,0,0,0,0,0 7/27/2018 11:38:0
0,0,0,0,0,0 7/27/2018 11:38:0
0,0,0,0,0,0 7/27/2018 11:38:0
0,0,0,0,0,0 7/27/2018 11:38:0
0,0,0,0,0,0 7/27/2018 11:38:0
0,0,0,72,0,0 7/27/2018 11:38:0
0,0,0,228,0,0 7/27/2018 11:38:0
0,0,0,343,0,0 7/27/2018 11:38:0
0,0,0,439,0,0 7/27/2018 11:38:0
0,0,9,466,0,0 7/27/2018 11:38:0
0,0,19,373,0,0 7/27/2018 11:38:0
0,0,37,227,0,0 7/27/2018 11:38:0
0,0,61,0,0,0 7/27/2018 11:38:0
0,0,0,0,0,0 7/27/2018 11:38:0
0,0,0,0,0,0 7/27/2018 11:38:1
0,0,0,0,0,0 7/27/2018 11:38:1
0,0,0,0,0,0 7/27/2018 11:38:1
0,0,0,0,0,0 7/27/2018 11:38:1
0,0,0,0,0,0 7/27/2018 11:38:1
0,0,0,0,0,0 7/27/2018 11:38:1
0,0,0,0,0,0 7/27/2018 11:38:1
0,0,0,0,0,0 7/27/2018 11:38:1
0,0,0,0,0,0 7/27/2018 11:38:1
0,0,0,0,0,0 7/27/2018 11:38:1
0,0,0,0,0,0 7/27/2018 11:38:1
0,0,0,0,0,0 7/27/2018 11:38:1
0,0,0,0,0,0 7/27/2018 11:38:1
0,0,0,0,0,0 7/27/2018 11:38:1
0,0,0,0,0,0 7/27/2018 11:38:1
0,1,0,0,0,0 7/27/2018 11:38:1
0,0,0,0,0,0 7/27/2018 11:38:1
0,0,0,0,0,0 7/27/2018 11:38:1
0,0,0,0,0,0 7/27/2018 11:38:1
0,0,14,0,0,1 7/27/2018 11:38:1
0,0,45,0,0,0 7/27/2018 11:38:1
0,0,23,0,0,0 7/27/2018 11:38:1
0,0,0,0,0,0 7/27/2018 11:38:1
0,0,15,0,0,0 7/27/2018 11:38:2
0,0,25,0,0,0 7/27/2018 11:38:2
0,0,18,0,0,0 7/27/2018 11:38:2
0,0,18,0,0,0 7/27/2018 11:38:2
0,0,19,0,0,0 7/27/2018 11:38:2
0,0,17,0,0,0 7/27/2018 11:38:2
0,0,17,0,0,0 7/27/2018 11:38:2
0,0,11,0,0,0 7/27/2018 11:38:2
0,0,2,0,0,0 7/27/2018 11:38:2
0,0,0,0,0,0 7/27/2018 11:38:2
0,0,0,0,0,0 7/27/2018 11:38:2
0,0,0,0,0,0 7/27/2018 11:38:2
0,0,0,0,0,0 7/27/2018 11:38:2
0,0,0,0,0,0 7/27/2018 11:38:2
0,0,0,0,0,0 7/27/2018 11:38:2
0,0,0,0,0,0 7/27/2018 11:38:2
0,0,0,0,0,0 7/27/2018 11:38:2
0,0,0,0,0,0 7/27/2018 11:38:2
0,0,0,0,0,0 7/27/2018 11:38:2
0,0,0,0,0,0 7/27/2018 11:38:2
0,0,0,0,0,0 7/27/2018 11:38:2
0,0,2,0,0,0 7/27/2018 11:38:2
0,0,5,0,0,0 7/27/2018 11:38:3
0,0,4,0,0,0 7/27/2018 11:38:3
0,0,29,0,0,0 7/27/2018 11:38:3
0,0,31,0,0,0 7/27/2018 11:38:3
0,0,0,0,0,0 7/27/2018 11:38:3
0,0,0,0,0,0 7/27/2018 11:38:3
0,0,0,0,0,0 7/27/2018 11:38:3
0,0,42,0,0,0 7/27/2018 11:38:3
0,0,104,0,0,0 7/27/2018 11:38:3
0,0,157,0,0,0 7/27/2018 11:38:3
0,0,111,0,0,0 7/27/2018 11:38:3
0,0,75,0,0,0 7/27/2018 11:38:3
0,0,70,0,0,0 7/27/2018 11:38:3
0,0,72,0,0,0 7/27/2018 11:38:3
0,0,117,0,0,0 7/27/2018 11:38:3
0,0,121,0,0,0 7/27/2018 11:38:3
0,0,58,0,0,0 7/27/2018 11:38:3
0,0,28,0,0,0 7/27/2018 11:38:3
0,0,0,0,0,0 7/27/2018 11:38:3
0,0,0,0,0,0 7/27/2018 11:38:3
0,0,0,0,0,0 7/27/2018 11:38:3
0,0,0,0,0,0 7/27/2018 11:38:3
0,102,0,0,0,0 7/27/2018 11:38:3
0,241,0,0,0,0 7/27/2018 11:38:4
0,276,0,0,0,0 7/27/2018 11:38:4
0,341,0,0,0,0 7/27/2018 11:38:4
0,349,0,0,0,0 7/27/2018 11:38:4
0,306,0,0,0,0 7/27/2018 11:38:4
0,280,0,0,0,0 7/27/2018 11:38:4
0,282,0,0,0,0 7/27/2018 11:38:4
0,215,0,0,0,0 7/27/2018 11:38:4
0,53,2,0,0,0 7/27/2018 11:38:4
