0,0,0,0,0,0 8/1/2018 18:12:37
0,0,0,0,0,0 8/1/2018 18:12:37
0,0,0,0,0,0 8/1/2018 18:12:37
0,0,0,0,0,0 8/1/2018 18:12:37
0,1,0,0,0,0 8/1/2018 18:12:37
0,0,0,0,0,0 8/1/2018 18:12:38
0,0,0,0,0,0 8/1/2018 18:12:38
0,0,0,0,0,0 8/1/2018 18:12:38
0,0,0,0,0,0 8/1/2018 18:12:38
0,0,0,0,0,0 8/1/2018 18:12:38
0,0,0,0,0,0 8/1/2018 18:12:38
0,0,0,0,0,0 8/1/2018 18:12:38
0,0,0,0,0,0 8/1/2018 18:12:38
0,0,0,0,0,0 8/1/2018 18:12:38
0,0,0,0,0,0 8/1/2018 18:12:38
0,0,0,0,0,0 8/1/2018 18:12:38
0,0,0,0,0,0 8/1/2018 18:12:38
0,0,0,0,0,0 8/1/2018 18:12:38
0,0,0,0,0,0 8/1/2018 18:12:38
0,0,0,0,0,0 8/1/2018 18:12:38
0,0,0,0,0,0 8/1/2018 18:12:38
0,0,0,0,0,0 8/1/2018 18:12:38
0,0,0,0,0,0 8/1/2018 18:12:38
0,0,0,0,0,0 8/1/2018 18:12:38
0,0,0,0,0,0 8/1/2018 18:12:38
0,0,0,0,0,0 8/1/2018 18:12:38
0,0,0,0,0,0 8/1/2018 18:12:38
0,0,0,0,0,0 8/1/2018 18:12:38
0,0,0,0,0,0 8/1/2018 18:12:39
0,0,0,0,0,0 8/1/2018 18:12:39
0,0,0,0,0,0 8/1/2018 18:12:39
0,0,0,0,0,0 8/1/2018 18:12:39
0,0,0,0,0,0 8/1/2018 18:12:39
0,0,0,0,0,0 8/1/2018 18:12:39
0,0,0,0,0,0 8/1/2018 18:12:39
0,0,0,0,0,0 8/1/2018 18:12:39
0,0,0,0,0,0 8/1/2018 18:12:39
0,0,0,0,0,0 8/1/2018 18:12:39
0,0,0,0,0,0 8/1/2018 18:12:39
0,0,0,0,0,0 8/1/2018 18:12:39
0,0,0,0,0,0 8/1/2018 18:12:39
0,0,0,0,0,0 8/1/2018 18:12:39
0,0,0,0,0,0 8/1/2018 18:12:39
0,0,0,0,0,0 8/1/2018 18:12:39
0,0,0,0,0,0 8/1/2018 18:12:39
0,0,0,0,0,0 8/1/2018 18:12:39
0,0,0,0,0,0 8/1/2018 18:12:39
0,0,0,0,0,0 8/1/2018 18:12:39
0,0,0,0,0,0 8/1/2018 18:12:39
0,0,0,0,0,0 8/1/2018 18:12:39
0,0,0,0,0,0 8/1/2018 18:12:40
0,0,0,0,0,0 8/1/2018 18:12:40
0,0,0,0,0,0 8/1/2018 18:12:40
0,0,0,0,0,0 8/1/2018 18:12:40
0,0,0,0,0,0 8/1/2018 18:12:40
0,0,0,0,0,0 8/1/2018 18:12:40
0,0,0,0,0,0 8/1/2018 18:12:40
0,0,5,0,0,0 8/1/2018 18:12:40
0,0,5,0,0,0 8/1/2018 18:12:40
0,0,5,0,0,0 8/1/2018 18:12:40
0,0,0,0,0,0 8/1/2018 18:12:40
0,0,0,0,0,0 8/1/2018 18:12:40
0,0,0,0,0,0 8/1/2018 18:12:40
0,0,0,0,0,0 8/1/2018 18:12:40
0,0,0,0,0,0 8/1/2018 18:12:40
0,0,0,0,0,0 8/1/2018 18:12:40
0,0,0,0,0,0 8/1/2018 18:12:40
0,0,0,0,0,0 8/1/2018 18:12:40
0,0,0,0,0,0 8/1/2018 18:12:40
0,0,0,0,0,0 8/1/2018 18:12:40
0,0,0,0,0,0 8/1/2018 18:12:40
0,0,0,0,0,0 8/1/2018 18:12:40
0,0,0,0,0,0 8/1/2018 18:12:40
0,0,0,0,0,0 8/1/2018 18:12:41
0,0,1,0,0,0 8/1/2018 18:12:41
0,0,0,0,0,0 8/1/2018 18:12:41
0,0,5,0,0,0 8/1/2018 18:12:41
0,0,0,0,0,0 8/1/2018 18:12:41
0,0,0,0,0,0 8/1/2018 18:12:41
0,0,0,0,0,0 8/1/2018 18:12:41
0,0,0,0,0,0 8/1/2018 18:12:41
0,0,0,0,0,0 8/1/2018 18:12:41
0,0,0,0,0,0 8/1/2018 18:12:41
0,0,0,0,0,0 8/1/2018 18:12:41
0,0,0,0,0,0 8/1/2018 18:12:41
0,0,0,0,0,0 8/1/2018 18:12:41
0,0,0,0,0,0 8/1/2018 18:12:41
0,0,0,0,0,0 8/1/2018 18:12:41
0,0,0,0,0,0 8/1/2018 18:12:41
0,0,0,0,0,0 8/1/2018 18:12:41
0,0,0,0,0,0 8/1/2018 18:12:41
0,0,0,0,0,0 8/1/2018 18:12:41
0,0,0,0,0,0 8/1/2018 18:12:41
0,0,0,0,0,0 8/1/2018 18:12:41
0,0,0,0,0,0 8/1/2018 18:12:41
0,0,0,0,0,0 8/1/2018 18:12:41
0,0,0,77,0,0 8/1/2018 18:12:42
0,0,0,0,0,0 8/1/2018 18:12:42
0,0,0,0,0,0 8/1/2018 18:12:42
0,0,0,0,0,0 8/1/2018 18:12:42
0,0,0,0,0,0 8/1/2018 18:12:42
0,0,0,0,0,0 8/1/2018 18:12:42
0,0,0,0,0,0 8/1/2018 18:12:42
0,0,0,0,0,0 8/1/2018 18:12:42
0,0,0,0,0,0 8/1/2018 18:12:42
0,0,0,0,0,0 8/1/2018 18:12:42
0,0,0,0,0,0 8/1/2018 18:12:42
0,0,0,0,0,0 8/1/2018 18:12:42
0,0,0,0,0,0 8/1/2018 18:12:42
0,0,0,0,0,0 8/1/2018 18:12:42
0,0,0,0,0,0 8/1/2018 18:12:42
0,0,0,0,0,0 8/1/2018 18:12:42
0,0,0,0,0,0 8/1/2018 18:12:42
0,0,0,0,0,0 8/1/2018 18:12:42
0,0,0,0,0,0 8/1/2018 18:12:42
0,0,0,0,0,0 8/1/2018 18:12:42
0,0,6,0,0,0 8/1/2018 18:12:42
0,0,8,0,0,0 8/1/2018 18:12:42
0,0,0,0,0,0 8/1/2018 18:12:42
0,0,3,0,0,0 8/1/2018 18:12:43
0,0,11,0,0,0 8/1/2018 18:12:43
0,0,0,0,0,0 8/1/2018 18:12:43
0,0,0,0,0,0 8/1/2018 18:12:43
0,0,0,0,0,0 8/1/2018 18:12:43
0,0,0,0,0,0 8/1/2018 18:12:43
0,0,0,0,0,0 8/1/2018 18:12:43
0,0,0,0,0,0 8/1/2018 18:12:43
0,0,0,0,0,0 8/1/2018 18:12:43
0,0,0,0,0,0 8/1/2018 18:12:43
0,0,0,0,0,0 8/1/2018 18:12:43
0,0,0,0,0,0 8/1/2018 18:12:43
0,0,0,0,0,0 8/1/2018 18:12:43
0,0,0,0,0,0 8/1/2018 18:12:43
0,0,0,0,0,0 8/1/2018 18:12:43
0,0,0,0,0,0 8/1/2018 18:12:43
0,0,0,0,0,0 8/1/2018 18:12:43
0,0,0,0,0,0 8/1/2018 18:12:43
0,0,0,0,0,0 8/1/2018 18:12:43
0,0,6,0,0,0 8/1/2018 18:12:43
0,0,8,0,0,0 8/1/2018 18:12:43
0,0,7,0,0,0 8/1/2018 18:12:43
0,0,8,0,0,0 8/1/2018 18:12:44
0,0,0,0,0,0 8/1/2018 18:12:44
0,0,0,0,0,0 8/1/2018 18:12:44
0,0,2,0,0,0 8/1/2018 18:12:44
0,0,1,0,0,0 8/1/2018 18:12:44
0,0,1,0,0,0 8/1/2018 18:12:44
0,0,0,0,0,0 8/1/2018 18:12:44
0,0,0,0,0,0 8/1/2018 18:12:44
0,0,0,0,0,0 8/1/2018 18:12:44
0,0,6,0,0,0 8/1/2018 18:12:44
0,0,33,0,0,0 8/1/2018 18:12:44
0,0,25,0,0,0 8/1/2018 18:12:44
0,0,24,0,0,0 8/1/2018 18:12:44
0,0,8,0,0,0 8/1/2018 18:12:44
0,0,0,0,0,0 8/1/2018 18:12:44
0,0,0,0,0,0 8/1/2018 18:12:44
0,0,0,0,0,0 8/1/2018 18:12:44
0,0,0,0,0,0 8/1/2018 18:12:44
0,0,11,0,0,0 8/1/2018 18:12:44
0,0,24,0,0,0 8/1/2018 18:12:44
0,0,0,0,0,0 8/1/2018 18:12:44
0,0,0,0,0,0 8/1/2018 18:12:44
0,0,0,0,0,0 8/1/2018 18:12:44
0,0,0,0,0,0 8/1/2018 18:12:45
0,0,3,0,0,0 8/1/2018 18:12:45
0,0,0,0,0,0 8/1/2018 18:12:45
0,0,0,0,0,0 8/1/2018 18:12:45
0,0,0,0,0,0 8/1/2018 18:12:45
0,0,0,0,0,0 8/1/2018 18:12:45
0,0,0,0,0,0 8/1/2018 18:12:45
0,0,0,0,0,0 8/1/2018 18:12:45
0,0,0,0,0,0 8/1/2018 18:12:45
0,0,0,0,0,0 8/1/2018 18:12:45
0,0,0,0,0,0 8/1/2018 18:12:45
0,0,0,0,0,0 8/1/2018 18:12:45
0,0,0,0,0,0 8/1/2018 18:12:45
0,0,0,0,0,0 8/1/2018 18:12:45
0,0,0,0,0,0 8/1/2018 18:12:45
0,0,0,0,0,0 8/1/2018 18:12:45
0,0,0,0,0,0 8/1/2018 18:12:45
0,0,0,0,0,0 8/1/2018 18:12:45
0,0,0,0,0,0 8/1/2018 18:12:45
0,0,0,0,0,0 8/1/2018 18:12:45
0,0,0,0,0,0 8/1/2018 18:12:45
0,0,0,0,0,0 8/1/2018 18:12:45
0,0,0,0,0,0 8/1/2018 18:12:45
0,0,0,0,0,0 8/1/2018 18:12:46
0,0,0,0,0,0 8/1/2018 18:12:46
0,0,0,0,0,0 8/1/2018 18:12:46
0,0,0,0,0,0 8/1/2018 18:12:46
0,0,0,0,0,0 8/1/2018 18:12:46
0,0,0,0,0,0 8/1/2018 18:12:46
0,0,0,0,0,0 8/1/2018 18:12:46
0,0,0,0,0,0 8/1/2018 18:12:46
0,0,0,0,0,0 8/1/2018 18:12:46
0,0,0,0,0,0 8/1/2018 18:12:46
0,0,0,0,0,0 8/1/2018 18:12:46
0,0,0,0,0,0 8/1/2018 18:12:46
0,0,0,0,0,0 8/1/2018 18:12:46
0,0,0,0,0,0 8/1/2018 18:12:46
0,0,0,0,0,0 8/1/2018 18:12:46
0,0,0,0,0,0 8/1/2018 18:12:46
0,0,0,0,0,0 8/1/2018 18:12:46
0,0,0,0,0,0 8/1/2018 18:12:46
0,0,0,0,0,0 8/1/2018 18:12:46
0,0,0,0,0,0 8/1/2018 18:12:46
0,0,0,0,0,0 8/1/2018 18:12:46
0,0,0,0,0,0 8/1/2018 18:12:46
0,0,0,0,0,0 8/1/2018 18:12:47
0,0,0,0,0,0 8/1/2018 18:12:47
0,0,0,0,0,0 8/1/2018 18:12:47
0,0,0,0,0,0 8/1/2018 18:12:47
0,0,0,0,0,0 8/1/2018 18:12:47
0,0,0,0,0,0 8/1/2018 18:12:47
0,0,0,0,0,0 8/1/2018 18:12:47
0,0,0,0,0,0 8/1/2018 18:12:47
0,0,0,0,1,0 8/1/2018 18:12:47
0,0,0,0,0,0 8/1/2018 18:12:47
0,0,0,0,0,0 8/1/2018 18:12:47
0,0,0,0,0,0 8/1/2018 18:12:47
0,0,0,0,0,0 8/1/2018 18:12:47
0,0,0,0,0,0 8/1/2018 18:12:47
0,0,0,0,0,0 8/1/2018 18:12:47
0,0,0,0,0,0 8/1/2018 18:12:47
0,0,0,0,0,0 8/1/2018 18:12:47
0,0,0,0,0,0 8/1/2018 18:12:47
0,0,0,0,0,0 8/1/2018 18:12:47
0,0,0,0,0,0 8/1/2018 18:12:47
0,0,0,0,0,0 8/1/2018 18:12:47
0,0,0,0,0,0 8/1/2018 18:12:47
0,0,0,0,0,0 8/1/2018 18:12:47
0,0,0,0,0,0 8/1/2018 18:12:48
0,0,0,0,0,0 8/1/2018 18:12:48
0,0,0,0,0,0 8/1/2018 18:12:48
0,0,0,0,0,0 8/1/2018 18:12:48
0,0,0,0,0,0 8/1/2018 18:12:48
0,0,0,0,0,0 8/1/2018 18:12:48
0,0,0,0,0,0 8/1/2018 18:12:48
0,0,0,0,0,0 8/1/2018 18:12:48
0,0,0,0,0,0 8/1/2018 18:12:48
0,0,0,0,0,0 8/1/2018 18:12:48
0,0,0,0,0,0 8/1/2018 18:12:48
0,0,0,0,0,0 8/1/2018 18:12:48
0,0,0,0,0,0 8/1/2018 18:12:48
0,0,0,0,0,0 8/1/2018 18:12:48
0,0,0,0,0,0 8/1/2018 18:12:48
0,0,0,0,0,0 8/1/2018 18:12:48
0,0,0,0,0,0 8/1/2018 18:12:48
0,0,0,0,0,0 8/1/2018 18:12:48
0,0,0,0,0,0 8/1/2018 18:12:48
