0,0,0,0,0,0 8/1/2018 18:13:26
0,0,0,0,0,0 8/1/2018 18:13:26
0,0,2,0,0,0 8/1/2018 18:13:26
0,0,1,0,0,0 8/1/2018 18:13:26
0,0,4,0,0,0 8/1/2018 18:13:26
0,0,4,0,0,0 8/1/2018 18:13:26
0,0,0,0,0,0 8/1/2018 18:13:27
0,0,0,0,0,0 8/1/2018 18:13:27
0,0,0,0,0,0 8/1/2018 18:13:27
0,0,0,0,0,0 8/1/2018 18:13:27
0,0,0,0,0,0 8/1/2018 18:13:27
0,0,0,0,0,0 8/1/2018 18:13:27
0,0,0,0,0,0 8/1/2018 18:13:27
0,0,0,0,0,0 8/1/2018 18:13:27
0,0,150,0,0,0 8/1/2018 18:13:27
0,0,0,0,0,0 8/1/2018 18:13:27
0,0,0,0,0,0 8/1/2018 18:13:27
0,0,0,0,0,0 8/1/2018 18:13:27
0,0,0,0,0,0 8/1/2018 18:13:27
0,0,0,0,0,0 8/1/2018 18:13:27
0,0,7,0,0,0 8/1/2018 18:13:27
0,0,12,0,0,0 8/1/2018 18:13:27
0,0,13,0,0,0 8/1/2018 18:13:27
0,0,0,0,0,0 8/1/2018 18:13:27
0,0,0,0,0,0 8/1/2018 18:13:27
0,0,20,0,0,0 8/1/2018 18:13:27
0,0,26,0,0,0 8/1/2018 18:13:27
0,0,27,0,0,0 8/1/2018 18:13:27
0,0,26,0,0,0 8/1/2018 18:13:28
0,0,0,0,0,0 8/1/2018 18:13:28
0,0,0,0,0,0 8/1/2018 18:13:28
0,0,0,0,0,0 8/1/2018 18:13:28
0,0,0,0,0,0 8/1/2018 18:13:28
0,0,0,0,0,0 8/1/2018 18:13:28
0,0,0,0,0,0 8/1/2018 18:13:28
0,0,0,0,0,0 8/1/2018 18:13:28
0,0,0,0,0,0 8/1/2018 18:13:28
0,0,0,0,0,0 8/1/2018 18:13:28
0,0,10,0,0,0 8/1/2018 18:13:28
0,0,41,0,0,0 8/1/2018 18:13:28
0,0,41,0,0,0 8/1/2018 18:13:28
0,0,36,0,0,0 8/1/2018 18:13:28
0,0,35,0,0,0 8/1/2018 18:13:28
0,0,40,0,0,0 8/1/2018 18:13:28
0,0,0,0,0,0 8/1/2018 18:13:28
0,0,6,0,0,0 8/1/2018 18:13:28
0,0,8,0,0,0 8/1/2018 18:13:28
0,0,0,0,0,0 8/1/2018 18:13:28
0,0,0,0,0,0 8/1/2018 18:13:28
0,0,0,0,0,0 8/1/2018 18:13:28
0,0,0,0,0,0 8/1/2018 18:13:28
0,0,0,0,0,0 8/1/2018 18:13:29
0,0,0,0,0,0 8/1/2018 18:13:29
0,0,0,0,0,0 8/1/2018 18:13:29
0,0,0,0,0,0 8/1/2018 18:13:29
0,0,0,0,0,0 8/1/2018 18:13:29
0,0,0,0,0,0 8/1/2018 18:13:29
0,0,0,0,0,0 8/1/2018 18:13:29
0,0,12,0,0,0 8/1/2018 18:13:29
0,0,13,0,0,0 8/1/2018 18:13:29
0,0,43,0,0,0 8/1/2018 18:13:29
0,0,43,0,0,0 8/1/2018 18:13:29
0,0,46,0,0,0 8/1/2018 18:13:29
0,0,48,0,0,0 8/1/2018 18:13:29
0,0,15,0,0,0 8/1/2018 18:13:29
0,0,45,0,0,0 8/1/2018 18:13:29
0,0,44,0,0,0 8/1/2018 18:13:29
0,0,44,0,0,0 8/1/2018 18:13:29
0,0,46,0,0,0 8/1/2018 18:13:29
0,0,49,0,0,0 8/1/2018 18:13:29
0,0,0,0,0,0 8/1/2018 18:13:29
0,0,13,0,0,0 8/1/2018 18:13:29
0,0,0,0,0,0 8/1/2018 18:13:29
0,0,0,0,0,0 8/1/2018 18:13:29
0,0,0,0,0,0 8/1/2018 18:13:30
0,0,0,0,0,0 8/1/2018 18:13:30
0,0,11,0,0,0 8/1/2018 18:13:30
0,0,13,0,0,0 8/1/2018 18:13:30
0,0,0,0,0,0 8/1/2018 18:13:30
0,0,0,0,0,0 8/1/2018 18:13:30
0,0,0,0,0,0 8/1/2018 18:13:30
0,0,0,0,0,0 8/1/2018 18:13:30
0,0,0,0,0,0 8/1/2018 18:13:30
0,0,9,0,0,0 8/1/2018 18:13:30
0,0,29,0,0,0 8/1/2018 18:13:30
0,0,71,0,0,0 8/1/2018 18:13:30
0,0,93,0,0,0 8/1/2018 18:13:30
0,0,79,0,0,0 8/1/2018 18:13:30
0,0,26,0,0,0 8/1/2018 18:13:30
0,0,2,0,0,0 8/1/2018 18:13:30
0,0,23,0,0,0 8/1/2018 18:13:30
0,0,52,0,0,0 8/1/2018 18:13:30
0,0,23,0,0,0 8/1/2018 18:13:30
0,0,26,0,1,0 8/1/2018 18:13:30
0,0,48,0,0,0 8/1/2018 18:13:30
0,0,45,0,0,0 8/1/2018 18:13:30
0,0,49,0,0,0 8/1/2018 18:13:30
0,0,39,0,0,0 8/1/2018 18:13:31
0,0,36,0,0,0 8/1/2018 18:13:31
0,0,37,0,0,0 8/1/2018 18:13:31
0,0,36,0,0,0 8/1/2018 18:13:31
0,0,36,0,0,0 8/1/2018 18:13:31
0,0,37,0,0,0 8/1/2018 18:13:31
0,0,12,0,0,0 8/1/2018 18:13:31
0,0,0,0,0,0 8/1/2018 18:13:31
0,0,0,0,0,0 8/1/2018 18:13:31
0,0,0,0,0,0 8/1/2018 18:13:31
0,0,0,0,0,0 8/1/2018 18:13:31
0,0,0,0,0,0 8/1/2018 18:13:31
0,0,0,0,0,0 8/1/2018 18:13:31
0,0,0,0,0,0 8/1/2018 18:13:31
0,0,0,0,0,0 8/1/2018 18:13:31
0,0,0,0,0,0 8/1/2018 18:13:31
0,0,0,0,0,0 8/1/2018 18:13:31
0,0,0,0,0,0 8/1/2018 18:13:31
0,0,0,0,0,0 8/1/2018 18:13:31
0,0,18,0,0,0 8/1/2018 18:13:31
0,0,22,0,0,0 8/1/2018 18:13:31
0,0,43,0,0,0 8/1/2018 18:13:31
0,0,18,0,0,0 8/1/2018 18:13:32
0,0,4,0,0,0 8/1/2018 18:13:32
0,0,0,0,0,0 8/1/2018 18:13:32
0,0,0,0,0,0 8/1/2018 18:13:32
0,0,0,0,0,0 8/1/2018 18:13:32
0,0,0,0,0,0 8/1/2018 18:13:32
0,0,0,0,0,0 8/1/2018 18:13:32
0,0,0,0,0,0 8/1/2018 18:13:32
0,0,0,0,0,0 8/1/2018 18:13:32
0,0,0,0,0,0 8/1/2018 18:13:32
0,0,0,0,0,0 8/1/2018 18:13:32
0,0,0,0,0,0 8/1/2018 18:13:32
0,0,0,0,0,0 8/1/2018 18:13:32
0,0,0,0,0,0 8/1/2018 18:13:32
0,0,0,0,0,0 8/1/2018 18:13:32
0,0,0,0,0,0 8/1/2018 18:13:32
0,0,0,0,0,0 8/1/2018 18:13:32
0,0,0,0,0,0 8/1/2018 18:13:32
0,0,0,0,0,0 8/1/2018 18:13:32
0,0,0,0,0,0 8/1/2018 18:13:32
0,0,0,0,0,0 8/1/2018 18:13:32
0,0,0,0,0,0 8/1/2018 18:13:32
0,0,0,0,0,0 8/1/2018 18:13:32
0,0,0,0,0,0 8/1/2018 18:13:33
0,0,0,0,0,0 8/1/2018 18:13:33
0,0,0,0,0,0 8/1/2018 18:13:33
0,0,0,0,0,0 8/1/2018 18:13:33
0,0,0,0,0,0 8/1/2018 18:13:33
0,0,0,0,0,0 8/1/2018 18:13:33
0,0,0,0,0,0 8/1/2018 18:13:33
0,0,0,0,0,0 8/1/2018 18:13:33
0,0,0,0,0,0 8/1/2018 18:13:33
0,0,0,0,0,0 8/1/2018 18:13:33
0,0,0,0,0,0 8/1/2018 18:13:33
0,0,0,0,0,0 8/1/2018 18:13:33
0,0,0,0,0,0 8/1/2018 18:13:33
0,0,0,0,0,0 8/1/2018 18:13:33
0,0,0,0,0,0 8/1/2018 18:13:33
0,0,0,0,0,0 8/1/2018 18:13:33
0,0,0,0,0,0 8/1/2018 18:13:33
0,0,0,0,0,0 8/1/2018 18:13:33
0,0,0,0,0,0 8/1/2018 18:13:33
0,0,11,0,0,0 8/1/2018 18:13:33
0,0,0,0,0,0 8/1/2018 18:13:33
0,0,0,0,0,0 8/1/2018 18:13:33
0,0,0,0,0,0 8/1/2018 18:13:33
0,0,0,0,0,0 8/1/2018 18:13:34
0,0,0,0,0,0 8/1/2018 18:13:34
0,0,0,0,0,0 8/1/2018 18:13:34
0,0,0,0,0,0 8/1/2018 18:13:34
0,0,0,0,0,0 8/1/2018 18:13:34
0,0,0,0,0,0 8/1/2018 18:13:34
0,0,1,0,0,0 8/1/2018 18:13:34
0,0,0,0,0,0 8/1/2018 18:13:34
0,0,11,0,0,0 8/1/2018 18:13:34
0,0,0,0,0,0 8/1/2018 18:13:34
0,0,0,0,0,0 8/1/2018 18:13:34
0,0,0,0,0,0 8/1/2018 18:13:34
0,0,0,0,0,0 8/1/2018 18:13:34
0,0,0,0,0,0 8/1/2018 18:13:34
0,0,1,0,0,0 8/1/2018 18:13:34
0,0,0,0,0,0 8/1/2018 18:13:34
0,0,0,0,0,0 8/1/2018 18:13:34
0,0,0,0,0,0 8/1/2018 18:13:34
0,0,0,0,0,0 8/1/2018 18:13:34
0,0,0,0,0,0 8/1/2018 18:13:34
0,0,0,0,0,0 8/1/2018 18:13:34
0,0,0,0,0,0 8/1/2018 18:13:34
0,0,0,0,0,0 8/1/2018 18:13:35
0,0,0,0,0,0 8/1/2018 18:13:35
0,0,0,0,0,0 8/1/2018 18:13:35
0,0,0,0,0,0 8/1/2018 18:13:35
0,0,0,0,0,0 8/1/2018 18:13:35
0,0,2,0,0,0 8/1/2018 18:13:35
0,0,2,0,0,0 8/1/2018 18:13:35
0,0,0,0,0,0 8/1/2018 18:13:35
0,0,0,0,0,0 8/1/2018 18:13:35
0,0,0,0,0,0 8/1/2018 18:13:35
0,0,0,0,0,0 8/1/2018 18:13:35
0,0,0,0,0,0 8/1/2018 18:13:35
0,0,0,0,0,0 8/1/2018 18:13:35
0,0,12,0,0,0 8/1/2018 18:13:35
0,0,1,0,0,0 8/1/2018 18:13:35
0,0,0,0,0,0 8/1/2018 18:13:35
0,0,0,0,0,0 8/1/2018 18:13:35
0,0,0,0,0,0 8/1/2018 18:13:35
0,0,0,0,0,0 8/1/2018 18:13:35
0,0,0,0,0,0 8/1/2018 18:13:35
0,0,0,0,0,0 8/1/2018 18:13:35
0,0,0,0,0,0 8/1/2018 18:13:35
0,0,4,0,0,0 8/1/2018 18:13:35
0,0,5,0,0,0 8/1/2018 18:13:36
0,0,0,0,0,0 8/1/2018 18:13:36
0,0,0,0,0,0 8/1/2018 18:13:36
0,0,10,0,0,0 8/1/2018 18:13:36
0,0,36,0,0,0 8/1/2018 18:13:36
0,0,38,0,0,0 8/1/2018 18:13:36
0,0,42,0,0,0 8/1/2018 18:13:36
0,0,36,0,0,0 8/1/2018 18:13:36
0,0,0,0,0,0 8/1/2018 18:13:36
0,0,0,0,0,0 8/1/2018 18:13:36
0,0,0,0,0,0 8/1/2018 18:13:36
0,0,0,0,0,0 8/1/2018 18:13:36
0,0,0,0,0,0 8/1/2018 18:13:36
0,0,43,0,0,0 8/1/2018 18:13:36
0,0,0,0,0,0 8/1/2018 18:13:36
0,0,0,0,0,0 8/1/2018 18:13:36
0,0,0,0,0,0 8/1/2018 18:13:36
0,0,0,0,0,0 8/1/2018 18:13:36
0,0,0,0,0,0 8/1/2018 18:13:36
0,0,0,0,0,0 8/1/2018 18:13:36
0,0,0,0,0,0 8/1/2018 18:13:36
0,0,0,0,0,0 8/1/2018 18:13:36
0,0,0,0,0,0 8/1/2018 18:13:36
0,0,0,0,0,0 8/1/2018 18:13:37
0,0,0,0,0,0 8/1/2018 18:13:37
0,0,0,0,0,0 8/1/2018 18:13:37
0,0,0,0,0,0 8/1/2018 18:13:37
0,0,0,0,0,0 8/1/2018 18:13:37
0,0,0,0,0,0 8/1/2018 18:13:37
0,0,0,0,0,0 8/1/2018 18:13:37
0,0,0,0,0,0 8/1/2018 18:13:37
0,0,9,28,0,0 8/1/2018 18:13:37
0,0,35,62,0,0 8/1/2018 18:13:37
0,0,38,55,0,0 8/1/2018 18:13:37
0,0,37,39,0,0 8/1/2018 18:13:37
0,0,0,55,0,0 8/1/2018 18:13:37
0,0,0,77,0,0 8/1/2018 18:13:37
0,0,0,149,0,0 8/1/2018 18:13:37
0,0,0,236,0,0 8/1/2018 18:13:37
0,0,0,260,0,0 8/1/2018 18:13:37
