0,0,0,0,0,0 8/1/2018 18:14:16
0,0,0,0,0,0 8/1/2018 18:14:16
0,0,0,0,0,0 8/1/2018 18:14:16
0,0,0,0,0,0 8/1/2018 18:14:16
0,0,0,0,0,0 8/1/2018 18:14:16
0,0,0,0,0,0 8/1/2018 18:14:16
0,0,0,0,0,0 8/1/2018 18:14:16
0,0,0,0,0,0 8/1/2018 18:14:16
0,0,0,0,0,0 8/1/2018 18:14:16
0,0,0,0,0,0 8/1/2018 18:14:16
0,0,0,0,0,0 8/1/2018 18:14:16
0,0,0,0,0,0 8/1/2018 18:14:16
0,0,0,0,0,0 8/1/2018 18:14:16
0,0,0,0,0,0 8/1/2018 18:14:17
0,0,0,0,0,0 8/1/2018 18:14:17
0,0,0,0,0,0 8/1/2018 18:14:17
0,0,0,0,0,0 8/1/2018 18:14:17
0,0,0,0,0,0 8/1/2018 18:14:17
0,0,0,0,0,0 8/1/2018 18:14:17
0,0,0,0,0,0 8/1/2018 18:14:17
0,0,0,0,0,0 8/1/2018 18:14:17
0,0,0,0,0,0 8/1/2018 18:14:17
0,0,0,0,0,0 8/1/2018 18:14:17
0,0,0,0,0,0 8/1/2018 18:14:17
0,0,0,0,0,0 8/1/2018 18:14:17
0,0,0,0,0,0 8/1/2018 18:14:17
0,0,0,0,0,0 8/1/2018 18:14:17
0,0,0,0,0,0 8/1/2018 18:14:17
0,0,0,0,0,0 8/1/2018 18:14:17
0,0,0,0,0,0 8/1/2018 18:14:17
0,0,0,0,0,0 8/1/2018 18:14:17
0,0,0,0,0,0 8/1/2018 18:14:17
0,0,0,0,0,0 8/1/2018 18:14:17
0,0,0,0,0,0 8/1/2018 18:14:17
0,0,0,0,0,0 8/1/2018 18:14:17
0,0,0,0,0,0 8/1/2018 18:14:17
0,0,0,0,0,0 8/1/2018 18:14:18
0,0,0,0,0,0 8/1/2018 18:14:18
0,0,0,0,0,0 8/1/2018 18:14:18
0,0,0,0,0,0 8/1/2018 18:14:18
0,0,0,0,0,0 8/1/2018 18:14:18
0,0,0,0,0,0 8/1/2018 18:14:18
0,0,0,0,0,0 8/1/2018 18:14:18
0,0,0,0,0,0 8/1/2018 18:14:18
0,0,0,0,0,0 8/1/2018 18:14:18
0,0,0,0,0,0 8/1/2018 18:14:18
0,0,0,0,0,0 8/1/2018 18:14:18
0,0,0,0,0,0 8/1/2018 18:14:18
0,0,0,0,0,0 8/1/2018 18:14:18
0,0,0,0,0,0 8/1/2018 18:14:18
0,0,0,0,0,0 8/1/2018 18:14:18
0,0,0,0,0,0 8/1/2018 18:14:18
0,0,0,0,0,0 8/1/2018 18:14:18
0,0,0,0,0,0 8/1/2018 18:14:18
0,0,0,0,0,0 8/1/2018 18:14:18
0,0,0,0,0,0 8/1/2018 18:14:18
0,0,0,0,0,0 8/1/2018 18:14:18
0,0,0,0,0,0 8/1/2018 18:14:18
0,0,0,0,0,0 8/1/2018 18:14:19
0,0,0,0,0,0 8/1/2018 18:14:19
0,0,0,0,0,0 8/1/2018 18:14:19
0,0,0,0,0,0 8/1/2018 18:14:19
0,0,0,0,0,0 8/1/2018 18:14:19
0,0,0,0,0,0 8/1/2018 18:14:19
0,0,0,0,0,0 8/1/2018 18:14:19
0,0,0,0,0,0 8/1/2018 18:14:19
0,0,0,0,0,0 8/1/2018 18:14:19
0,0,0,0,0,0 8/1/2018 18:14:19
0,0,0,0,0,0 8/1/2018 18:14:19
0,0,0,0,0,0 8/1/2018 18:14:19
0,0,0,0,0,0 8/1/2018 18:14:19
0,0,0,0,0,0 8/1/2018 18:14:19
0,0,0,0,0,0 8/1/2018 18:14:19
0,0,0,0,0,0 8/1/2018 18:14:19
0,0,0,0,0,0 8/1/2018 18:14:19
0,0,0,0,0,0 8/1/2018 18:14:19
0,0,0,0,0,0 8/1/2018 18:14:19
0,0,0,0,0,0 8/1/2018 18:14:19
0,0,0,0,0,0 8/1/2018 18:14:19
0,0,0,0,0,0 8/1/2018 18:14:19
0,0,0,0,0,0 8/1/2018 18:14:19
0,0,0,0,0,0 8/1/2018 18:14:20
0,0,0,0,0,0 8/1/2018 18:14:20
0,0,0,0,0,0 8/1/2018 18:14:20
0,0,0,0,0,0 8/1/2018 18:14:20
0,0,0,0,0,0 8/1/2018 18:14:20
0,0,0,0,0,0 8/1/2018 18:14:20
0,0,0,0,0,0 8/1/2018 18:14:20
0,0,0,0,0,0 8/1/2018 18:14:20
0,0,0,0,0,0 8/1/2018 18:14:20
0,0,0,0,0,0 8/1/2018 18:14:20
0,0,0,0,0,0 8/1/2018 18:14:20
0,0,0,0,0,0 8/1/2018 18:14:20
0,0,0,0,0,0 8/1/2018 18:14:20
0,0,0,0,0,0 8/1/2018 18:14:20
0,0,0,0,0,0 8/1/2018 18:14:20
0,0,0,0,0,0 8/1/2018 18:14:20
0,0,0,0,0,0 8/1/2018 18:14:20
0,0,0,0,0,0 8/1/2018 18:14:20
0,0,0,0,0,0 8/1/2018 18:14:20
0,0,0,0,0,0 8/1/2018 18:14:20
0,0,0,0,0,0 8/1/2018 18:14:20
0,0,0,0,0,0 8/1/2018 18:14:20
0,0,0,0,0,0 8/1/2018 18:14:20
0,0,0,0,0,0 8/1/2018 18:14:21
0,0,0,0,0,0 8/1/2018 18:14:21
0,0,0,0,0,0 8/1/2018 18:14:21
0,0,0,0,0,0 8/1/2018 18:14:21
0,0,0,0,0,0 8/1/2018 18:14:21
0,0,0,0,0,0 8/1/2018 18:14:21
0,0,0,0,0,0 8/1/2018 18:14:21
0,0,0,0,0,0 8/1/2018 18:14:21
0,0,0,0,0,0 8/1/2018 18:14:21
0,0,0,0,0,0 8/1/2018 18:14:21
0,0,0,0,0,0 8/1/2018 18:14:21
0,0,0,0,0,0 8/1/2018 18:14:21
0,0,0,0,0,0 8/1/2018 18:14:21
0,0,0,0,0,0 8/1/2018 18:14:21
0,0,0,0,0,0 8/1/2018 18:14:21
0,0,0,0,0,0 8/1/2018 18:14:21
0,0,0,0,0,0 8/1/2018 18:14:21
0,0,0,0,0,0 8/1/2018 18:14:21
0,0,0,0,0,0 8/1/2018 18:14:21
0,0,0,0,0,0 8/1/2018 18:14:21
0,0,0,0,0,0 8/1/2018 18:14:21
0,0,0,0,0,0 8/1/2018 18:14:21
0,0,0,0,0,0 8/1/2018 18:14:21
0,0,0,0,0,0 8/1/2018 18:14:22
0,0,0,0,0,0 8/1/2018 18:14:22
0,0,0,0,0,0 8/1/2018 18:14:22
0,0,0,0,0,0 8/1/2018 18:14:22
0,0,0,0,0,0 8/1/2018 18:14:22
0,0,0,0,0,0 8/1/2018 18:14:22
0,0,0,0,0,0 8/1/2018 18:14:22
0,0,0,0,0,0 8/1/2018 18:14:22
0,0,0,0,0,0 8/1/2018 18:14:22
0,0,0,0,0,0 8/1/2018 18:14:22
0,0,0,0,0,0 8/1/2018 18:14:22
0,0,0,0,0,0 8/1/2018 18:14:22
0,0,0,0,0,0 8/1/2018 18:14:22
0,0,0,0,0,0 8/1/2018 18:14:22
0,0,0,0,0,0 8/1/2018 18:14:22
0,0,0,0,0,0 8/1/2018 18:14:22
0,0,0,0,0,0 8/1/2018 18:14:22
0,0,0,0,0,0 8/1/2018 18:14:22
0,0,50,0,0,0 8/1/2018 18:14:22
0,0,171,0,0,0 8/1/2018 18:14:22
0,0,233,0,0,0 8/1/2018 18:14:22
0,0,258,0,0,0 8/1/2018 18:14:22
0,0,300,0,0,0 8/1/2018 18:14:23
0,0,322,0,0,0 8/1/2018 18:14:23
0,0,322,0,0,0 8/1/2018 18:14:23
0,0,323,0,0,0 8/1/2018 18:14:23
0,0,332,0,0,0 8/1/2018 18:14:23
0,0,368,0,0,0 8/1/2018 18:14:23
0,0,402,0,0,0 8/1/2018 18:14:23
0,0,405,0,0,0 8/1/2018 18:14:23
0,0,421,0,0,0 8/1/2018 18:14:23
0,0,415,0,0,0 8/1/2018 18:14:23
0,0,415,0,0,0 8/1/2018 18:14:23
0,0,414,0,0,0 8/1/2018 18:14:23
0,0,407,0,0,0 8/1/2018 18:14:23
0,0,359,0,0,0 8/1/2018 18:14:23
0,0,357,0,0,0 8/1/2018 18:14:23
0,0,349,0,0,0 8/1/2018 18:14:23
0,0,311,0,0,0 8/1/2018 18:14:23
0,0,291,0,0,0 8/1/2018 18:14:23
0,0,282,0,0,0 8/1/2018 18:14:23
0,0,295,0,0,0 8/1/2018 18:14:23
0,0,290,0,0,0 8/1/2018 18:14:23
0,0,242,0,0,0 8/1/2018 18:14:23
0,0,220,0,0,0 8/1/2018 18:14:23
0,0,206,0,0,0 8/1/2018 18:14:24
0,0,160,0,0,0 8/1/2018 18:14:24
0,0,147,0,0,0 8/1/2018 18:14:24
0,0,164,0,0,0 8/1/2018 18:14:24
0,0,156,0,0,0 8/1/2018 18:14:24
0,0,180,0,0,0 8/1/2018 18:14:24
0,0,200,0,0,0 8/1/2018 18:14:24
0,0,207,0,0,0 8/1/2018 18:14:24
0,0,206,0,0,0 8/1/2018 18:14:24
0,0,194,0,0,0 8/1/2018 18:14:24
0,0,182,0,0,0 8/1/2018 18:14:24
0,0,189,0,0,0 8/1/2018 18:14:24
0,0,234,0,0,0 8/1/2018 18:14:24
0,0,241,0,0,0 8/1/2018 18:14:24
0,0,239,0,0,0 8/1/2018 18:14:24
0,0,257,0,0,0 8/1/2018 18:14:24
0,0,278,0,0,0 8/1/2018 18:14:24
0,0,300,0,0,0 8/1/2018 18:14:24
0,0,331,0,0,0 8/1/2018 18:14:24
0,0,346,0,0,0 8/1/2018 18:14:24
0,0,356,0,0,0 8/1/2018 18:14:24
0,0,351,0,0,0 8/1/2018 18:14:24
0,0,364,0,0,0 8/1/2018 18:14:24
0,0,375,0,0,0 8/1/2018 18:14:25
0,0,384,0,0,0 8/1/2018 18:14:25
0,0,373,0,0,0 8/1/2018 18:14:25
0,0,367,0,0,0 8/1/2018 18:14:25
0,0,369,0,0,0 8/1/2018 18:14:25
0,0,370,0,0,0 8/1/2018 18:14:25
0,0,374,0,0,0 8/1/2018 18:14:25
0,0,372,0,0,0 8/1/2018 18:14:25
0,0,364,0,0,0 8/1/2018 18:14:25
0,0,348,0,0,0 8/1/2018 18:14:25
0,0,346,0,0,0 8/1/2018 18:14:25
0,0,345,0,0,0 8/1/2018 18:14:25
0,0,349,0,0,0 8/1/2018 18:14:25
0,0,343,0,0,0 8/1/2018 18:14:25
0,0,314,0,0,0 8/1/2018 18:14:25
0,0,290,0,0,0 8/1/2018 18:14:25
0,0,261,0,0,0 8/1/2018 18:14:25
0,0,233,0,0,0 8/1/2018 18:14:25
0,0,212,0,0,0 8/1/2018 18:14:25
0,0,182,0,0,0 8/1/2018 18:14:25
0,0,187,0,0,0 8/1/2018 18:14:25
0,0,167,0,0,0 8/1/2018 18:14:25
0,0,198,0,0,0 8/1/2018 18:14:26
0,0,217,0,0,0 8/1/2018 18:14:26
0,0,234,0,0,0 8/1/2018 18:14:26
0,0,235,0,0,0 8/1/2018 18:14:26
0,0,241,0,0,0 8/1/2018 18:14:26
0,0,249,0,0,0 8/1/2018 18:14:26
0,0,253,0,0,0 8/1/2018 18:14:26
0,0,265,0,0,0 8/1/2018 18:14:26
0,0,270,0,0,0 8/1/2018 18:14:26
0,0,277,0,0,0 8/1/2018 18:14:26
0,0,273,0,0,0 8/1/2018 18:14:26
0,0,263,0,0,0 8/1/2018 18:14:26
0,0,252,0,0,0 8/1/2018 18:14:26
0,0,268,0,0,0 8/1/2018 18:14:26
0,0,267,0,0,0 8/1/2018 18:14:26
0,0,319,0,0,0 8/1/2018 18:14:26
0,0,334,0,0,0 8/1/2018 18:14:26
0,0,369,0,0,0 8/1/2018 18:14:26
0,0,398,0,0,0 8/1/2018 18:14:26
0,0,424,0,0,0 8/1/2018 18:14:26
0,0,392,0,0,0 8/1/2018 18:14:26
0,0,394,0,0,0 8/1/2018 18:14:26
0,0,405,0,0,0 8/1/2018 18:14:26
0,0,413,0,0,0 8/1/2018 18:14:27
0,0,425,0,0,0 8/1/2018 18:14:27
0,0,423,0,0,0 8/1/2018 18:14:27
0,0,421,0,0,0 8/1/2018 18:14:27
0,0,414,0,0,0 8/1/2018 18:14:27
0,0,419,0,0,0 8/1/2018 18:14:27
0,0,396,0,0,0 8/1/2018 18:14:27
0,0,379,0,0,0 8/1/2018 18:14:27
0,0,346,0,0,0 8/1/2018 18:14:27
0,0,326,0,0,0 8/1/2018 18:14:27
0,0,318,0,0,0 8/1/2018 18:14:27
0,0,319,0,0,0 8/1/2018 18:14:27
0,0,304,0,0,0 8/1/2018 18:14:27
0,0,313,0,0,0 8/1/2018 18:14:27
0,0,247,0,0,0 8/1/2018 18:14:27
0,0,217,0,0,0 8/1/2018 18:14:27
0,0,212,0,0,0 8/1/2018 18:14:27
0,0,204,0,0,0 8/1/2018 18:14:27
0,0,214,0,0,0 8/1/2018 18:14:27
0,0,221,0,0,0 8/1/2018 18:14:27
0,0,223,0,0,0 8/1/2018 18:14:27
0,0,218,0,0,0 8/1/2018 18:14:27
0,0,231,0,0,0 8/1/2018 18:14:27
0,0,230,0,0,0 8/1/2018 18:14:28
0,0,240,0,0,0 8/1/2018 18:14:28
0,0,242,0,0,0 8/1/2018 18:14:28
0,0,244,0,0,0 8/1/2018 18:14:28
0,0,259,0,0,0 8/1/2018 18:14:28
0,0,242,0,0,0 8/1/2018 18:14:28
0,0,241,0,0,0 8/1/2018 18:14:28
0,0,246,0,0,0 8/1/2018 18:14:28
0,0,247,0,0,0 8/1/2018 18:14:28
0,0,309,0,0,0 8/1/2018 18:14:28
0,0,313,0,0,0 8/1/2018 18:14:28
0,0,333,0,0,0 8/1/2018 18:14:28
0,0,344,0,0,0 8/1/2018 18:14:28
0,0,357,0,0,0 8/1/2018 18:14:28
0,0,349,0,0,0 8/1/2018 18:14:28
0,0,329,0,0,0 8/1/2018 18:14:28
0,0,298,0,0,0 8/1/2018 18:14:28
0,0,264,0,0,0 8/1/2018 18:14:28
0,0,241,0,0,0 8/1/2018 18:14:28
0,0,211,0,0,0 8/1/2018 18:14:28
0,0,207,0,0,0 8/1/2018 18:14:28
0,0,169,0,0,0 8/1/2018 18:14:28
0,0,144,0,0,0 8/1/2018 18:14:28
