0,0,0,0,0,0 8/1/2018 18:15:0
0,0,0,0,0,0 8/1/2018 18:15:0
0,0,0,0,0,0 8/1/2018 18:15:0
0,0,0,0,0,0 8/1/2018 18:15:0
0,0,0,0,0,0 8/1/2018 18:15:0
0,0,0,0,0,0 8/1/2018 18:15:0
0,0,0,0,0,0 8/1/2018 18:15:0
0,0,0,0,0,0 8/1/2018 18:15:0
0,0,0,0,0,0 8/1/2018 18:15:0
0,0,0,0,0,0 8/1/2018 18:15:0
0,0,20,0,0,0 8/1/2018 18:15:0
0,0,0,0,0,0 8/1/2018 18:15:0
0,0,0,0,0,0 8/1/2018 18:15:1
0,0,0,0,0,0 8/1/2018 18:15:1
0,0,0,0,0,0 8/1/2018 18:15:1
0,0,0,0,0,0 8/1/2018 18:15:1
0,0,0,0,0,0 8/1/2018 18:15:1
0,0,0,0,0,0 8/1/2018 18:15:1
0,0,0,0,0,0 8/1/2018 18:15:1
0,0,0,0,0,0 8/1/2018 18:15:1
0,0,0,0,0,0 8/1/2018 18:15:1
0,0,0,0,0,0 8/1/2018 18:15:1
0,0,0,0,0,0 8/1/2018 18:15:1
0,0,0,0,0,0 8/1/2018 18:15:1
0,0,0,0,0,0 8/1/2018 18:15:1
0,0,0,0,0,0 8/1/2018 18:15:1
0,0,0,8,0,0 8/1/2018 18:15:1
0,0,0,11,0,0 8/1/2018 18:15:1
0,0,0,13,0,0 8/1/2018 18:15:1
0,0,0,0,0,0 8/1/2018 18:15:1
0,0,0,0,0,0 8/1/2018 18:15:1
0,0,0,0,0,0 8/1/2018 18:15:1
0,0,0,0,0,0 8/1/2018 18:15:1
0,0,0,0,0,0 8/1/2018 18:15:1
0,0,0,0,0,0 8/1/2018 18:15:2
0,0,0,1,0,0 8/1/2018 18:15:2
0,0,0,23,0,0 8/1/2018 18:15:2
0,0,0,23,0,0 8/1/2018 18:15:2
0,0,0,0,0,0 8/1/2018 18:15:2
0,0,0,0,0,0 8/1/2018 18:15:2
0,0,0,0,0,0 8/1/2018 18:15:2
0,0,0,0,0,0 8/1/2018 18:15:2
0,0,0,0,0,0 8/1/2018 18:15:2
0,0,0,0,0,0 8/1/2018 18:15:2
0,0,0,0,0,0 8/1/2018 18:15:2
0,0,0,0,0,0 8/1/2018 18:15:2
0,0,0,0,0,0 8/1/2018 18:15:2
0,0,0,0,0,0 8/1/2018 18:15:2
0,0,0,0,0,0 8/1/2018 18:15:2
0,0,0,0,0,0 8/1/2018 18:15:2
0,0,0,0,0,0 8/1/2018 18:15:2
0,0,0,0,0,0 8/1/2018 18:15:2
0,0,0,0,0,0 8/1/2018 18:15:2
0,0,0,0,0,0 8/1/2018 18:15:2
0,0,0,0,0,0 8/1/2018 18:15:2
0,0,0,0,0,0 8/1/2018 18:15:2
0,0,0,0,0,0 8/1/2018 18:15:2
0,0,0,0,0,0 8/1/2018 18:15:3
0,0,0,0,0,0 8/1/2018 18:15:3
0,0,0,0,0,0 8/1/2018 18:15:3
0,0,0,0,0,0 8/1/2018 18:15:3
0,0,0,0,0,0 8/1/2018 18:15:3
0,0,0,0,0,0 8/1/2018 18:15:3
0,0,0,0,0,0 8/1/2018 18:15:3
0,0,0,0,0,0 8/1/2018 18:15:3
0,0,0,0,0,0 8/1/2018 18:15:3
0,0,0,0,0,0 8/1/2018 18:15:3
0,0,0,0,0,0 8/1/2018 18:15:3
0,0,0,0,0,0 8/1/2018 18:15:3
0,0,0,0,0,0 8/1/2018 18:15:3
0,0,0,0,0,0 8/1/2018 18:15:3
0,0,0,0,0,0 8/1/2018 18:15:3
0,0,0,0,0,0 8/1/2018 18:15:3
0,0,0,0,0,0 8/1/2018 18:15:3
0,0,0,0,0,0 8/1/2018 18:15:3
0,0,0,0,0,0 8/1/2018 18:15:3
0,0,0,0,0,0 8/1/2018 18:15:3
0,0,0,0,0,0 8/1/2018 18:15:3
0,0,0,0,0,0 8/1/2018 18:15:3
0,0,0,0,0,0 8/1/2018 18:15:3
0,0,0,0,0,0 8/1/2018 18:15:4
0,0,0,0,0,0 8/1/2018 18:15:4
0,0,0,0,0,0 8/1/2018 18:15:4
0,0,0,0,0,0 8/1/2018 18:15:4
0,0,0,0,0,0 8/1/2018 18:15:4
0,0,0,0,0,0 8/1/2018 18:15:4
0,0,0,0,0,0 8/1/2018 18:15:4
0,0,9,0,0,0 8/1/2018 18:15:4
0,0,13,0,0,0 8/1/2018 18:15:4
0,0,0,0,0,0 8/1/2018 18:15:4
0,0,0,0,0,0 8/1/2018 18:15:4
0,0,0,0,0,0 8/1/2018 18:15:4
0,0,0,0,0,0 8/1/2018 18:15:4
0,0,0,0,0,0 8/1/2018 18:15:4
0,0,0,0,0,0 8/1/2018 18:15:4
0,0,0,0,0,0 8/1/2018 18:15:4
0,0,0,0,0,0 8/1/2018 18:15:4
0,0,0,0,0,0 8/1/2018 18:15:4
0,0,0,0,0,0 8/1/2018 18:15:4
0,0,0,0,0,0 8/1/2018 18:15:4
0,0,0,0,0,0 8/1/2018 18:15:4
0,0,0,0,0,0 8/1/2018 18:15:4
0,0,0,0,0,0 8/1/2018 18:15:4
0,0,0,0,0,0 8/1/2018 18:15:5
0,0,0,0,0,0 8/1/2018 18:15:5
0,0,0,0,0,0 8/1/2018 18:15:5
0,0,0,0,0,0 8/1/2018 18:15:5
0,0,0,0,0,0 8/1/2018 18:15:5
0,0,0,0,0,0 8/1/2018 18:15:5
0,0,0,0,0,0 8/1/2018 18:15:5
0,0,0,0,0,0 8/1/2018 18:15:5
0,0,0,0,0,0 8/1/2018 18:15:5
0,0,0,0,0,0 8/1/2018 18:15:5
0,0,0,0,0,0 8/1/2018 18:15:5
0,0,0,0,0,0 8/1/2018 18:15:5
0,0,0,0,0,0 8/1/2018 18:15:5
0,0,0,0,0,0 8/1/2018 18:15:5
0,0,0,0,0,0 8/1/2018 18:15:5
0,0,0,0,0,0 8/1/2018 18:15:5
0,0,0,0,0,0 8/1/2018 18:15:5
0,0,0,0,0,0 8/1/2018 18:15:5
0,0,0,0,0,0 8/1/2018 18:15:5
0,0,0,0,0,0 8/1/2018 18:15:5
0,0,0,0,0,0 8/1/2018 18:15:5
0,0,0,0,0,0 8/1/2018 18:15:5
0,0,0,0,0,0 8/1/2018 18:15:6
0,0,0,0,0,0 8/1/2018 18:15:6
0,0,0,0,0,0 8/1/2018 18:15:6
0,0,0,0,0,0 8/1/2018 18:15:6
0,0,0,0,0,0 8/1/2018 18:15:6
0,0,0,0,0,0 8/1/2018 18:15:6
0,0,0,0,0,0 8/1/2018 18:15:6
0,0,0,0,0,0 8/1/2018 18:15:6
0,0,0,0,0,0 8/1/2018 18:15:6
0,0,0,0,0,0 8/1/2018 18:15:6
0,0,0,0,0,0 8/1/2018 18:15:6
0,0,0,0,0,0 8/1/2018 18:15:6
0,0,0,0,0,0 8/1/2018 18:15:6
0,0,0,72,0,0 8/1/2018 18:15:6
0,0,0,50,0,0 8/1/2018 18:15:6
0,0,0,0,0,0 8/1/2018 18:15:6
0,0,0,0,0,0 8/1/2018 18:15:6
0,0,0,0,0,0 8/1/2018 18:15:6
0,0,0,0,0,0 8/1/2018 18:15:6
0,0,0,0,0,0 8/1/2018 18:15:6
0,0,0,0,0,0 8/1/2018 18:15:6
0,0,0,0,0,0 8/1/2018 18:15:6
0,0,0,0,0,0 8/1/2018 18:15:6
0,0,0,0,0,0 8/1/2018 18:15:7
0,0,0,0,0,0 8/1/2018 18:15:7
0,0,0,0,0,0 8/1/2018 18:15:7
0,0,0,0,0,0 8/1/2018 18:15:7
0,0,0,0,0,0 8/1/2018 18:15:7
0,0,0,0,0,0 8/1/2018 18:15:7
0,0,0,0,0,0 8/1/2018 18:15:7
0,0,0,0,0,0 8/1/2018 18:15:7
0,0,0,0,0,0 8/1/2018 18:15:7
0,0,0,0,0,0 8/1/2018 18:15:7
0,0,0,0,0,0 8/1/2018 18:15:7
0,0,0,0,0,0 8/1/2018 18:15:7
0,0,0,0,0,0 8/1/2018 18:15:7
0,0,0,0,0,0 8/1/2018 18:15:7
0,0,0,0,0,0 8/1/2018 18:15:7
0,0,3,0,0,0 8/1/2018 18:15:7
0,0,6,0,0,0 8/1/2018 18:15:7
0,0,6,0,0,0 8/1/2018 18:15:7
0,0,4,0,0,0 8/1/2018 18:15:7
0,0,5,0,0,0 8/1/2018 18:15:7
0,0,9,0,0,0 8/1/2018 18:15:7
0,0,0,0,0,0 8/1/2018 18:15:7
0,0,0,0,0,0 8/1/2018 18:15:7
0,0,0,0,0,0 8/1/2018 18:15:8
0,0,0,0,0,0 8/1/2018 18:15:8
0,0,0,0,0,0 8/1/2018 18:15:8
0,0,3,0,0,0 8/1/2018 18:15:8
0,0,0,0,0,0 8/1/2018 18:15:8
0,0,2,0,0,0 8/1/2018 18:15:8
0,0,1,0,0,0 8/1/2018 18:15:8
0,0,0,0,0,0 8/1/2018 18:15:8
0,0,0,0,0,0 8/1/2018 18:15:8
0,0,0,0,0,0 8/1/2018 18:15:8
0,0,0,0,0,0 8/1/2018 18:15:8
0,0,0,0,0,0 8/1/2018 18:15:8
0,0,0,0,0,0 8/1/2018 18:15:8
0,0,0,0,0,0 8/1/2018 18:15:8
0,0,0,0,0,0 8/1/2018 18:15:8
0,0,0,0,0,0 8/1/2018 18:15:8
0,0,0,0,0,0 8/1/2018 18:15:8
0,0,0,0,0,0 8/1/2018 18:15:8
0,0,0,0,0,0 8/1/2018 18:15:8
0,0,0,0,0,0 8/1/2018 18:15:8
0,0,0,0,0,0 8/1/2018 18:15:8
0,0,0,0,0,0 8/1/2018 18:15:8
0,0,0,0,0,0 8/1/2018 18:15:9
0,0,0,0,0,0 8/1/2018 18:15:9
0,0,0,0,0,0 8/1/2018 18:15:9
0,0,0,0,0,0 8/1/2018 18:15:9
0,0,0,0,0,0 8/1/2018 18:15:9
0,0,0,0,0,0 8/1/2018 18:15:9
0,0,0,0,0,0 8/1/2018 18:15:9
0,0,0,0,0,0 8/1/2018 18:15:9
0,0,0,0,0,0 8/1/2018 18:15:9
0,0,0,0,0,0 8/1/2018 18:15:9
0,0,0,0,0,0 8/1/2018 18:15:9
0,0,0,0,0,0 8/1/2018 18:15:9
0,0,0,0,0,0 8/1/2018 18:15:9
0,0,0,0,0,0 8/1/2018 18:15:9
0,0,0,0,0,0 8/1/2018 18:15:9
0,0,0,0,0,0 8/1/2018 18:15:9
0,0,0,0,0,0 8/1/2018 18:15:9
0,0,0,0,0,0 8/1/2018 18:15:9
0,0,0,0,0,0 8/1/2018 18:15:9
0,0,0,0,0,0 8/1/2018 18:15:9
0,0,0,0,0,0 8/1/2018 18:15:9
0,0,0,0,0,0 8/1/2018 18:15:9
0,0,0,0,0,0 8/1/2018 18:15:9
0,0,0,0,0,0 8/1/2018 18:15:10
0,0,0,0,0,0 8/1/2018 18:15:10
0,0,0,0,0,0 8/1/2018 18:15:10
0,0,0,0,0,0 8/1/2018 18:15:10
0,0,0,0,0,0 8/1/2018 18:15:10
0,1,0,0,0,0 8/1/2018 18:15:10
0,0,0,0,0,0 8/1/2018 18:15:10
0,0,0,0,0,0 8/1/2018 18:15:10
0,0,0,0,0,0 8/1/2018 18:15:10
0,0,0,0,0,0 8/1/2018 18:15:10
0,0,0,0,0,0 8/1/2018 18:15:10
0,0,0,0,0,0 8/1/2018 18:15:10
0,0,0,0,0,0 8/1/2018 18:15:10
0,0,0,46,0,0 8/1/2018 18:15:10
0,0,0,90,0,0 8/1/2018 18:15:10
0,0,0,107,0,0 8/1/2018 18:15:10
0,0,0,113,0,0 8/1/2018 18:15:10
0,0,0,141,0,0 8/1/2018 18:15:10
0,0,0,12,0,0 8/1/2018 18:15:10
0,0,0,46,0,0 8/1/2018 18:15:10
0,0,0,50,0,0 8/1/2018 18:15:10
0,0,0,35,0,0 8/1/2018 18:15:10
0,0,0,0,0,0 8/1/2018 18:15:10
0,0,0,0,0,0 8/1/2018 18:15:11
0,0,0,0,0,0 8/1/2018 18:15:11
0,0,0,0,0,0 8/1/2018 18:15:11
0,0,0,0,0,0 8/1/2018 18:15:11
0,0,0,0,0,0 8/1/2018 18:15:11
0,0,0,0,0,0 8/1/2018 18:15:11
0,0,0,0,0,0 8/1/2018 18:15:11
0,0,4,0,0,0 8/1/2018 18:15:11
0,0,7,0,0,0 8/1/2018 18:15:11
0,0,5,0,0,0 8/1/2018 18:15:11
0,0,6,0,0,0 8/1/2018 18:15:11
0,0,0,0,0,0 8/1/2018 18:15:11
0,0,0,0,0,0 8/1/2018 18:15:11
0,0,8,0,0,0 8/1/2018 18:15:11
0,0,0,0,0,0 8/1/2018 18:15:11
0,0,2,0,0,0 8/1/2018 18:15:11
0,0,6,0,0,0 8/1/2018 18:15:11
0,0,9,0,0,0 8/1/2018 18:15:11
0,0,8,0,0,0 8/1/2018 18:15:11
0,0,11,0,0,0 8/1/2018 18:15:11
0,0,9,0,0,0 8/1/2018 18:15:11
0,0,4,0,0,0 8/1/2018 18:15:11
0,0,6,0,0,0 8/1/2018 18:15:11
0,0,7,0,0,0 8/1/2018 18:15:12
0,0,11,0,0,0 8/1/2018 18:15:12
0,0,11,0,0,0 8/1/2018 18:15:12
0,0,9,0,0,0 8/1/2018 18:15:12
0,0,9,0,0,0 8/1/2018 18:15:12
0,0,3,0,0,0 8/1/2018 18:15:12
0,0,6,0,0,0 8/1/2018 18:15:12
