0,0,5,0,0,0 8/1/2018 18:15:12
0,0,0,0,0,0 8/1/2018 18:15:47
0,0,0,0,0,0 8/1/2018 18:15:47
0,0,0,0,0,0 8/1/2018 18:15:47
0,0,0,0,0,0 8/1/2018 18:15:47
0,0,0,0,0,0 8/1/2018 18:15:47
0,0,0,0,0,0 8/1/2018 18:15:47
0,0,0,0,0,0 8/1/2018 18:15:47
0,0,0,0,0,0 8/1/2018 18:15:47
0,0,0,0,0,0 8/1/2018 18:15:47
0,0,0,0,0,0 8/1/2018 18:15:47
0,0,0,0,0,0 8/1/2018 18:15:47
0,0,0,0,0,0 8/1/2018 18:15:47
0,0,0,0,0,0 8/1/2018 18:15:47
0,0,0,0,0,0 8/1/2018 18:15:47
0,0,0,0,0,0 8/1/2018 18:15:47
0,0,0,0,0,0 8/1/2018 18:15:47
0,0,0,0,0,0 8/1/2018 18:15:47
0,0,0,0,0,0 8/1/2018 18:15:47
0,0,0,0,0,0 8/1/2018 18:15:47
0,0,0,0,0,0 8/1/2018 18:15:47
0,0,0,0,0,0 8/1/2018 18:15:47
0,0,0,0,0,0 8/1/2018 18:15:47
0,0,0,0,0,0 8/1/2018 18:15:47
0,0,0,0,0,0 8/1/2018 18:15:48
0,0,0,0,0,0 8/1/2018 18:15:48
0,0,0,0,0,0 8/1/2018 18:15:48
0,0,0,0,0,0 8/1/2018 18:15:48
0,0,0,0,0,0 8/1/2018 18:15:48
0,0,1,0,0,0 8/1/2018 18:15:48
0,0,0,0,0,0 8/1/2018 18:15:48
0,0,0,0,0,0 8/1/2018 18:15:48
0,0,0,0,0,0 8/1/2018 18:15:48
0,0,0,0,0,0 8/1/2018 18:15:48
0,0,0,0,0,0 8/1/2018 18:15:48
0,0,0,0,0,0 8/1/2018 18:15:48
0,0,0,0,0,0 8/1/2018 18:15:48
0,0,0,0,0,0 8/1/2018 18:15:48
0,0,0,0,0,0 8/1/2018 18:15:48
0,0,0,0,0,0 8/1/2018 18:15:48
0,0,0,0,0,0 8/1/2018 18:15:48
0,0,0,0,0,0 8/1/2018 18:15:48
0,0,0,0,0,0 8/1/2018 18:15:48
0,0,0,0,0,0 8/1/2018 18:15:48
0,0,0,0,0,0 8/1/2018 18:15:48
0,0,0,0,0,0 8/1/2018 18:15:48
0,0,0,0,0,0 8/1/2018 18:15:49
0,0,0,0,0,0 8/1/2018 18:15:49
0,0,0,0,0,0 8/1/2018 18:15:49
0,0,0,0,0,0 8/1/2018 18:15:49
0,0,11,0,0,0 8/1/2018 18:15:49
0,0,5,0,0,0 8/1/2018 18:15:49
0,0,23,0,0,0 8/1/2018 18:15:49
0,0,28,0,0,0 8/1/2018 18:15:49
0,0,22,0,0,0 8/1/2018 18:15:49
0,0,0,0,0,0 8/1/2018 18:15:49
0,0,0,0,0,0 8/1/2018 18:15:49
0,0,0,0,0,0 8/1/2018 18:15:49
0,1,0,0,0,0 8/1/2018 18:15:49
0,0,0,0,0,0 8/1/2018 18:15:49
0,0,0,0,0,0 8/1/2018 18:15:49
0,0,0,0,0,0 8/1/2018 18:15:49
0,0,0,0,0,0 8/1/2018 18:15:49
0,0,13,0,0,0 8/1/2018 18:15:49
0,0,14,0,0,0 8/1/2018 18:15:49
0,0,0,0,0,0 8/1/2018 18:15:49
0,0,0,0,0,0 8/1/2018 18:15:49
0,0,0,0,0,0 8/1/2018 18:15:49
0,0,0,0,0,0 8/1/2018 18:15:49
0,0,0,0,0,0 8/1/2018 18:15:50
0,0,0,0,0,0 8/1/2018 18:15:50
0,0,0,0,0,0 8/1/2018 18:15:50
0,0,0,0,0,0 8/1/2018 18:15:50
0,0,0,0,0,0 8/1/2018 18:15:50
0,0,0,0,0,0 8/1/2018 18:15:50
0,0,0,0,0,0 8/1/2018 18:15:50
0,0,0,0,0,0 8/1/2018 18:15:50
0,0,0,0,0,0 8/1/2018 18:15:50
0,0,0,0,0,0 8/1/2018 18:15:50
0,0,0,0,0,0 8/1/2018 18:15:50
0,0,0,14,0,0 8/1/2018 18:15:50
0,0,2,39,0,0 8/1/2018 18:15:50
0,0,32,61,0,0 8/1/2018 18:15:50
0,0,41,99,0,0 8/1/2018 18:15:50
0,0,29,147,0,0 8/1/2018 18:15:50
0,0,34,223,0,0 8/1/2018 18:15:50
0,0,28,244,0,0 8/1/2018 18:15:50
0,0,14,244,0,0 8/1/2018 18:15:50
0,0,3,249,0,0 8/1/2018 18:15:50
0,0,26,257,0,0 8/1/2018 18:15:50
0,0,19,291,0,0 8/1/2018 18:15:50
0,0,0,300,0,0 8/1/2018 18:15:50
0,0,0,313,0,0 8/1/2018 18:15:51
0,0,0,258,0,0 8/1/2018 18:15:51
0,0,3,222,0,0 8/1/2018 18:15:51
0,0,30,146,0,0 8/1/2018 18:15:51
0,0,3,72,0,0 8/1/2018 18:15:51
0,0,21,55,0,0 8/1/2018 18:15:51
0,0,2,37,0,0 8/1/2018 18:15:51
0,0,8,28,0,0 8/1/2018 18:15:51
0,0,11,30,0,0 8/1/2018 18:15:51
0,0,14,28,0,0 8/1/2018 18:15:51
0,0,11,45,0,0 8/1/2018 18:15:51
0,0,0,54,0,0 8/1/2018 18:15:51
0,0,14,44,0,0 8/1/2018 18:15:51
0,0,29,0,0,0 8/1/2018 18:15:51
0,0,30,0,0,0 8/1/2018 18:15:51
0,0,16,0,0,0 8/1/2018 18:15:51
0,0,19,0,0,0 8/1/2018 18:15:51
0,0,16,0,0,0 8/1/2018 18:15:51
0,0,16,0,0,0 8/1/2018 18:15:51
0,0,21,0,0,0 8/1/2018 18:15:51
0,0,24,0,0,0 8/1/2018 18:15:51
0,0,13,0,0,0 8/1/2018 18:15:51
0,0,0,0,0,0 8/1/2018 18:15:52
0,0,0,0,0,0 8/1/2018 18:15:52
0,0,1,0,0,0 8/1/2018 18:15:52
0,0,24,0,0,0 8/1/2018 18:15:52
0,0,57,0,0,0 8/1/2018 18:15:52
0,0,55,0,0,0 8/1/2018 18:15:52
0,0,53,0,0,0 8/1/2018 18:15:52
0,0,59,0,0,0 8/1/2018 18:15:52
0,0,88,0,0,0 8/1/2018 18:15:52
0,0,84,0,0,0 8/1/2018 18:15:52
0,0,81,0,0,0 8/1/2018 18:15:52
0,0,55,0,0,0 8/1/2018 18:15:52
0,0,29,0,0,0 8/1/2018 18:15:52
0,0,29,0,0,0 8/1/2018 18:15:52
0,0,38,0,0,0 8/1/2018 18:15:52
0,0,36,0,0,0 8/1/2018 18:15:52
0,0,30,0,0,0 8/1/2018 18:15:52
0,0,38,0,0,0 8/1/2018 18:15:52
0,0,41,0,0,0 8/1/2018 18:15:52
0,0,45,0,0,0 8/1/2018 18:15:52
0,0,44,0,0,0 8/1/2018 18:15:52
0,0,43,0,0,0 8/1/2018 18:15:52
0,0,41,0,0,0 8/1/2018 18:15:52
0,0,47,0,0,0 8/1/2018 18:15:53
0,0,41,0,0,0 8/1/2018 18:15:53
0,0,42,0,0,0 8/1/2018 18:15:53
0,0,37,0,0,0 8/1/2018 18:15:53
0,0,25,0,0,0 8/1/2018 18:15:53
0,0,14,0,0,0 8/1/2018 18:15:53
0,0,0,0,0,0 8/1/2018 18:15:53
0,0,0,0,0,0 8/1/2018 18:15:53
0,0,0,0,0,0 8/1/2018 18:15:53
0,0,0,0,0,0 8/1/2018 18:15:53
0,0,0,0,0,0 8/1/2018 18:15:53
0,0,0,0,0,0 8/1/2018 18:15:53
0,0,0,0,0,0 8/1/2018 18:15:53
0,0,0,0,0,0 8/1/2018 18:15:53
0,0,0,0,0,0 8/1/2018 18:15:53
0,0,0,0,0,0 8/1/2018 18:15:53
0,0,0,0,0,0 8/1/2018 18:15:53
0,0,0,0,0,0 8/1/2018 18:15:53
0,0,0,0,0,0 8/1/2018 18:15:53
0,0,0,0,0,0 8/1/2018 18:15:53
0,0,0,0,0,0 8/1/2018 18:15:53
0,0,0,0,0,0 8/1/2018 18:15:53
0,0,0,0,0,0 8/1/2018 18:15:53
0,0,0,0,0,0 8/1/2018 18:15:54
0,0,0,0,0,0 8/1/2018 18:15:54
0,0,0,0,0,0 8/1/2018 18:15:54
0,0,0,44,0,0 8/1/2018 18:15:54
0,0,21,212,0,0 8/1/2018 18:15:54
0,0,21,396,0,0 8/1/2018 18:15:54
0,0,28,397,0,0 8/1/2018 18:15:54
0,0,34,417,0,0 8/1/2018 18:15:54
0,0,44,422,0,0 8/1/2018 18:15:54
0,0,38,444,0,0 8/1/2018 18:15:54
0,0,30,457,0,0 8/1/2018 18:15:54
0,0,26,475,0,0 8/1/2018 18:15:54
0,0,10,486,0,0 8/1/2018 18:15:54
0,0,3,490,0,0 8/1/2018 18:15:54
0,0,0,491,0,0 8/1/2018 18:15:54
0,0,7,562,0,0 8/1/2018 18:15:54
0,0,19,618,0,0 8/1/2018 18:15:54
0,0,19,656,0,0 8/1/2018 18:15:54
0,0,25,681,0,0 8/1/2018 18:15:54
0,0,22,689,0,0 8/1/2018 18:15:54
0,0,21,646,0,0 8/1/2018 18:15:54
0,0,14,542,0,0 8/1/2018 18:15:54
0,0,0,294,0,0 8/1/2018 18:15:54
0,0,0,81,0,0 8/1/2018 18:15:55
0,0,0,0,0,0 8/1/2018 18:15:55
0,0,0,0,0,0 8/1/2018 18:15:55
0,0,0,0,0,0 8/1/2018 18:15:55
0,0,0,0,0,0 8/1/2018 18:15:55
0,0,0,0,0,0 8/1/2018 18:15:55
0,0,0,0,0,0 8/1/2018 18:15:55
0,0,0,0,0,0 8/1/2018 18:15:55
0,0,0,0,0,0 8/1/2018 18:15:55
0,0,0,0,0,0 8/1/2018 18:15:55
0,0,0,0,0,0 8/1/2018 18:15:55
0,0,0,0,0,0 8/1/2018 18:15:55
0,0,0,0,0,0 8/1/2018 18:15:55
0,0,0,0,0,0 8/1/2018 18:15:55
0,0,0,0,0,0 8/1/2018 18:15:55
0,0,0,0,0,0 8/1/2018 18:15:55
0,0,7,0,0,0 8/1/2018 18:15:55
0,0,4,0,0,0 8/1/2018 18:15:55
0,0,18,0,0,0 8/1/2018 18:15:55
0,0,10,0,0,0 8/1/2018 18:15:55
0,0,10,0,0,0 8/1/2018 18:15:55
0,0,5,0,0,0 8/1/2018 18:15:55
0,0,10,0,0,0 8/1/2018 18:15:56
0,0,37,0,0,0 8/1/2018 18:15:56
0,0,145,0,0,0 8/1/2018 18:15:56
0,0,150,0,0,0 8/1/2018 18:15:56
0,0,161,0,0,0 8/1/2018 18:15:56
0,0,147,37,0,0 8/1/2018 18:15:56
0,0,145,56,0,0 8/1/2018 18:15:56
0,0,138,83,0,0 8/1/2018 18:15:56
0,0,137,101,0,0 8/1/2018 18:15:56
0,0,134,94,0,0 8/1/2018 18:15:56
0,0,128,90,0,0 8/1/2018 18:15:56
0,0,118,87,0,0 8/1/2018 18:15:56
0,0,131,87,0,0 8/1/2018 18:15:56
0,0,146,46,0,0 8/1/2018 18:15:56
0,0,148,59,0,0 8/1/2018 18:15:56
0,0,148,54,0,0 8/1/2018 18:15:56
0,0,150,54,0,0 8/1/2018 18:15:56
0,0,152,60,0,0 8/1/2018 18:15:56
0,0,149,81,2,0 8/1/2018 18:15:56
0,0,149,62,0,0 8/1/2018 18:15:56
0,0,153,90,0,0 8/1/2018 18:15:56
0,0,155,67,0,0 8/1/2018 18:15:56
0,0,171,62,0,0 8/1/2018 18:15:56
0,0,193,49,0,0 8/1/2018 18:15:57
0,0,193,0,0,0 8/1/2018 18:15:57
0,0,178,0,0,0 8/1/2018 18:15:57
0,0,140,0,0,0 8/1/2018 18:15:57
0,0,126,0,0,0 8/1/2018 18:15:57
0,0,95,0,0,0 8/1/2018 18:15:57
0,0,84,0,0,0 8/1/2018 18:15:57
0,0,102,0,0,0 8/1/2018 18:15:57
0,0,177,0,0,0 8/1/2018 18:15:57
0,0,224,0,0,0 8/1/2018 18:15:57
0,0,222,0,0,0 8/1/2018 18:15:57
0,0,171,0,0,0 8/1/2018 18:15:57
0,0,136,0,0,0 8/1/2018 18:15:57
0,0,67,0,0,0 8/1/2018 18:15:57
0,0,35,1,0,0 8/1/2018 18:15:57
0,0,0,47,0,0 8/1/2018 18:15:57
0,0,0,159,0,0 8/1/2018 18:15:57
0,0,0,178,0,0 8/1/2018 18:15:57
0,0,0,95,0,0 8/1/2018 18:15:57
0,0,0,63,0,0 8/1/2018 18:15:57
0,0,0,11,0,0 8/1/2018 18:15:57
0,0,0,1,0,0 8/1/2018 18:15:57
0,0,0,95,0,0 8/1/2018 18:15:57
0,0,0,210,0,0 8/1/2018 18:15:58
0,0,14,242,0,0 8/1/2018 18:15:58
0,0,26,321,0,0 8/1/2018 18:15:58
