0,0,152,0,0,0 8/1/2018 18:16:37
0,0,179,0,0,0 8/1/2018 18:16:37
0,0,207,0,0,0 8/1/2018 18:16:37
0,0,101,0,0,0 8/1/2018 18:16:37
0,0,0,0,0,0 8/1/2018 18:16:37
0,0,0,0,0,0 8/1/2018 18:16:37
0,0,0,0,0,0 8/1/2018 18:16:37
0,0,0,0,0,0 8/1/2018 18:16:38
0,0,0,0,0,0 8/1/2018 18:16:38
0,0,0,0,0,0 8/1/2018 18:16:38
0,0,0,135,0,0 8/1/2018 18:16:38
0,0,0,43,0,0 8/1/2018 18:16:38
0,0,0,0,0,0 8/1/2018 18:16:38
0,0,0,0,0,0 8/1/2018 18:16:38
0,0,0,0,0,0 8/1/2018 18:16:38
0,0,0,0,0,0 8/1/2018 18:16:38
0,0,0,0,0,0 8/1/2018 18:16:38
0,0,0,0,0,0 8/1/2018 18:16:38
0,0,0,0,0,0 8/1/2018 18:16:38
0,0,0,0,0,0 8/1/2018 18:16:38
0,0,0,0,0,0 8/1/2018 18:16:38
0,0,0,0,0,0 8/1/2018 18:16:38
0,0,0,0,0,0 8/1/2018 18:16:38
0,0,0,0,0,0 8/1/2018 18:16:38
0,0,0,0,0,0 8/1/2018 18:16:38
0,0,0,0,0,0 8/1/2018 18:16:38
0,0,0,0,0,0 8/1/2018 18:16:38
0,0,0,0,0,0 8/1/2018 18:16:38
0,0,0,0,0,0 8/1/2018 18:16:38
0,0,0,0,0,0 8/1/2018 18:16:39
0,0,0,0,0,0 8/1/2018 18:16:39
0,0,0,0,0,0 8/1/2018 18:16:39
0,0,0,0,0,0 8/1/2018 18:16:39
0,0,0,0,0,0 8/1/2018 18:16:39
0,0,0,0,0,0 8/1/2018 18:16:39
0,0,0,0,0,0 8/1/2018 18:16:39
0,0,0,0,0,0 8/1/2018 18:16:39
0,0,0,0,0,0 8/1/2018 18:16:39
0,0,0,0,0,0 8/1/2018 18:16:39
0,0,0,0,0,0 8/1/2018 18:16:39
0,0,0,0,0,0 8/1/2018 18:16:39
0,0,0,0,0,0 8/1/2018 18:16:39
0,0,0,0,0,0 8/1/2018 18:16:39
0,0,0,0,0,0 8/1/2018 18:16:39
0,0,0,0,0,0 8/1/2018 18:16:39
0,0,0,0,0,0 8/1/2018 18:16:39
0,0,0,0,0,0 8/1/2018 18:16:39
0,0,0,0,0,0 8/1/2018 18:16:39
0,0,0,0,0,0 8/1/2018 18:16:39
0,0,0,0,0,0 8/1/2018 18:16:39
0,0,0,0,0,0 8/1/2018 18:16:39
0,0,0,0,0,0 8/1/2018 18:16:39
0,0,0,0,0,0 8/1/2018 18:16:40
0,0,0,0,0,0 8/1/2018 18:16:40
0,0,0,0,0,0 8/1/2018 18:16:40
0,0,0,0,0,0 8/1/2018 18:16:40
0,0,0,0,0,0 8/1/2018 18:16:40
0,0,0,0,0,0 8/1/2018 18:16:40
0,0,0,0,0,0 8/1/2018 18:16:40
0,0,0,0,0,0 8/1/2018 18:16:40
0,0,0,0,0,0 8/1/2018 18:16:40
0,0,0,0,0,0 8/1/2018 18:16:40
0,0,0,17,0,0 8/1/2018 18:16:40
0,0,1,0,0,0 8/1/2018 18:16:40
0,0,0,0,0,0 8/1/2018 18:16:40
0,0,0,0,0,0 8/1/2018 18:16:40
0,0,0,0,0,0 8/1/2018 18:16:40
0,0,20,0,0,0 8/1/2018 18:16:40
0,0,0,32,0,0 8/1/2018 18:16:40
0,0,0,53,0,0 8/1/2018 18:16:40
0,0,0,44,0,0 8/1/2018 18:16:40
0,0,0,0,0,0 8/1/2018 18:16:40
0,0,0,0,0,0 8/1/2018 18:16:40
0,0,0,0,0,0 8/1/2018 18:16:40
0,0,0,0,0,0 8/1/2018 18:16:40
0,0,0,0,0,0 8/1/2018 18:16:41
0,0,0,0,0,0 8/1/2018 18:16:41
0,0,0,0,0,0 8/1/2018 18:16:41
0,0,0,0,0,0 8/1/2018 18:16:41
0,0,0,0,0,0 8/1/2018 18:16:41
0,0,0,0,0,0 8/1/2018 18:16:41
0,0,0,0,0,0 8/1/2018 18:16:41
0,0,0,0,0,0 8/1/2018 18:16:41
0,0,0,0,0,0 8/1/2018 18:16:41
0,0,0,0,0,0 8/1/2018 18:16:41
0,0,0,0,0,0 8/1/2018 18:16:41
0,0,0,0,0,0 8/1/2018 18:16:41
0,0,0,0,0,0 8/1/2018 18:16:41
0,0,0,0,0,0 8/1/2018 18:16:41
0,3,0,0,0,0 8/1/2018 18:16:41
0,0,0,0,0,0 8/1/2018 18:16:41
0,0,0,0,0,0 8/1/2018 18:16:41
0,0,0,0,0,0 8/1/2018 18:16:41
0,0,0,0,0,0 8/1/2018 18:16:41
0,0,0,0,0,0 8/1/2018 18:16:41
0,0,0,0,0,0 8/1/2018 18:16:41
0,0,0,0,0,0 8/1/2018 18:16:41
0,0,0,0,0,0 8/1/2018 18:16:41
0,0,0,0,0,0 8/1/2018 18:16:42
0,0,0,0,0,0 8/1/2018 18:16:42
0,0,0,0,0,0 8/1/2018 18:16:42
0,0,0,0,0,0 8/1/2018 18:16:42
0,0,0,0,0,0 8/1/2018 18:16:42
0,0,0,0,0,0 8/1/2018 18:16:42
0,0,0,0,0,0 8/1/2018 18:16:42
0,0,0,0,0,0 8/1/2018 18:16:42
0,0,0,0,0,0 8/1/2018 18:16:42
0,0,0,0,0,0 8/1/2018 18:16:42
0,0,4,0,0,0 8/1/2018 18:16:42
0,0,0,0,0,0 8/1/2018 18:16:42
0,0,0,0,0,0 8/1/2018 18:16:42
0,0,0,0,0,0 8/1/2018 18:16:42
0,0,0,0,0,0 8/1/2018 18:16:42
0,0,0,0,0,0 8/1/2018 18:16:42
0,0,0,0,0,0 8/1/2018 18:16:42
0,0,0,0,0,0 8/1/2018 18:16:42
0,0,0,0,0,0 8/1/2018 18:16:42
0,0,0,0,0,0 8/1/2018 18:16:42
0,0,0,0,0,0 8/1/2018 18:16:42
0,0,0,0,0,0 8/1/2018 18:16:42
0,0,0,0,0,0 8/1/2018 18:16:43
0,0,0,0,0,0 8/1/2018 18:16:43
0,0,0,0,0,0 8/1/2018 18:16:43
0,0,0,0,0,0 8/1/2018 18:16:43
0,0,0,0,0,0 8/1/2018 18:16:43
0,0,0,0,0,0 8/1/2018 18:16:43
0,0,0,0,0,0 8/1/2018 18:16:43
0,0,0,0,0,0 8/1/2018 18:16:43
0,0,0,0,0,0 8/1/2018 18:16:43
0,0,0,0,0,1 8/1/2018 18:16:43
0,0,0,0,0,0 8/1/2018 18:16:43
0,0,0,0,0,0 8/1/2018 18:16:43
0,0,0,0,0,0 8/1/2018 18:16:43
0,0,0,0,0,0 8/1/2018 18:16:43
0,0,0,0,0,0 8/1/2018 18:16:43
0,0,0,0,0,0 8/1/2018 18:16:43
0,0,0,0,0,0 8/1/2018 18:16:43
0,0,0,0,0,0 8/1/2018 18:16:43
0,0,0,0,0,0 8/1/2018 18:16:43
0,0,0,0,0,0 8/1/2018 18:16:43
0,0,0,0,0,0 8/1/2018 18:16:43
0,0,0,0,0,0 8/1/2018 18:16:43
0,0,0,0,0,0 8/1/2018 18:16:43
0,0,0,0,0,0 8/1/2018 18:16:44
0,0,0,0,0,0 8/1/2018 18:16:44
0,0,0,0,0,0 8/1/2018 18:16:44
0,0,0,0,0,0 8/1/2018 18:16:44
0,0,0,0,0,0 8/1/2018 18:16:44
0,0,0,0,0,0 8/1/2018 18:16:44
0,0,0,0,0,0 8/1/2018 18:16:44
0,0,0,0,0,0 8/1/2018 18:16:44
0,0,0,0,0,0 8/1/2018 18:16:44
0,0,0,0,0,0 8/1/2018 18:16:44
0,0,0,0,0,0 8/1/2018 18:16:44
0,0,0,0,0,0 8/1/2018 18:16:44
0,0,0,0,0,0 8/1/2018 18:16:44
0,0,0,0,0,0 8/1/2018 18:16:44
0,0,0,0,0,0 8/1/2018 18:16:44
0,0,0,0,0,0 8/1/2018 18:16:44
0,0,0,0,0,0 8/1/2018 18:16:44
0,0,0,0,0,0 8/1/2018 18:16:44
0,0,0,0,0,0 8/1/2018 18:16:44
0,0,0,0,0,0 8/1/2018 18:16:44
0,0,0,0,0,0 8/1/2018 18:16:44
0,1,0,0,0,0 8/1/2018 18:16:44
0,0,0,0,0,0 8/1/2018 18:16:44
0,0,0,0,0,0 8/1/2018 18:16:45
0,0,0,0,0,0 8/1/2018 18:16:45
0,0,0,0,0,0 8/1/2018 18:16:45
0,0,0,0,0,0 8/1/2018 18:16:45
0,0,0,0,0,0 8/1/2018 18:16:45
0,0,0,0,0,0 8/1/2018 18:16:45
0,0,0,0,0,0 8/1/2018 18:16:45
0,0,0,0,0,0 8/1/2018 18:16:45
0,0,0,0,0,0 8/1/2018 18:16:45
0,0,0,0,0,0 8/1/2018 18:16:45
0,0,0,0,0,0 8/1/2018 18:16:45
0,0,0,0,0,0 8/1/2018 18:16:45
0,0,0,0,0,0 8/1/2018 18:16:45
0,0,0,0,0,0 8/1/2018 18:16:45
0,0,0,0,0,0 8/1/2018 18:16:45
0,0,0,0,0,0 8/1/2018 18:16:45
0,0,0,0,0,0 8/1/2018 18:16:45
0,0,0,0,0,0 8/1/2018 18:16:45
0,0,0,0,0,0 8/1/2018 18:16:45
0,0,33,0,0,0 8/1/2018 18:16:45
0,0,0,0,0,0 8/1/2018 18:16:45
0,0,0,0,0,0 8/1/2018 18:16:45
0,0,0,0,0,0 8/1/2018 18:16:46
0,0,0,0,0,0 8/1/2018 18:16:46
0,0,49,0,0,0 8/1/2018 18:16:46
0,0,64,0,0,0 8/1/2018 18:16:46
0,0,41,0,0,0 8/1/2018 18:16:46
0,0,0,0,0,0 8/1/2018 18:16:46
0,0,0,0,0,0 8/1/2018 18:16:46
0,0,0,0,0,0 8/1/2018 18:16:46
0,0,33,0,0,0 8/1/2018 18:16:46
0,0,43,0,0,0 8/1/2018 18:16:46
0,0,44,0,0,0 8/1/2018 18:16:46
0,0,74,0,0,0 8/1/2018 18:16:46
0,0,16,0,0,0 8/1/2018 18:16:46
0,0,0,0,0,0 8/1/2018 18:16:46
0,0,0,0,0,0 8/1/2018 18:16:46
0,0,0,0,0,0 8/1/2018 18:16:46
0,0,50,0,0,0 8/1/2018 18:16:46
0,0,44,0,0,0 8/1/2018 18:16:46
0,0,34,0,0,0 8/1/2018 18:16:46
0,0,20,0,0,0 8/1/2018 18:16:46
0,0,22,0,0,0 8/1/2018 18:16:46
0,0,39,0,0,0 8/1/2018 18:16:46
0,0,43,0,0,0 8/1/2018 18:16:46
0,0,35,0,0,0 8/1/2018 18:16:47
0,0,32,0,0,0 8/1/2018 18:16:47
0,0,32,0,0,0 8/1/2018 18:16:47
0,0,30,0,0,0 8/1/2018 18:16:47
0,0,28,0,0,0 8/1/2018 18:16:47
0,0,37,0,0,0 8/1/2018 18:16:47
0,0,51,0,0,0 8/1/2018 18:16:47
0,0,48,0,0,0 8/1/2018 18:16:47
0,0,58,0,0,0 8/1/2018 18:16:47
0,0,63,0,0,0 8/1/2018 18:16:47
0,0,66,0,0,0 8/1/2018 18:16:47
0,0,201,0,0,0 8/1/2018 18:16:47
0,0,0,0,0,0 8/1/2018 18:16:47
0,0,52,0,0,0 8/1/2018 18:16:47
0,0,86,0,0,0 8/1/2018 18:16:47
0,0,0,0,0,0 8/1/2018 18:16:47
0,0,0,0,0,0 8/1/2018 18:16:47
0,0,0,0,0,0 8/1/2018 18:16:47
0,0,0,0,0,0 8/1/2018 18:16:47
0,0,0,0,0,0 8/1/2018 18:16:47
0,0,0,0,0,0 8/1/2018 18:16:47
0,0,0,0,0,0 8/1/2018 18:16:47
0,0,0,0,0,0 8/1/2018 18:16:47
0,0,0,0,0,0 8/1/2018 18:16:48
0,0,0,0,0,0 8/1/2018 18:16:48
0,0,0,0,0,0 8/1/2018 18:16:48
0,0,0,0,0,0 8/1/2018 18:16:48
0,0,0,0,0,0 8/1/2018 18:16:48
0,0,0,0,0,0 8/1/2018 18:16:48
0,0,0,0,0,0 8/1/2018 18:16:48
0,0,0,0,0,0 8/1/2018 18:16:48
0,0,0,0,0,0 8/1/2018 18:16:48
0,0,0,0,0,0 8/1/2018 18:16:48
0,0,0,0,0,0 8/1/2018 18:16:48
0,0,0,0,0,0 8/1/2018 18:16:48
0,0,0,0,0,0 8/1/2018 18:16:48
0,0,0,0,0,0 8/1/2018 18:16:48
0,0,0,0,0,0 8/1/2018 18:16:48
0,0,0,0,0,0 8/1/2018 18:16:48
0,0,0,0,0,0 8/1/2018 18:16:48
0,0,0,0,0,0 8/1/2018 18:16:48
0,0,0,0,0,0 8/1/2018 18:16:48
0,0,0,0,0,0 8/1/2018 18:16:48
0,0,0,0,0,0 8/1/2018 18:16:48
0,0,0,0,0,0 8/1/2018 18:16:48
0,0,0,0,0,0 8/1/2018 18:16:48
