0,0,0,0,0,0 8/1/2018 18:17:31
0,0,0,0,0,0 8/1/2018 18:17:32
0,0,0,0,0,0 8/1/2018 18:17:32
0,0,0,0,0,0 8/1/2018 18:17:32
0,0,0,0,0,0 8/1/2018 18:17:32
0,0,0,0,0,0 8/1/2018 18:17:32
0,0,0,0,0,0 8/1/2018 18:17:32
0,0,0,0,0,0 8/1/2018 18:17:32
0,0,0,0,0,0 8/1/2018 18:17:32
0,0,0,0,0,0 8/1/2018 18:17:32
0,0,0,0,0,0 8/1/2018 18:17:32
0,0,0,0,0,0 8/1/2018 18:17:32
0,0,14,0,0,0 8/1/2018 18:17:32
0,0,15,0,0,0 8/1/2018 18:17:32
0,0,0,0,0,0 8/1/2018 18:17:32
0,0,35,0,0,0 8/1/2018 18:17:32
0,0,8,0,0,0 8/1/2018 18:17:32
0,0,18,0,0,0 8/1/2018 18:17:32
0,0,37,0,0,0 8/1/2018 18:17:32
0,0,40,0,0,0 8/1/2018 18:17:32
0,0,40,0,0,0 8/1/2018 18:17:32
0,0,0,0,0,0 8/1/2018 18:17:32
0,0,0,0,0,0 8/1/2018 18:17:32
0,0,34,0,0,0 8/1/2018 18:17:32
0,0,32,0,0,0 8/1/2018 18:17:33
0,0,15,0,0,0 8/1/2018 18:17:33
0,0,13,0,0,0 8/1/2018 18:17:33
0,0,0,0,0,0 8/1/2018 18:17:33
0,0,0,0,0,0 8/1/2018 18:17:33
0,0,0,0,0,0 8/1/2018 18:17:33
0,0,2,0,0,0 8/1/2018 18:17:33
0,0,0,0,0,0 8/1/2018 18:17:33
0,0,0,0,0,0 8/1/2018 18:17:33
0,0,0,0,0,0 8/1/2018 18:17:33
0,0,0,0,0,0 8/1/2018 18:17:33
0,0,8,0,0,0 8/1/2018 18:17:33
0,0,14,0,0,0 8/1/2018 18:17:33
0,0,16,0,0,0 8/1/2018 18:17:33
0,0,0,0,0,0 8/1/2018 18:17:33
0,0,0,0,0,0 8/1/2018 18:17:33
0,0,18,0,0,0 8/1/2018 18:17:33
0,0,20,0,0,0 8/1/2018 18:17:33
0,0,0,0,0,0 8/1/2018 18:17:33
0,0,21,0,0,0 8/1/2018 18:17:33
0,0,0,0,0,0 8/1/2018 18:17:33
0,0,48,0,0,0 8/1/2018 18:17:33
0,0,0,0,0,0 8/1/2018 18:17:34
0,0,0,0,0,0 8/1/2018 18:17:34
0,0,0,0,0,0 8/1/2018 18:17:34
0,0,0,0,0,0 8/1/2018 18:17:34
0,0,0,0,0,0 8/1/2018 18:17:34
0,0,0,0,0,0 8/1/2018 18:17:34
0,0,0,0,0,0 8/1/2018 18:17:34
0,0,0,0,0,0 8/1/2018 18:17:34
0,0,0,0,0,0 8/1/2018 18:17:34
0,0,9,0,0,0 8/1/2018 18:17:34
0,0,0,0,0,0 8/1/2018 18:17:34
0,0,19,0,0,0 8/1/2018 18:17:34
0,0,0,0,0,0 8/1/2018 18:17:34
0,0,0,0,0,0 8/1/2018 18:17:34
0,0,17,0,0,0 8/1/2018 18:17:34
0,0,20,0,0,0 8/1/2018 18:17:34
0,0,0,0,0,0 8/1/2018 18:17:34
0,0,60,0,0,0 8/1/2018 18:17:34
0,0,102,0,0,0 8/1/2018 18:17:34
0,0,127,0,0,0 8/1/2018 18:17:34
0,0,113,0,0,0 8/1/2018 18:17:34
0,0,111,0,0,0 8/1/2018 18:17:34
0,0,95,0,0,0 8/1/2018 18:17:34
0,0,92,0,0,0 8/1/2018 18:17:35
0,0,87,0,0,0 8/1/2018 18:17:35
0,0,148,0,0,0 8/1/2018 18:17:35
0,0,137,0,0,0 8/1/2018 18:17:35
0,0,127,0,0,0 8/1/2018 18:17:35
0,0,141,0,0,0 8/1/2018 18:17:35
0,0,116,0,0,0 8/1/2018 18:17:35
0,0,101,0,0,0 8/1/2018 18:17:35
0,0,98,0,0,0 8/1/2018 18:17:35
0,0,23,0,0,0 8/1/2018 18:17:35
0,0,0,0,0,0 8/1/2018 18:17:35
0,0,0,0,0,0 8/1/2018 18:17:35
0,0,0,0,0,0 8/1/2018 18:17:35
0,0,0,0,0,0 8/1/2018 18:17:35
0,0,0,0,0,0 8/1/2018 18:17:35
0,0,0,0,0,0 8/1/2018 18:17:35
0,0,3,0,0,0 8/1/2018 18:17:35
0,0,15,0,0,0 8/1/2018 18:17:35
0,0,44,0,0,0 8/1/2018 18:17:35
0,0,51,0,0,0 8/1/2018 18:17:35
0,0,0,0,0,0 8/1/2018 18:17:35
0,0,25,0,0,0 8/1/2018 18:17:35
0,0,7,0,0,0 8/1/2018 18:17:35
0,0,0,0,0,0 8/1/2018 18:17:36
0,0,0,0,0,0 8/1/2018 18:17:36
0,0,0,0,0,0 8/1/2018 18:17:36
0,0,0,0,0,0 8/1/2018 18:17:36
0,0,0,0,0,0 8/1/2018 18:17:36
0,0,0,0,0,0 8/1/2018 18:17:36
0,0,0,0,0,0 8/1/2018 18:17:36
0,0,0,0,0,0 8/1/2018 18:17:36
0,0,0,0,0,0 8/1/2018 18:17:36
0,0,0,0,0,0 8/1/2018 18:17:36
0,0,0,0,0,0 8/1/2018 18:17:36
0,0,0,0,0,0 8/1/2018 18:17:36
0,0,0,0,0,0 8/1/2018 18:17:36
0,0,15,0,0,0 8/1/2018 18:17:36
0,0,0,0,0,0 8/1/2018 18:17:36
0,0,0,0,0,0 8/1/2018 18:17:36
0,0,0,0,0,0 8/1/2018 18:17:36
0,0,0,0,0,0 8/1/2018 18:17:36
0,0,0,0,0,0 8/1/2018 18:17:36
0,0,0,0,0,0 8/1/2018 18:17:36
0,0,0,0,0,0 8/1/2018 18:17:36
0,0,0,0,0,0 8/1/2018 18:17:36
0,0,0,0,0,0 8/1/2018 18:17:36
0,0,0,0,0,0 8/1/2018 18:17:37
0,0,0,0,0,0 8/1/2018 18:17:37
0,0,41,0,0,0 8/1/2018 18:17:37
0,0,0,0,0,0 8/1/2018 18:17:37
0,0,8,0,0,0 8/1/2018 18:17:37
0,0,11,0,0,0 8/1/2018 18:17:37
0,0,0,0,0,0 8/1/2018 18:17:37
0,0,0,0,0,0 8/1/2018 18:17:37
0,0,0,0,0,0 8/1/2018 18:17:37
0,0,0,0,0,0 8/1/2018 18:17:37
0,0,0,0,0,0 8/1/2018 18:17:37
0,0,0,0,0,0 8/1/2018 18:17:37
0,0,0,0,0,0 8/1/2018 18:17:37
0,0,0,0,0,0 8/1/2018 18:17:37
0,0,0,0,0,0 8/1/2018 18:17:37
0,0,0,0,0,0 8/1/2018 18:17:37
0,0,0,0,0,0 8/1/2018 18:17:37
0,0,0,0,0,0 8/1/2018 18:17:37
0,0,0,0,0,0 8/1/2018 18:17:37
0,0,0,0,0,0 8/1/2018 18:17:37
0,0,38,0,0,0 8/1/2018 18:17:37
0,0,39,0,0,0 8/1/2018 18:17:37
0,0,0,0,0,0 8/1/2018 18:17:38
0,0,0,0,0,0 8/1/2018 18:17:38
0,0,0,0,0,0 8/1/2018 18:17:38
0,0,0,0,0,0 8/1/2018 18:17:38
0,0,7,0,0,0 8/1/2018 18:17:38
0,0,38,0,0,0 8/1/2018 18:17:38
0,0,40,0,0,0 8/1/2018 18:17:38
0,0,10,0,0,0 8/1/2018 18:17:38
0,0,0,0,0,0 8/1/2018 18:17:38
0,0,0,0,0,0 8/1/2018 18:17:38
0,0,0,0,0,0 8/1/2018 18:17:38
0,0,0,0,0,0 8/1/2018 18:17:38
0,0,23,0,0,0 8/1/2018 18:17:38
0,0,2,0,0,0 8/1/2018 18:17:38
0,0,0,0,0,0 8/1/2018 18:17:38
0,0,0,0,0,0 8/1/2018 18:17:38
0,0,0,0,0,0 8/1/2018 18:17:38
0,0,0,0,0,0 8/1/2018 18:17:38
0,0,0,0,0,0 8/1/2018 18:17:38
0,0,0,0,0,0 8/1/2018 18:17:38
0,0,0,0,0,0 8/1/2018 18:17:38
0,0,0,0,0,0 8/1/2018 18:17:38
0,0,0,0,0,0 8/1/2018 18:17:38
0,0,0,0,0,0 8/1/2018 18:17:39
0,0,0,0,0,0 8/1/2018 18:17:39
0,0,0,0,0,0 8/1/2018 18:17:39
0,0,0,0,0,0 8/1/2018 18:17:39
0,0,0,0,0,0 8/1/2018 18:17:39
0,0,0,0,0,0 8/1/2018 18:17:39
0,0,0,0,0,0 8/1/2018 18:17:39
0,0,0,0,0,0 8/1/2018 18:17:39
0,0,0,0,0,0 8/1/2018 18:17:39
0,0,0,0,0,0 8/1/2018 18:17:39
0,0,0,0,0,0 8/1/2018 18:17:39
0,0,0,0,0,0 8/1/2018 18:17:39
0,0,0,0,0,0 8/1/2018 18:17:39
0,0,0,0,0,0 8/1/2018 18:17:39
0,0,0,0,0,0 8/1/2018 18:17:39
0,0,0,0,0,0 8/1/2018 18:17:39
0,0,27,0,0,0 8/1/2018 18:17:39
0,0,0,0,0,0 8/1/2018 18:17:39
0,0,0,0,0,0 8/1/2018 18:17:39
0,0,0,0,0,0 8/1/2018 18:17:39
0,0,0,0,0,0 8/1/2018 18:17:39
0,0,0,0,0,0 8/1/2018 18:17:39
0,0,0,0,0,0 8/1/2018 18:17:39
0,0,0,0,0,0 8/1/2018 18:17:40
0,0,0,0,0,0 8/1/2018 18:17:40
0,0,0,0,0,0 8/1/2018 18:17:40
0,0,0,0,0,0 8/1/2018 18:17:40
0,0,0,0,0,0 8/1/2018 18:17:40
0,0,0,0,0,0 8/1/2018 18:17:40
0,0,0,0,0,0 8/1/2018 18:17:40
0,0,0,0,0,0 8/1/2018 18:17:40
0,0,0,0,0,0 8/1/2018 18:17:40
0,0,0,0,0,0 8/1/2018 18:17:40
0,0,0,0,0,0 8/1/2018 18:17:40
0,0,0,0,0,0 8/1/2018 18:17:40
0,0,0,0,0,0 8/1/2018 18:17:40
0,0,0,0,0,0 8/1/2018 18:17:40
0,0,0,0,0,0 8/1/2018 18:17:40
0,0,0,0,0,0 8/1/2018 18:17:40
0,0,0,0,0,0 8/1/2018 18:17:40
0,0,0,0,0,0 8/1/2018 18:17:40
0,0,0,0,0,0 8/1/2018 18:17:40
0,0,0,0,0,0 8/1/2018 18:17:40
0,0,0,0,0,0 8/1/2018 18:17:40
0,0,0,0,0,0 8/1/2018 18:17:40
0,0,0,0,0,0 8/1/2018 18:17:41
0,0,0,0,0,0 8/1/2018 18:17:41
0,0,0,0,0,0 8/1/2018 18:17:41
0,0,0,0,0,0 8/1/2018 18:17:41
0,0,0,0,0,0 8/1/2018 18:17:41
0,0,0,0,0,0 8/1/2018 18:17:41
0,0,0,0,0,0 8/1/2018 18:17:41
0,0,0,0,0,0 8/1/2018 18:17:41
0,0,0,0,0,0 8/1/2018 18:17:41
0,0,0,0,0,0 8/1/2018 18:17:41
0,0,0,0,0,0 8/1/2018 18:17:41
0,0,0,0,0,0 8/1/2018 18:17:41
0,0,0,0,0,0 8/1/2018 18:17:41
0,0,0,0,0,0 8/1/2018 18:17:41
0,0,0,0,0,0 8/1/2018 18:17:41
0,0,0,0,0,0 8/1/2018 18:17:41
0,0,0,0,0,0 8/1/2018 18:17:41
0,0,0,0,0,0 8/1/2018 18:17:41
0,0,0,0,0,0 8/1/2018 18:17:41
0,0,4,0,0,0 8/1/2018 18:17:41
0,0,0,0,0,0 8/1/2018 18:17:41
0,0,0,0,0,0 8/1/2018 18:17:41
0,0,0,0,0,0 8/1/2018 18:17:41
0,0,0,0,0,0 8/1/2018 18:17:42
0,0,0,0,0,0 8/1/2018 18:17:42
0,0,0,0,0,0 8/1/2018 18:17:42
0,0,0,0,0,0 8/1/2018 18:17:42
0,0,0,0,0,0 8/1/2018 18:17:42
0,0,0,0,0,0 8/1/2018 18:17:42
0,0,0,0,0,0 8/1/2018 18:17:42
0,0,0,0,0,0 8/1/2018 18:17:42
0,0,0,0,0,0 8/1/2018 18:17:42
0,0,0,0,0,0 8/1/2018 18:17:42
0,0,0,0,0,0 8/1/2018 18:17:42
0,0,0,0,0,0 8/1/2018 18:17:42
0,0,0,0,0,0 8/1/2018 18:17:42
0,0,0,0,0,0 8/1/2018 18:17:42
0,0,0,0,0,0 8/1/2018 18:17:42
0,0,0,0,0,0 8/1/2018 18:17:42
0,0,0,0,0,0 8/1/2018 18:17:42
0,0,0,0,0,0 8/1/2018 18:17:42
0,0,0,0,0,0 8/1/2018 18:17:42
