0,0,0,0,0,0 8/1/2018 18:18:14
0,0,0,0,0,0 8/1/2018 18:18:14
0,0,0,0,0,0 8/1/2018 18:18:14
0,0,0,0,0,0 8/1/2018 18:18:14
0,0,0,0,0,0 8/1/2018 18:18:14
0,0,0,0,0,0 8/1/2018 18:18:14
0,0,0,0,0,0 8/1/2018 18:18:14
0,0,0,2,0,0 8/1/2018 18:18:14
0,0,0,29,0,0 8/1/2018 18:18:14
0,0,0,16,0,0 8/1/2018 18:18:14
0,0,0,0,0,0 8/1/2018 18:18:14
0,0,0,0,0,0 8/1/2018 18:18:14
0,0,0,0,0,0 8/1/2018 18:18:14
0,0,0,0,0,0 8/1/2018 18:18:14
0,0,0,0,0,0 8/1/2018 18:18:14
0,0,0,15,0,0 8/1/2018 18:18:14
0,0,0,56,0,0 8/1/2018 18:18:14
0,0,0,74,0,0 8/1/2018 18:18:15
0,0,0,81,1,0 8/1/2018 18:18:15
0,0,0,96,0,0 8/1/2018 18:18:15
0,0,0,97,0,0 8/1/2018 18:18:15
0,0,0,97,0,0 8/1/2018 18:18:15
0,0,0,89,0,0 8/1/2018 18:18:15
0,0,0,73,0,0 8/1/2018 18:18:15
0,0,0,67,0,0 8/1/2018 18:18:15
0,0,0,0,0,0 8/1/2018 18:18:15
0,0,0,0,0,0 8/1/2018 18:18:15
0,0,0,0,0,0 8/1/2018 18:18:15
0,0,0,0,0,0 8/1/2018 18:18:15
0,0,1,0,0,0 8/1/2018 18:18:15
0,0,3,0,0,0 8/1/2018 18:18:15
0,0,1,0,0,0 8/1/2018 18:18:15
0,0,2,0,0,0 8/1/2018 18:18:15
0,0,0,0,0,0 8/1/2018 18:18:15
0,0,3,0,0,0 8/1/2018 18:18:15
0,0,2,0,0,0 8/1/2018 18:18:15
0,0,0,0,0,0 8/1/2018 18:18:15
0,0,0,0,0,0 8/1/2018 18:18:15
0,0,0,0,0,0 8/1/2018 18:18:15
0,0,0,0,0,1 8/1/2018 18:18:16
0,0,0,0,0,0 8/1/2018 18:18:16
0,0,0,0,0,0 8/1/2018 18:18:16
0,0,2,0,0,0 8/1/2018 18:18:16
0,0,3,0,0,0 8/1/2018 18:18:16
0,0,4,0,0,0 8/1/2018 18:18:16
0,0,4,0,0,0 8/1/2018 18:18:16
0,0,5,0,0,0 8/1/2018 18:18:16
0,0,0,0,0,0 8/1/2018 18:18:16
0,0,0,0,0,0 8/1/2018 18:18:16
0,0,0,0,0,0 8/1/2018 18:18:16
0,0,1,0,0,0 8/1/2018 18:18:16
0,0,0,0,0,0 8/1/2018 18:18:16
0,0,0,0,0,0 8/1/2018 18:18:16
0,0,0,0,0,0 8/1/2018 18:18:16
0,0,1,0,0,0 8/1/2018 18:18:16
0,0,1,0,0,0 8/1/2018 18:18:16
0,0,0,0,0,0 8/1/2018 18:18:16
0,0,0,0,0,0 8/1/2018 18:18:16
0,0,21,0,0,0 8/1/2018 18:18:16
0,0,26,0,0,0 8/1/2018 18:18:16
0,0,32,0,0,0 8/1/2018 18:18:16
0,0,8,0,0,0 8/1/2018 18:18:16
0,0,7,0,0,0 8/1/2018 18:18:17
0,0,8,0,0,0 8/1/2018 18:18:17
0,0,6,0,0,0 8/1/2018 18:18:17
0,0,2,0,0,0 8/1/2018 18:18:17
0,0,0,0,0,0 8/1/2018 18:18:17
0,0,0,0,0,0 8/1/2018 18:18:17
0,0,0,0,0,0 8/1/2018 18:18:17
0,0,0,0,0,0 8/1/2018 18:18:17
0,0,0,0,0,0 8/1/2018 18:18:17
0,0,0,0,0,0 8/1/2018 18:18:17
0,0,0,0,0,0 8/1/2018 18:18:17
0,0,3,0,0,0 8/1/2018 18:18:17
0,0,0,0,0,0 8/1/2018 18:18:17
0,0,0,0,0,0 8/1/2018 18:18:17
0,0,0,0,0,0 8/1/2018 18:18:17
0,0,2,0,0,0 8/1/2018 18:18:17
0,0,1,0,0,0 8/1/2018 18:18:17
0,0,0,0,0,0 8/1/2018 18:18:17
0,0,0,0,0,0 8/1/2018 18:18:17
0,0,1,0,0,0 8/1/2018 18:18:17
0,0,0,0,0,0 8/1/2018 18:18:17
0,0,4,0,0,0 8/1/2018 18:18:17
0,0,3,0,0,0 8/1/2018 18:18:17
0,0,1,0,0,0 8/1/2018 18:18:18
0,0,4,0,0,0 8/1/2018 18:18:18
0,0,5,0,0,0 8/1/2018 18:18:18
0,0,29,0,0,0 8/1/2018 18:18:18
0,0,29,0,0,0 8/1/2018 18:18:18
0,0,33,0,0,0 8/1/2018 18:18:18
0,0,6,0,2,0 8/1/2018 18:18:18
0,0,4,0,0,0 8/1/2018 18:18:18
0,0,0,0,0,0 8/1/2018 18:18:18
0,0,0,0,0,0 8/1/2018 18:18:18
0,0,0,0,0,0 8/1/2018 18:18:18
0,0,1,0,0,0 8/1/2018 18:18:18
0,0,0,0,0,0 8/1/2018 18:18:18
0,0,0,0,0,0 8/1/2018 18:18:18
0,0,0,0,0,0 8/1/2018 18:18:18
0,0,0,0,0,0 8/1/2018 18:18:18
0,0,0,0,0,0 8/1/2018 18:18:18
0,0,0,0,1,0 8/1/2018 18:18:18
0,0,0,0,0,0 8/1/2018 18:18:18
0,0,0,0,0,0 8/1/2018 18:18:18
0,0,0,0,0,0 8/1/2018 18:18:18
0,0,0,0,0,0 8/1/2018 18:18:18
0,0,1,0,0,0 8/1/2018 18:18:18
0,0,3,0,0,0 8/1/2018 18:18:19
0,0,0,0,0,0 8/1/2018 18:18:19
0,0,3,0,0,0 8/1/2018 18:18:19
0,0,3,0,0,0 8/1/2018 18:18:19
0,0,3,0,0,0 8/1/2018 18:18:19
0,0,3,0,0,0 8/1/2018 18:18:19
0,0,0,0,0,0 8/1/2018 18:18:19
0,0,4,0,0,0 8/1/2018 18:18:19
0,0,3,0,0,0 8/1/2018 18:18:19
0,0,2,0,0,0 8/1/2018 18:18:19
0,0,6,0,0,0 8/1/2018 18:18:19
0,0,5,0,0,0 8/1/2018 18:18:19
0,0,2,0,0,0 8/1/2018 18:18:19
0,0,0,0,0,0 8/1/2018 18:18:19
0,0,0,0,0,0 8/1/2018 18:18:19
0,0,0,0,0,0 8/1/2018 18:18:19
0,0,0,0,0,0 8/1/2018 18:18:19
0,0,0,0,0,0 8/1/2018 18:18:19
0,0,0,0,0,0 8/1/2018 18:18:19
0,0,0,0,0,0 8/1/2018 18:18:19
0,0,0,0,0,0 8/1/2018 18:18:19
0,0,9,0,0,0 8/1/2018 18:18:19
0,0,0,0,0,0 8/1/2018 18:18:20
0,0,0,0,0,0 8/1/2018 18:18:20
0,0,0,0,0,0 8/1/2018 18:18:20
0,0,0,0,0,0 8/1/2018 18:18:20
0,0,0,0,0,0 8/1/2018 18:18:20
0,0,0,0,0,0 8/1/2018 18:18:20
0,0,0,0,0,0 8/1/2018 18:18:20
0,0,0,0,0,0 8/1/2018 18:18:20
0,0,0,0,0,0 8/1/2018 18:18:20
0,0,0,0,0,0 8/1/2018 18:18:20
0,0,0,0,0,0 8/1/2018 18:18:20
0,0,0,0,0,0 8/1/2018 18:18:20
0,0,0,0,0,0 8/1/2018 18:18:20
0,0,0,0,0,0 8/1/2018 18:18:20
0,0,0,0,0,0 8/1/2018 18:18:20
0,0,0,0,0,0 8/1/2018 18:18:20
0,0,0,0,0,0 8/1/2018 18:18:20
0,0,0,0,0,0 8/1/2018 18:18:20
0,0,1,0,0,0 8/1/2018 18:18:20
0,0,3,0,0,0 8/1/2018 18:18:20
0,0,0,0,0,0 8/1/2018 18:18:20
0,0,0,0,0,0 8/1/2018 18:18:20
0,0,0,0,0,0 8/1/2018 18:18:20
0,0,0,0,0,0 8/1/2018 18:18:21
0,0,0,0,0,0 8/1/2018 18:18:21
0,0,0,0,0,0 8/1/2018 18:18:21
0,0,0,0,0,0 8/1/2018 18:18:21
0,0,2,0,0,0 8/1/2018 18:18:21
0,0,1,0,0,0 8/1/2018 18:18:21
0,0,2,0,0,0 8/1/2018 18:18:21
0,0,3,0,0,0 8/1/2018 18:18:21
0,0,7,0,0,0 8/1/2018 18:18:21
0,0,9,0,0,0 8/1/2018 18:18:21
0,0,1,0,0,0 8/1/2018 18:18:21
0,0,4,0,0,0 8/1/2018 18:18:21
0,0,12,0,0,0 8/1/2018 18:18:21
0,0,6,0,0,0 8/1/2018 18:18:21
0,0,7,0,0,0 8/1/2018 18:18:21
0,0,6,0,0,0 8/1/2018 18:18:21
0,0,6,0,0,0 8/1/2018 18:18:21
0,0,6,0,0,0 8/1/2018 18:18:21
0,0,5,0,0,0 8/1/2018 18:18:21
0,0,1,0,0,0 8/1/2018 18:18:21
0,0,0,0,0,0 8/1/2018 18:18:21
0,0,7,0,0,0 8/1/2018 18:18:21
0,0,5,0,0,0 8/1/2018 18:18:21
0,0,0,0,0,0 8/1/2018 18:18:22
0,0,0,0,0,0 8/1/2018 18:18:22
0,0,0,0,0,0 8/1/2018 18:18:22
0,0,4,0,0,0 8/1/2018 18:18:22
0,0,1,0,0,0 8/1/2018 18:18:22
0,0,0,0,0,0 8/1/2018 18:18:22
0,0,0,0,0,0 8/1/2018 18:18:22
0,0,0,0,0,0 8/1/2018 18:18:22
0,0,0,0,0,0 8/1/2018 18:18:22
0,0,0,0,0,0 8/1/2018 18:18:22
0,0,0,0,0,0 8/1/2018 18:18:22
0,0,0,0,0,0 8/1/2018 18:18:22
0,0,0,0,0,0 8/1/2018 18:18:22
0,0,0,0,0,0 8/1/2018 18:18:22
0,0,0,0,0,0 8/1/2018 18:18:22
0,0,0,0,0,0 8/1/2018 18:18:22
0,0,0,0,0,0 8/1/2018 18:18:22
0,0,0,0,0,0 8/1/2018 18:18:22
0,0,0,0,0,0 8/1/2018 18:18:22
0,0,0,0,0,0 8/1/2018 18:18:22
0,0,0,0,0,0 8/1/2018 18:18:22
0,0,0,0,0,0 8/1/2018 18:18:22
0,0,0,0,0,0 8/1/2018 18:18:23
0,0,0,0,0,0 8/1/2018 18:18:23
0,0,0,0,0,0 8/1/2018 18:18:23
0,0,0,0,0,0 8/1/2018 18:18:23
0,0,0,0,0,0 8/1/2018 18:18:23
0,0,0,0,0,0 8/1/2018 18:18:23
0,0,0,0,0,0 8/1/2018 18:18:23
0,0,0,0,0,0 8/1/2018 18:18:23
0,0,0,0,0,0 8/1/2018 18:18:23
0,0,0,0,0,0 8/1/2018 18:18:23
0,0,0,0,0,0 8/1/2018 18:18:23
0,0,0,0,0,0 8/1/2018 18:18:23
0,0,0,0,0,0 8/1/2018 18:18:23
0,0,0,0,0,0 8/1/2018 18:18:23
0,0,0,0,0,0 8/1/2018 18:18:23
0,0,0,0,0,0 8/1/2018 18:18:23
0,0,0,0,0,0 8/1/2018 18:18:23
0,0,1,0,0,0 8/1/2018 18:18:23
0,0,0,0,0,0 8/1/2018 18:18:23
0,0,0,0,0,0 8/1/2018 18:18:23
0,0,0,0,0,0 8/1/2018 18:18:23
0,0,0,0,0,0 8/1/2018 18:18:23
0,0,0,0,0,0 8/1/2018 18:18:23
0,0,0,0,0,0 8/1/2018 18:18:24
0,0,0,0,0,0 8/1/2018 18:18:24
0,0,0,0,0,0 8/1/2018 18:18:24
0,0,0,0,0,0 8/1/2018 18:18:24
0,0,0,0,0,0 8/1/2018 18:18:24
0,0,0,0,0,0 8/1/2018 18:18:24
0,0,0,0,0,0 8/1/2018 18:18:24
0,0,0,0,0,0 8/1/2018 18:18:24
0,0,0,0,0,0 8/1/2018 18:18:24
0,0,0,0,0,0 8/1/2018 18:18:24
