0,0,0,0,0,0 8/1/2018 18:19:30
0,0,0,0,0,0 8/1/2018 18:19:30
0,0,0,0,0,0 8/1/2018 18:19:30
0,0,0,0,0,0 8/1/2018 18:19:30
0,0,0,0,0,0 8/1/2018 18:19:30
0,0,0,0,0,0 8/1/2018 18:19:30
0,0,0,0,0,0 8/1/2018 18:19:30
0,0,0,0,0,0 8/1/2018 18:19:30
0,0,0,0,0,0 8/1/2018 18:19:30
0,0,0,0,0,0 8/1/2018 18:19:30
0,0,0,0,0,0 8/1/2018 18:19:30
0,0,0,0,0,0 8/1/2018 18:19:30
0,0,0,0,0,0 8/1/2018 18:19:31
0,0,0,0,0,0 8/1/2018 18:19:31
0,0,0,0,0,0 8/1/2018 18:19:31
0,0,0,0,0,0 8/1/2018 18:19:31
0,0,0,0,0,0 8/1/2018 18:19:31
0,0,0,0,0,0 8/1/2018 18:19:31
0,0,0,0,0,0 8/1/2018 18:19:31
0,0,0,174,0,0 8/1/2018 18:19:31
0,0,0,345,0,0 8/1/2018 18:19:31
0,0,0,348,0,0 8/1/2018 18:19:31
0,0,0,307,0,0 8/1/2018 18:19:31
0,0,0,193,0,0 8/1/2018 18:19:31
0,0,0,84,0,0 8/1/2018 18:19:31
0,0,0,64,0,0 8/1/2018 18:19:31
0,0,0,50,0,0 8/1/2018 18:19:31
0,0,0,29,0,0 8/1/2018 18:19:31
0,0,0,0,0,0 8/1/2018 18:19:31
0,0,0,0,0,0 8/1/2018 18:19:31
0,0,0,0,0,0 8/1/2018 18:19:31
0,0,0,0,0,0 8/1/2018 18:19:31
0,0,0,0,0,0 8/1/2018 18:19:31
0,0,0,0,0,0 8/1/2018 18:19:31
0,0,0,0,0,0 8/1/2018 18:19:31
0,0,0,0,0,0 8/1/2018 18:19:32
0,0,0,0,0,0 8/1/2018 18:19:32
0,0,0,0,0,0 8/1/2018 18:19:32
0,0,0,0,0,0 8/1/2018 18:19:32
0,0,0,0,0,0 8/1/2018 18:19:32
0,0,0,0,0,0 8/1/2018 18:19:32
0,0,0,0,0,0 8/1/2018 18:19:32
0,0,0,0,0,0 8/1/2018 18:19:32
0,0,0,0,0,0 8/1/2018 18:19:32
0,0,0,0,0,0 8/1/2018 18:19:32
0,0,0,0,0,0 8/1/2018 18:19:32
0,0,0,0,0,0 8/1/2018 18:19:32
0,0,0,0,0,0 8/1/2018 18:19:32
0,0,0,0,0,0 8/1/2018 18:19:32
0,0,0,0,0,0 8/1/2018 18:19:32
0,0,0,0,0,0 8/1/2018 18:19:32
0,0,0,0,0,0 8/1/2018 18:19:32
0,0,0,0,0,0 8/1/2018 18:19:32
0,0,68,0,0,0 8/1/2018 18:19:32
0,0,0,0,0,0 8/1/2018 18:19:32
0,0,0,0,0,0 8/1/2018 18:19:32
0,0,0,0,0,0 8/1/2018 18:19:32
0,0,0,0,0,0 8/1/2018 18:19:32
0,0,0,0,0,0 8/1/2018 18:19:33
0,0,0,0,0,0 8/1/2018 18:19:33
0,0,0,0,0,0 8/1/2018 18:19:33
0,0,0,0,0,0 8/1/2018 18:19:33
0,0,0,0,0,0 8/1/2018 18:19:33
0,0,0,0,0,0 8/1/2018 18:19:33
0,0,0,0,0,0 8/1/2018 18:19:33
0,0,0,0,0,0 8/1/2018 18:19:33
0,0,0,0,0,0 8/1/2018 18:19:33
0,0,0,0,0,0 8/1/2018 18:19:33
0,0,0,0,0,0 8/1/2018 18:19:33
0,0,0,0,0,0 8/1/2018 18:19:33
0,0,0,0,0,0 8/1/2018 18:19:33
0,0,0,0,0,0 8/1/2018 18:19:33
0,0,0,0,0,0 8/1/2018 18:19:33
0,0,0,0,0,0 8/1/2018 18:19:33
0,0,0,0,0,0 8/1/2018 18:19:33
0,0,0,0,0,0 8/1/2018 18:19:33
0,0,0,0,0,0 8/1/2018 18:19:33
0,0,0,0,0,0 8/1/2018 18:19:33
0,0,0,0,0,0 8/1/2018 18:19:33
0,0,0,0,0,0 8/1/2018 18:19:33
0,0,0,0,0,0 8/1/2018 18:19:34
0,0,0,0,0,0 8/1/2018 18:19:34
0,0,0,0,0,0 8/1/2018 18:19:34
0,0,0,0,0,0 8/1/2018 18:19:34
0,0,0,0,0,0 8/1/2018 18:19:34
0,0,0,0,0,0 8/1/2018 18:19:34
0,0,0,0,0,0 8/1/2018 18:19:34
0,0,2,0,0,0 8/1/2018 18:19:34
0,0,3,0,0,0 8/1/2018 18:19:34
0,0,5,0,0,0 8/1/2018 18:19:34
0,0,0,0,0,0 8/1/2018 18:19:34
0,0,3,0,0,0 8/1/2018 18:19:34
0,0,0,0,0,0 8/1/2018 18:19:34
0,0,0,0,0,0 8/1/2018 18:19:34
0,0,0,0,0,0 8/1/2018 18:19:34
0,0,0,0,0,0 8/1/2018 18:19:34
0,0,0,0,0,0 8/1/2018 18:19:34
0,0,0,0,0,0 8/1/2018 18:19:34
0,0,0,0,0,0 8/1/2018 18:19:34
0,0,0,0,0,0 8/1/2018 18:19:34
0,0,0,0,0,0 8/1/2018 18:19:34
0,0,0,0,0,0 8/1/2018 18:19:34
0,0,0,0,0,0 8/1/2018 18:19:34
0,0,0,0,0,0 8/1/2018 18:19:35
0,0,0,0,0,0 8/1/2018 18:19:35
0,0,0,0,0,0 8/1/2018 18:19:35
0,0,0,0,0,0 8/1/2018 18:19:35
0,0,0,0,0,0 8/1/2018 18:19:35
0,0,0,0,0,0 8/1/2018 18:19:35
0,0,0,0,0,0 8/1/2018 18:19:35
0,0,0,0,0,0 8/1/2018 18:19:35
0,0,0,65,0,0 8/1/2018 18:19:35
0,0,0,191,0,0 8/1/2018 18:19:35
0,0,0,205,0,0 8/1/2018 18:19:35
0,0,0,58,0,0 8/1/2018 18:19:35
0,0,0,0,0,0 8/1/2018 18:19:35
0,0,0,0,0,0 8/1/2018 18:19:35
0,0,35,0,0,0 8/1/2018 18:19:35
0,0,127,0,0,0 8/1/2018 18:19:35
0,0,222,0,0,0 8/1/2018 18:19:35
0,0,280,0,0,0 8/1/2018 18:19:35
0,0,285,0,0,0 8/1/2018 18:19:35
0,0,265,0,0,0 8/1/2018 18:19:35
0,0,289,0,0,0 8/1/2018 18:19:35
0,0,290,0,0,0 8/1/2018 18:19:35
0,0,296,0,0,0 8/1/2018 18:19:35
0,0,304,0,0,0 8/1/2018 18:19:36
0,0,284,0,0,0 8/1/2018 18:19:36
0,0,232,0,0,0 8/1/2018 18:19:36
0,0,26,0,0,0 8/1/2018 18:19:36
0,0,0,0,0,0 8/1/2018 18:19:36
0,0,0,0,0,0 8/1/2018 18:19:36
0,0,0,0,0,0 8/1/2018 18:19:36
0,0,0,0,0,0 8/1/2018 18:19:36
0,0,0,0,0,0 8/1/2018 18:19:36
0,0,0,0,0,0 8/1/2018 18:19:36
0,0,0,0,0,0 8/1/2018 18:19:36
0,0,0,0,0,0 8/1/2018 18:19:36
0,0,0,0,0,0 8/1/2018 18:19:36
0,0,0,0,0,0 8/1/2018 18:19:36
0,0,0,0,0,0 8/1/2018 18:19:36
0,0,0,0,0,0 8/1/2018 18:19:36
0,0,6,0,0,0 8/1/2018 18:19:36
0,0,7,0,0,0 8/1/2018 18:19:36
0,0,5,0,0,0 8/1/2018 18:19:36
0,0,45,0,0,0 8/1/2018 18:19:36
0,0,5,0,0,0 8/1/2018 18:19:36
0,0,1,0,0,0 8/1/2018 18:19:36
0,0,5,0,0,0 8/1/2018 18:19:36
0,0,0,0,0,0 8/1/2018 18:19:37
0,0,5,0,0,0 8/1/2018 18:19:37
0,0,7,0,0,0 8/1/2018 18:19:37
0,0,6,0,0,0 8/1/2018 18:19:37
0,0,6,0,0,0 8/1/2018 18:19:37
0,0,6,0,0,0 8/1/2018 18:19:37
0,0,5,0,0,0 8/1/2018 18:19:37
0,0,0,0,0,0 8/1/2018 18:19:37
0,0,0,0,0,0 8/1/2018 18:19:37
0,0,0,0,0,0 8/1/2018 18:19:37
0,0,0,0,0,0 8/1/2018 18:19:37
0,0,0,0,0,0 8/1/2018 18:19:37
0,0,5,0,0,0 8/1/2018 18:19:37
0,0,6,0,0,0 8/1/2018 18:19:37
0,0,7,0,0,0 8/1/2018 18:19:37
0,0,7,0,0,0 8/1/2018 18:19:37
0,0,13,0,0,0 8/1/2018 18:19:37
0,0,13,0,0,0 8/1/2018 18:19:37
0,0,35,0,0,0 8/1/2018 18:19:37
0,0,21,0,0,0 8/1/2018 18:19:37
0,0,28,0,0,0 8/1/2018 18:19:37
0,0,23,0,0,0 8/1/2018 18:19:37
0,0,52,0,0,0 8/1/2018 18:19:38
0,0,20,0,0,0 8/1/2018 18:19:38
0,0,7,0,0,0 8/1/2018 18:19:38
0,0,5,0,0,0 8/1/2018 18:19:38
0,0,3,0,0,0 8/1/2018 18:19:38
0,0,3,0,0,0 8/1/2018 18:19:38
0,0,0,0,0,0 8/1/2018 18:19:38
0,0,7,0,0,0 8/1/2018 18:19:38
0,0,0,0,0,0 8/1/2018 18:19:38
0,0,0,0,0,0 8/1/2018 18:19:38
0,0,3,0,0,0 8/1/2018 18:19:38
0,0,19,0,0,0 8/1/2018 18:19:38
0,0,10,0,0,0 8/1/2018 18:19:38
0,0,10,0,0,0 8/1/2018 18:19:38
0,0,2,0,0,0 8/1/2018 18:19:38
0,0,0,0,0,0 8/1/2018 18:19:38
0,0,0,0,0,0 8/1/2018 18:19:38
0,0,0,0,0,0 8/1/2018 18:19:38
0,0,0,0,0,0 8/1/2018 18:19:38
0,0,0,0,0,0 8/1/2018 18:19:38
0,0,0,0,0,0 8/1/2018 18:19:38
0,0,0,0,0,0 8/1/2018 18:19:38
0,0,0,0,0,0 8/1/2018 18:19:38
0,0,0,1,0,0 8/1/2018 18:19:39
0,0,0,0,0,0 8/1/2018 18:19:39
0,0,0,0,0,0 8/1/2018 18:19:39
0,0,0,0,0,0 8/1/2018 18:19:39
0,0,0,0,0,0 8/1/2018 18:19:39
0,0,0,0,0,0 8/1/2018 18:19:39
0,0,0,0,0,0 8/1/2018 18:19:39
0,0,0,0,0,0 8/1/2018 18:19:39
0,0,0,0,0,0 8/1/2018 18:19:39
0,0,0,0,0,0 8/1/2018 18:19:39
0,0,0,0,0,0 8/1/2018 18:19:39
0,0,0,0,0,0 8/1/2018 18:19:39
0,0,0,0,0,0 8/1/2018 18:19:39
0,0,0,0,0,0 8/1/2018 18:19:39
0,0,0,0,0,0 8/1/2018 18:19:39
0,0,0,0,0,0 8/1/2018 18:19:39
0,0,0,0,0,0 8/1/2018 18:19:39
0,0,0,0,0,0 8/1/2018 18:19:39
0,0,0,0,0,0 8/1/2018 18:19:39
0,0,0,0,0,0 8/1/2018 18:19:39
0,0,0,0,0,0 8/1/2018 18:19:39
0,0,4,0,0,0 8/1/2018 18:19:39
0,0,6,0,0,0 8/1/2018 18:19:39
0,0,5,0,0,0 8/1/2018 18:19:40
0,0,7,0,0,0 8/1/2018 18:19:40
0,0,9,0,0,0 8/1/2018 18:19:40
0,0,9,0,0,0 8/1/2018 18:19:40
0,0,9,0,0,0 8/1/2018 18:19:40
0,0,10,0,0,0 8/1/2018 18:19:40
0,0,10,0,0,0 8/1/2018 18:19:40
0,0,9,0,0,0 8/1/2018 18:19:40
0,0,8,0,0,0 8/1/2018 18:19:40
0,0,8,0,0,0 8/1/2018 18:19:40
0,0,2,0,0,0 8/1/2018 18:19:40
0,0,3,0,0,0 8/1/2018 18:19:40
0,0,0,0,0,0 8/1/2018 18:19:40
0,0,0,0,0,0 8/1/2018 18:19:40
0,0,2,0,0,0 8/1/2018 18:19:40
0,0,0,0,0,0 8/1/2018 18:19:40
0,0,1,0,0,0 8/1/2018 18:19:40
0,0,1,0,0,0 8/1/2018 18:19:40
0,0,1,0,0,0 8/1/2018 18:19:40
0,0,0,0,0,0 8/1/2018 18:19:40
0,0,2,0,0,0 8/1/2018 18:19:40
0,0,3,0,0,0 8/1/2018 18:19:40
0,0,1,0,0,0 8/1/2018 18:19:41
0,0,0,0,0,0 8/1/2018 18:19:41
0,0,0,0,0,0 8/1/2018 18:19:41
0,0,39,0,0,0 8/1/2018 18:19:41
0,0,46,0,0,0 8/1/2018 18:19:41
0,0,47,0,0,0 8/1/2018 18:19:41
0,0,47,0,0,0 8/1/2018 18:19:41
0,0,43,0,0,0 8/1/2018 18:19:41
0,0,36,0,0,0 8/1/2018 18:19:41
0,0,0,0,0,0 8/1/2018 18:19:41
0,0,0,0,0,0 8/1/2018 18:19:41
0,0,0,0,0,0 8/1/2018 18:19:41
0,0,0,0,0,0 8/1/2018 18:19:41
0,0,37,0,0,0 8/1/2018 18:19:41
0,0,39,0,0,0 8/1/2018 18:19:41
0,0,37,0,0,0 8/1/2018 18:19:41
0,0,37,0,0,0 8/1/2018 18:19:41
0,0,37,0,0,0 8/1/2018 18:19:41
0,0,34,0,0,0 8/1/2018 18:19:41
0,0,37,0,0,0 8/1/2018 18:19:41
0,0,35,0,0,0 8/1/2018 18:19:41
0,0,36,0,0,0 8/1/2018 18:19:41
0,0,40,0,0,0 8/1/2018 18:19:41
0,0,35,0,0,0 8/1/2018 18:19:42
0,0,34,0,0,0 8/1/2018 18:19:42
0,0,10,0,0,0 8/1/2018 18:19:42
0,0,9,0,0,0 8/1/2018 18:19:42
0,0,0,0,0,0 8/1/2018 18:19:42
0,0,0,1,0,0 8/1/2018 18:19:42
0,0,0,0,0,0 8/1/2018 18:19:42
0,0,0,0,0,0 8/1/2018 18:19:42
0,0,0,0,0,0 8/1/2018 18:19:42
0,0,0,0,0,0 8/1/2018 18:19:42
