0,0,49,0,0,0 7/27/2018 13:39:24
0,0,0,0,0,0 7/27/2018 13:39:24
0,0,0,0,0,0 7/27/2018 13:39:24
0,0,0,0,0,0 7/27/2018 13:39:25
0,0,0,0,0,0 7/27/2018 13:39:25
0,0,0,0,0,0 7/27/2018 13:39:25
0,0,0,0,0,0 7/27/2018 13:39:25
0,0,0,0,0,0 7/27/2018 13:39:25
0,0,0,0,0,0 7/27/2018 13:39:25
0,0,36,0,0,0 7/27/2018 13:39:25
0,0,31,0,0,0 7/27/2018 13:39:25
0,0,24,0,0,0 7/27/2018 13:39:25
0,0,25,0,0,0 7/27/2018 13:39:25
0,0,18,0,0,0 7/27/2018 13:39:25
0,0,13,0,0,0 7/27/2018 13:39:25
0,0,9,0,0,0 7/27/2018 13:39:25
0,0,8,0,0,0 7/27/2018 13:39:25
0,0,7,0,0,0 7/27/2018 13:39:25
0,0,0,0,0,0 7/27/2018 13:39:25
0,0,0,0,0,0 7/27/2018 13:39:25
0,0,0,0,0,0 7/27/2018 13:39:25
0,0,0,0,0,0 7/27/2018 13:39:25
0,0,0,0,0,0 7/27/2018 13:39:25
0,0,0,0,0,0 7/27/2018 13:39:25
0,0,0,0,0,0 7/27/2018 13:39:25
0,0,0,0,0,0 7/27/2018 13:39:26
0,0,17,0,0,0 7/27/2018 13:39:26
0,0,42,0,0,0 7/27/2018 13:39:26
0,0,47,0,0,0 7/27/2018 13:39:26
0,0,51,0,0,0 7/27/2018 13:39:26
0,0,50,0,0,0 7/27/2018 13:39:26
0,0,53,0,0,0 7/27/2018 13:39:26
0,0,60,0,0,0 7/27/2018 13:39:26
0,0,66,0,0,0 7/27/2018 13:39:26
0,0,63,0,0,0 7/27/2018 13:39:26
0,0,66,0,0,0 7/27/2018 13:39:26
0,0,68,0,0,0 7/27/2018 13:39:26
0,0,68,0,0,0 7/27/2018 13:39:26
0,0,71,0,0,0 7/27/2018 13:39:26
0,0,68,0,0,0 7/27/2018 13:39:26
0,0,69,0,0,0 7/27/2018 13:39:26
0,0,68,0,0,0 7/27/2018 13:39:26
0,0,68,0,0,0 7/27/2018 13:39:26
0,0,69,0,0,0 7/27/2018 13:39:26
0,0,68,0,0,0 7/27/2018 13:39:26
0,0,74,0,0,0 7/27/2018 13:39:26
0,0,83,0,0,0 7/27/2018 13:39:26
0,0,94,0,0,0 7/27/2018 13:39:26
0,0,93,0,0,0 7/27/2018 13:39:27
0,32,76,0,0,0 7/27/2018 13:39:27
0,120,68,0,0,0 7/27/2018 13:39:27
0,147,63,0,0,0 7/27/2018 13:39:27
0,177,61,0,0,0 7/27/2018 13:39:27
0,297,51,0,0,0 7/27/2018 13:39:27
0,336,36,0,0,0 7/27/2018 13:39:27
0,305,0,0,0,0 7/27/2018 13:39:27
0,266,0,0,0,0 7/27/2018 13:39:27
0,296,0,0,0,0 7/27/2018 13:39:27
0,308,0,0,0,0 7/27/2018 13:39:27
0,301,0,0,0,0 7/27/2018 13:39:27
0,208,40,0,0,0 7/27/2018 13:39:27
0,159,34,0,0,0 7/27/2018 13:39:27
0,188,38,0,0,0 7/27/2018 13:39:27
0,228,32,0,0,0 7/27/2018 13:39:27
0,228,28,0,0,0 7/27/2018 13:39:27
0,171,25,0,0,0 7/27/2018 13:39:27
0,121,29,0,0,0 7/27/2018 13:39:27
0,0,34,0,0,0 7/27/2018 13:39:27
0,0,27,0,0,0 7/27/2018 13:39:27
0,0,38,0,0,0 7/27/2018 13:39:27
0,0,86,0,0,0 7/27/2018 13:39:27
0,0,101,0,0,0 7/27/2018 13:39:28
0,0,134,0,0,0 7/27/2018 13:39:28
0,0,165,0,0,0 7/27/2018 13:39:28
0,0,165,0,0,0 7/27/2018 13:39:28
0,0,184,0,0,0 7/27/2018 13:39:28
0,0,243,0,0,0 7/27/2018 13:39:28
0,0,276,0,0,0 7/27/2018 13:39:28
0,0,295,0,0,0 7/27/2018 13:39:28
0,0,322,0,0,0 7/27/2018 13:39:28
0,0,325,0,0,0 7/27/2018 13:39:28
0,0,367,0,0,0 7/27/2018 13:39:28
0,0,388,0,0,0 7/27/2018 13:39:28
0,0,388,0,0,0 7/27/2018 13:39:28
0,0,341,0,0,0 7/27/2018 13:39:28
0,0,289,0,0,0 7/27/2018 13:39:28
0,0,319,0,0,0 7/27/2018 13:39:28
0,0,321,336,0,0 7/27/2018 13:39:28
0,0,335,719,0,0 7/27/2018 13:39:28
0,0,348,789,0,0 7/27/2018 13:39:28
0,0,338,821,0,0 7/27/2018 13:39:28
0,0,361,828,0,0 7/27/2018 13:39:28
0,0,355,827,0,0 7/27/2018 13:39:28
0,0,294,808,0,0 7/27/2018 13:39:29
0,0,226,794,0,0 7/27/2018 13:39:29
0,0,143,766,0,0 7/27/2018 13:39:29
0,0,128,696,0,0 7/27/2018 13:39:29
0,0,212,658,0,0 7/27/2018 13:39:29
0,0,200,645,0,0 7/27/2018 13:39:29
0,0,307,569,0,0 7/27/2018 13:39:29
0,0,248,500,0,0 7/27/2018 13:39:29
0,0,109,340,0,0 7/27/2018 13:39:29
0,0,0,42,0,0 7/27/2018 13:39:29
0,2,0,0,0,0 7/27/2018 13:39:29
0,0,5,0,0,0 7/27/2018 13:39:29
0,0,30,0,0,0 7/27/2018 13:39:29
0,0,43,0,0,0 7/27/2018 13:39:29
0,0,77,0,0,0 7/27/2018 13:39:29
0,0,79,0,0,0 7/27/2018 13:39:29
0,0,81,0,0,0 7/27/2018 13:39:29
0,0,77,0,0,0 7/27/2018 13:39:29
0,0,68,0,0,0 7/27/2018 13:39:29
0,0,56,0,0,0 7/27/2018 13:39:29
0,0,57,0,0,0 7/27/2018 13:39:29
0,0,66,0,0,0 7/27/2018 13:39:29
0,0,54,0,0,0 7/27/2018 13:39:29
0,59,38,0,0,0 7/27/2018 13:39:30
0,147,42,0,0,0 7/27/2018 13:39:30
0,194,32,0,0,0 7/27/2018 13:39:30
0,161,26,0,0,0 7/27/2018 13:39:30
0,150,4,0,0,0 7/27/2018 13:39:30
0,183,27,0,0,0 7/27/2018 13:39:30
0,102,47,0,0,0 7/27/2018 13:39:30
0,140,44,0,0,0 7/27/2018 13:39:30
0,127,43,0,0,0 7/27/2018 13:39:30
0,115,37,0,0,0 7/27/2018 13:39:30
0,97,6,0,0,0 7/27/2018 13:39:30
0,80,28,9,0,0 7/27/2018 13:39:30
0,88,0,0,0,0 7/27/2018 13:39:30
0,126,36,15,0,0 7/27/2018 13:39:30
0,118,0,50,0,0 7/27/2018 13:39:30
0,131,0,53,0,0 7/27/2018 13:39:30
0,37,0,53,0,0 7/27/2018 13:39:30
0,50,0,46,0,0 7/27/2018 13:39:30
0,5,0,67,0,0 7/27/2018 13:39:30
0,0,0,66,0,0 7/27/2018 13:39:30
0,17,0,73,0,0 7/27/2018 13:39:30
0,61,0,1,0,0 7/27/2018 13:39:30
0,76,0,0,0,0 7/27/2018 13:39:30
0,96,36,0,0,0 7/27/2018 13:39:31
0,102,40,0,0,0 7/27/2018 13:39:31
0,80,45,0,0,0 7/27/2018 13:39:31
0,75,50,0,0,0 7/27/2018 13:39:31
0,79,90,0,0,0 7/27/2018 13:39:31
0,78,89,0,0,0 7/27/2018 13:39:31
0,93,64,0,0,0 7/27/2018 13:39:31
0,71,73,0,0,0 7/27/2018 13:39:31
0,72,66,0,0,0 7/27/2018 13:39:31
0,72,44,0,0,0 7/27/2018 13:39:31
0,62,19,0,0,0 7/27/2018 13:39:31
0,59,22,0,0,0 7/27/2018 13:39:31
0,55,14,0,0,0 7/27/2018 13:39:31
0,81,0,67,0,0 7/27/2018 13:39:31
0,72,0,164,0,0 7/27/2018 13:39:31
0,162,0,216,0,0 7/27/2018 13:39:31
0,252,0,197,0,0 7/27/2018 13:39:31
0,284,0,166,0,0 7/27/2018 13:39:31
0,315,0,120,0,0 7/27/2018 13:39:31
0,266,0,83,0,0 7/27/2018 13:39:31
0,74,0,42,0,0 7/27/2018 13:39:31
0,69,0,0,0,0 7/27/2018 13:39:31
0,65,0,0,0,0 7/27/2018 13:39:32
0,67,53,0,0,0 7/27/2018 13:39:32
0,45,0,0,0,0 7/27/2018 13:39:32
0,0,0,0,0,0 7/27/2018 13:39:32
0,0,3,0,0,0 7/27/2018 13:39:32
0,0,63,0,0,0 7/27/2018 13:39:32
0,0,64,0,0,0 7/27/2018 13:39:32
0,0,69,0,0,0 7/27/2018 13:39:32
0,0,70,0,0,0 7/27/2018 13:39:32
0,0,67,0,0,0 7/27/2018 13:39:32
0,0,68,0,0,0 7/27/2018 13:39:32
0,0,82,0,0,0 7/27/2018 13:39:32
0,0,75,0,0,0 7/27/2018 13:39:32
0,0,70,0,0,0 7/27/2018 13:39:32
0,0,64,0,0,0 7/27/2018 13:39:32
0,50,61,0,0,0 7/27/2018 13:39:32
0,103,60,0,0,0 7/27/2018 13:39:32
0,189,62,0,0,0 7/27/2018 13:39:32
0,297,59,0,0,0 7/27/2018 13:39:32
0,396,50,0,0,0 7/27/2018 13:39:32
0,417,45,0,0,0 7/27/2018 13:39:32
0,469,24,0,0,0 7/27/2018 13:39:32
0,470,47,0,0,0 7/27/2018 13:39:32
0,446,55,0,0,0 7/27/2018 13:39:33
0,354,56,0,0,0 7/27/2018 13:39:33
0,300,201,0,0,0 7/27/2018 13:39:33
0,394,209,0,0,0 7/27/2018 13:39:33
0,463,253,22,0,0 7/27/2018 13:39:33
0,463,129,38,0,0 7/27/2018 13:39:33
0,393,87,0,0,0 7/27/2018 13:39:33
0,326,257,0,0,0 7/27/2018 13:39:33
0,182,256,0,0,0 7/27/2018 13:39:33
0,82,171,0,0,0 7/27/2018 13:39:33
0,0,299,0,0,0 7/27/2018 13:39:33
0,0,387,0,0,0 7/27/2018 13:39:33
0,0,388,0,0,0 7/27/2018 13:39:33
0,0,274,0,0,0 7/27/2018 13:39:33
0,0,312,0,0,0 7/27/2018 13:39:33
0,0,273,0,0,0 7/27/2018 13:39:33
0,0,215,18,0,0 7/27/2018 13:39:33
0,0,203,0,0,0 7/27/2018 13:39:33
0,0,118,0,0,0 7/27/2018 13:39:33
0,0,162,65,0,0 7/27/2018 13:39:33
0,0,275,746,0,0 7/27/2018 13:39:33
0,0,256,783,0,0 7/27/2018 13:39:33
0,0,138,804,0,0 7/27/2018 13:39:33
0,0,99,773,0,0 7/27/2018 13:39:34
0,0,85,726,0,0 7/27/2018 13:39:34
0,0,76,699,0,0 7/27/2018 13:39:34
0,409,72,694,0,0 7/27/2018 13:39:34
0,498,60,715,0,0 7/27/2018 13:39:34
0,525,60,745,0,0 7/27/2018 13:39:34
0,533,60,751,0,0 7/27/2018 13:39:34
0,537,0,723,0,0 7/27/2018 13:39:34
0,547,0,698,0,0 7/27/2018 13:39:34
0,546,0,695,0,0 7/27/2018 13:39:34
0,551,0,658,0,0 7/27/2018 13:39:34
0,553,0,656,0,0 7/27/2018 13:39:34
0,540,0,588,0,0 7/27/2018 13:39:34
0,421,0,521,0,0 7/27/2018 13:39:34
0,0,5,487,0,0 7/27/2018 13:39:34
0,0,0,336,0,0 7/27/2018 13:39:34
0,0,0,164,0,0 7/27/2018 13:39:34
0,0,0,141,0,0 7/27/2018 13:39:34
0,0,65,0,0,0 7/27/2018 13:39:34
0,0,67,0,0,0 7/27/2018 13:39:34
0,0,65,0,0,0 7/27/2018 13:39:34
0,0,65,0,0,0 7/27/2018 13:39:34
0,0,55,0,0,0 7/27/2018 13:39:34
0,0,50,0,0,0 7/27/2018 13:39:35
0,0,39,0,0,0 7/27/2018 13:39:35
0,6,0,0,0,0 7/27/2018 13:39:35
0,75,83,0,0,0 7/27/2018 13:39:35
0,135,85,0,0,0 7/27/2018 13:39:35
0,110,162,0,0,0 7/27/2018 13:39:35
0,65,219,0,0,0 7/27/2018 13:39:35
0,0,383,0,0,0 7/27/2018 13:39:35
0,0,462,0,0,0 7/27/2018 13:39:35
0,0,443,0,0,0 7/27/2018 13:39:35
0,0,392,0,0,0 7/27/2018 13:39:35
0,0,387,0,0,0 7/27/2018 13:39:35
0,0,417,0,0,0 7/27/2018 13:39:35
0,0,407,0,0,0 7/27/2018 13:39:35
0,0,397,0,0,0 7/27/2018 13:39:35
0,0,370,0,0,0 7/27/2018 13:39:35
0,0,360,0,0,0 7/27/2018 13:39:35
0,0,360,0,0,0 7/27/2018 13:39:35
0,3,309,0,0,0 7/27/2018 13:39:35
0,0,326,0,0,0 7/27/2018 13:39:35
0,0,323,0,0,0 7/27/2018 13:39:35
0,0,354,0,0,0 7/27/2018 13:39:35
0,0,375,0,0,0 7/27/2018 13:39:36
0,0,367,0,0,0 7/27/2018 13:39:36
0,0,364,0,0,0 7/27/2018 13:39:36
0,0,366,0,0,0 7/27/2018 13:39:36
0,0,344,0,0,0 7/27/2018 13:39:36
0,30,331,0,0,0 7/27/2018 13:39:36
0,27,312,0,0,0 7/27/2018 13:39:36
0,12,285,0,0,0 7/27/2018 13:39:36
0,36,298,256,0,0 7/27/2018 13:39:36
0,0,328,594,0,0 7/27/2018 13:39:36
0,0,353,663,0,0 7/27/2018 13:39:36
0,0,419,651,0,0 7/27/2018 13:39:36
0,0,473,665,0,0 7/27/2018 13:39:36
0,31,500,666,0,0 7/27/2018 13:39:36
0,43,496,659,0,0 7/27/2018 13:39:36
0,216,482,666,0,0 7/27/2018 13:39:36
0,275,393,594,0,0 7/27/2018 13:39:36
0,245,318,496,0,0 7/27/2018 13:39:36
0,241,323,396,0,0 7/27/2018 13:39:36
0,248,269,295,0,0 7/27/2018 13:39:36
0,269,264,182,0,0 7/27/2018 13:39:36
0,315,292,155,0,0 7/27/2018 13:39:36
0,319,313,122,0,0 7/27/2018 13:39:36
0,329,280,71,0,0 7/27/2018 13:39:37
0,343,305,47,0,0 7/27/2018 13:39:37
0,345,243,4,0,0 7/27/2018 13:39:37
0,344,157,0,0,0 7/27/2018 13:39:37
0,263,134,0,0,0 7/27/2018 13:39:37
0,230,120,0,0,0 7/27/2018 13:39:37
0,0,99,0,0,0 7/27/2018 13:39:37
0,0,95,0,0,0 7/27/2018 13:39:37
0,0,92,0,0,0 7/27/2018 13:39:37
0,0,84,0,0,0 7/27/2018 13:39:37
0,0,16,0,0,0 7/27/2018 13:39:37
0,0,86,0,0,0 7/27/2018 13:39:37
0,0,62,0,0,0 7/27/2018 13:39:37
0,0,60,0,0,0 7/27/2018 13:39:37
0,0,68,0,0,0 7/27/2018 13:39:37
0,98,90,0,0,0 7/27/2018 13:39:37
