0,452,8,0,0,0 7/27/2018 13:40:40
0,468,19,0,0,0 7/27/2018 13:40:40
0,482,29,0,0,0 7/27/2018 13:40:40
0,500,14,0,0,0 7/27/2018 13:40:40
0,505,46,0,0,0 7/27/2018 13:40:40
0,512,44,19,0,0 7/27/2018 13:40:40
0,517,38,119,0,0 7/27/2018 13:40:40
0,520,0,241,0,0 7/27/2018 13:40:40
0,529,0,265,0,0 7/27/2018 13:40:40
0,552,0,309,0,0 7/27/2018 13:40:40
0,555,0,309,0,0 7/27/2018 13:40:40
0,557,0,319,0,0 7/27/2018 13:40:40
0,566,0,299,0,0 7/27/2018 13:40:40
0,565,0,290,0,0 7/27/2018 13:40:40
0,572,0,267,0,0 7/27/2018 13:40:40
0,572,0,229,0,0 7/27/2018 13:40:41
0,574,0,188,0,0 7/27/2018 13:40:41
0,578,0,175,0,0 7/27/2018 13:40:41
0,581,0,168,0,0 7/27/2018 13:40:41
0,584,10,202,0,0 7/27/2018 13:40:41
0,586,43,187,0,0 7/27/2018 13:40:41
0,588,125,200,0,0 7/27/2018 13:40:41
0,583,137,224,0,0 7/27/2018 13:40:41
0,583,74,252,0,0 7/27/2018 13:40:41
0,583,42,246,0,1 7/27/2018 13:40:41
0,586,14,212,0,0 7/27/2018 13:40:41
0,586,0,142,0,0 7/27/2018 13:40:41
0,586,0,90,0,0 7/27/2018 13:40:41
0,585,0,6,0,0 7/27/2018 13:40:41
0,580,0,0,0,0 7/27/2018 13:40:41
0,578,0,0,0,0 7/27/2018 13:40:41
0,573,0,0,0,0 7/27/2018 13:40:41
0,563,0,0,0,0 7/27/2018 13:40:41
0,564,0,0,0,0 7/27/2018 13:40:41
0,563,0,0,0,0 7/27/2018 13:40:41
0,564,0,0,0,0 7/27/2018 13:40:41
0,565,0,0,0,0 7/27/2018 13:40:41
0,562,0,0,0,0 7/27/2018 13:40:42
0,554,0,0,0,0 7/27/2018 13:40:42
0,552,0,0,0,0 7/27/2018 13:40:42
0,537,0,0,0,0 7/27/2018 13:40:42
0,515,0,0,0,0 7/27/2018 13:40:42
0,493,0,0,0,0 7/27/2018 13:40:42
0,475,0,0,0,0 7/27/2018 13:40:42
0,431,0,31,0,0 7/27/2018 13:40:42
0,359,0,32,0,0 7/27/2018 13:40:42
0,136,0,0,0,0 7/27/2018 13:40:42
0,0,0,0,0,0 7/27/2018 13:40:42
0,1,0,0,0,0 7/27/2018 13:40:42
0,2,0,0,0,0 7/27/2018 13:40:42
0,0,0,0,0,0 7/27/2018 13:40:42
0,0,0,0,0,0 7/27/2018 13:40:42
0,0,0,0,0,0 7/27/2018 13:40:42
0,0,0,0,0,0 7/27/2018 13:40:42
0,32,0,0,0,0 7/27/2018 13:40:42
0,0,2,24,0,0 7/27/2018 13:40:42
0,73,15,18,0,0 7/27/2018 13:40:42
0,169,30,100,0,0 7/27/2018 13:40:42
0,256,71,165,0,0 7/27/2018 13:40:42
0,309,114,220,0,0 7/27/2018 13:40:42
0,308,97,265,0,0 7/27/2018 13:40:43
0,305,45,306,0,0 7/27/2018 13:40:43
0,321,23,325,0,0 7/27/2018 13:40:43
0,327,18,380,0,0 7/27/2018 13:40:43
0,330,6,471,0,0 7/27/2018 13:40:43
0,360,0,499,0,0 7/27/2018 13:40:43
0,389,37,532,0,0 7/27/2018 13:40:43
0,390,54,581,0,0 7/27/2018 13:40:43
0,420,2,634,0,0 7/27/2018 13:40:43
0,440,54,688,0,0 7/27/2018 13:40:43
0,448,67,707,0,0 7/27/2018 13:40:43
0,452,81,694,0,0 7/27/2018 13:40:43
0,414,134,669,0,0 7/27/2018 13:40:43
0,388,161,584,0,0 7/27/2018 13:40:43
0,396,127,527,0,0 7/27/2018 13:40:43
0,408,128,535,0,0 7/27/2018 13:40:43
0,427,218,505,0,0 7/27/2018 13:40:43
0,434,155,533,0,0 7/27/2018 13:40:43
0,457,146,565,0,0 7/27/2018 13:40:43
0,469,94,578,0,0 7/27/2018 13:40:43
0,490,116,573,0,0 7/27/2018 13:40:43
0,500,106,578,0,0 7/27/2018 13:40:43
0,499,53,553,0,0 7/27/2018 13:40:43
0,501,51,523,0,0 7/27/2018 13:40:44
0,502,0,538,0,0 7/27/2018 13:40:44
0,500,0,619,0,0 7/27/2018 13:40:44
0,496,0,678,0,0 7/27/2018 13:40:44
0,480,0,691,0,0 7/27/2018 13:40:44
0,456,0,674,0,0 7/27/2018 13:40:44
0,437,0,670,0,0 7/27/2018 13:40:44
0,409,0,667,0,0 7/27/2018 13:40:44
0,418,0,612,0,0 7/27/2018 13:40:44
0,378,0,452,0,0 7/27/2018 13:40:44
0,345,73,277,0,0 7/27/2018 13:40:44
0,302,174,252,0,0 7/27/2018 13:40:44
0,139,28,169,0,0 7/27/2018 13:40:44
0,0,34,145,0,0 7/27/2018 13:40:44
0,0,100,0,0,0 7/27/2018 13:40:44
0,0,329,0,0,0 7/27/2018 13:40:44
0,260,410,0,0,0 7/27/2018 13:40:44
0,454,358,0,0,0 7/27/2018 13:40:44
0,529,344,69,0,0 7/27/2018 13:40:44
0,541,463,307,0,0 7/27/2018 13:40:44
0,516,419,434,0,0 7/27/2018 13:40:44
0,473,412,417,0,0 7/27/2018 13:40:44
0,396,441,442,0,0 7/27/2018 13:40:45
0,282,419,213,0,0 7/27/2018 13:40:45
0,309,438,44,0,0 7/27/2018 13:40:45
0,284,431,143,0,0 7/27/2018 13:40:45
0,286,345,222,0,0 7/27/2018 13:40:45
0,335,302,466,0,0 7/27/2018 13:40:45
0,399,347,667,0,0 7/27/2018 13:40:45
0,428,384,719,0,0 7/27/2018 13:40:45
0,326,394,749,0,0 7/27/2018 13:40:45
0,205,372,712,0,0 7/27/2018 13:40:45
0,239,307,300,0,0 7/27/2018 13:40:45
0,253,270,119,0,0 7/27/2018 13:40:45
0,294,343,0,0,0 7/27/2018 13:40:45
0,272,459,0,0,0 7/27/2018 13:40:45
0,328,450,0,0,0 7/27/2018 13:40:45
0,389,379,0,0,0 7/27/2018 13:40:45
0,302,305,0,0,0 7/27/2018 13:40:45
0,126,190,0,0,0 7/27/2018 13:40:45
0,0,154,0,0,0 7/27/2018 13:40:45
0,0,215,0,0,0 7/27/2018 13:40:45
0,0,248,0,0,0 7/27/2018 13:40:45
0,0,177,0,0,0 7/27/2018 13:40:45
0,0,0,0,0,0 7/27/2018 13:40:45
0,0,0,0,0,0 7/27/2018 13:40:46
0,0,0,0,0,0 7/27/2018 13:40:46
0,0,0,0,0,0 7/27/2018 13:40:46
0,0,0,0,0,0 7/27/2018 13:40:46
0,0,0,0,0,0 7/27/2018 13:40:46
0,0,0,0,0,0 7/27/2018 13:40:46
0,0,0,0,0,0 7/27/2018 13:40:46
0,0,0,0,0,0 7/27/2018 13:40:46
0,0,0,292,0,0 7/27/2018 13:40:46
0,47,0,452,0,0 7/27/2018 13:40:46
0,243,0,516,0,0 7/27/2018 13:40:46
0,375,0,556,0,0 7/27/2018 13:40:46
0,460,0,105,0,0 7/27/2018 13:40:46
0,465,9,0,0,0 7/27/2018 13:40:46
0,489,38,176,0,0 7/27/2018 13:40:46
0,490,61,507,0,0 7/27/2018 13:40:46
0,494,73,647,0,0 7/27/2018 13:40:46
0,483,89,550,0,0 7/27/2018 13:40:46
0,471,109,242,0,0 7/27/2018 13:40:46
0,474,171,0,0,0 7/27/2018 13:40:46
0,427,168,0,0,0 7/27/2018 13:40:46
0,332,71,0,0,0 7/27/2018 13:40:46
0,135,0,0,0,0 7/27/2018 13:40:46
0,18,0,0,0,0 7/27/2018 13:40:47
0,0,0,0,0,0 7/27/2018 13:40:47
0,0,0,0,0,0 7/27/2018 13:40:47
0,0,0,0,0,0 7/27/2018 13:40:47
0,0,0,0,0,0 7/27/2018 13:40:47
0,0,0,0,0,0 7/27/2018 13:40:47
0,0,0,0,0,0 7/27/2018 13:40:47
0,0,0,0,0,0 7/27/2018 13:40:47
0,0,0,0,0,0 7/27/2018 13:40:47
0,0,0,0,0,0 7/27/2018 13:40:47
0,0,0,0,0,0 7/27/2018 13:40:47
0,0,0,0,0,0 7/27/2018 13:40:47
0,0,61,0,0,0 7/27/2018 13:40:47
0,0,73,0,0,0 7/27/2018 13:40:47
0,0,61,0,0,0 7/27/2018 13:40:47
0,0,75,0,0,0 7/27/2018 13:40:47
0,0,71,0,0,0 7/27/2018 13:40:47
0,0,40,0,0,0 7/27/2018 13:40:47
0,19,5,14,0,0 7/27/2018 13:40:47
0,58,0,132,0,0 7/27/2018 13:40:47
0,132,28,248,0,0 7/27/2018 13:40:47
0,215,59,385,0,0 7/27/2018 13:40:47
0,267,52,400,0,0 7/27/2018 13:40:48
0,354,138,330,0,0 7/27/2018 13:40:48
0,55,149,95,0,0 7/27/2018 13:40:48
0,36,27,15,0,0 7/27/2018 13:40:48
0,0,32,27,0,0 7/27/2018 13:40:48
0,0,12,36,0,0 7/27/2018 13:40:48
0,0,8,11,0,0 7/27/2018 13:40:48
0,0,41,0,0,0 7/27/2018 13:40:48
0,0,2,0,0,0 7/27/2018 13:40:48
0,0,0,0,0,0 7/27/2018 13:40:48
0,0,0,2,0,0 7/27/2018 13:40:48
0,0,0,175,0,0 7/27/2018 13:40:48
0,0,0,417,0,0 7/27/2018 13:40:48
0,0,0,536,0,0 7/27/2018 13:40:48
0,0,13,439,0,0 7/27/2018 13:40:48
0,0,14,449,0,0 7/27/2018 13:40:48
0,0,0,308,0,0 7/27/2018 13:40:48
0,69,0,314,0,0 7/27/2018 13:40:48
0,79,0,297,0,0 7/27/2018 13:40:48
0,87,0,330,0,0 7/27/2018 13:40:48
0,68,25,317,0,0 7/27/2018 13:40:48
0,0,50,268,0,0 7/27/2018 13:40:48
0,0,56,291,0,0 7/27/2018 13:40:48
0,0,62,363,0,0 7/27/2018 13:40:49
0,0,62,401,0,0 7/27/2018 13:40:49
0,0,33,408,0,0 7/27/2018 13:40:49
0,0,0,426,0,0 7/27/2018 13:40:49
0,0,0,426,0,0 7/27/2018 13:40:49
0,0,0,422,0,0 7/27/2018 13:40:49
0,0,0,402,0,0 7/27/2018 13:40:49
0,0,0,389,0,0 7/27/2018 13:40:49
0,0,0,345,0,0 7/27/2018 13:40:49
0,0,0,311,0,0 7/27/2018 13:40:49
0,0,0,278,1,0 7/27/2018 13:40:49
0,0,0,248,0,0 7/27/2018 13:40:49
0,0,0,257,0,0 7/27/2018 13:40:49
0,0,0,250,0,0 7/27/2018 13:40:49
0,0,0,245,0,0 7/27/2018 13:40:49
0,0,0,241,0,0 7/27/2018 13:40:49
0,0,0,256,0,0 7/27/2018 13:40:49
0,0,63,259,0,0 7/27/2018 13:40:49
0,0,124,236,0,0 7/27/2018 13:40:49
0,0,186,205,0,0 7/27/2018 13:40:49
0,0,186,152,0,0 7/27/2018 13:40:49
0,0,204,108,0,0 7/27/2018 13:40:49
0,0,193,99,0,0 7/27/2018 13:40:49
0,0,182,71,0,0 7/27/2018 13:40:50
0,0,145,84,0,0 7/27/2018 13:40:50
0,0,115,103,0,0 7/27/2018 13:40:50
0,0,4,94,0,0 7/27/2018 13:40:50
0,0,0,90,0,0 7/27/2018 13:40:50
0,0,0,86,0,0 7/27/2018 13:40:50
0,0,0,4,0,0 7/27/2018 13:40:50
0,0,0,0,0,0 7/27/2018 13:40:50
0,0,0,0,0,0 7/27/2018 13:40:50
0,0,0,0,0,0 7/27/2018 13:40:50
0,0,0,0,0,0 7/27/2018 13:40:50
0,0,0,0,0,0 7/27/2018 13:40:50
0,0,0,0,0,0 7/27/2018 13:40:50
0,0,0,0,0,0 7/27/2018 13:40:50
0,0,0,0,0,0 7/27/2018 13:40:50
0,0,0,0,0,0 7/27/2018 13:40:50
0,0,0,0,0,0 7/27/2018 13:40:50
0,0,0,0,0,0 7/27/2018 13:40:50
0,0,0,0,0,0 7/27/2018 13:40:50
0,0,0,0,0,0 7/27/2018 13:40:50
0,0,0,0,0,0 7/27/2018 13:40:50
0,0,0,0,0,0 7/27/2018 13:40:50
0,0,0,0,0,0 7/27/2018 13:40:50
0,15,17,0,0,0 7/27/2018 13:40:51
0,83,65,0,0,0 7/27/2018 13:40:51
0,139,110,0,0,0 7/27/2018 13:40:51
0,172,167,0,0,0 7/27/2018 13:40:51
0,178,216,0,0,0 7/27/2018 13:40:51
0,190,253,0,0,0 7/27/2018 13:40:51
0,204,282,0,0,0 7/27/2018 13:40:51
0,208,312,0,0,0 7/27/2018 13:40:51
0,226,319,0,0,0 7/27/2018 13:40:51
0,234,328,0,0,0 7/27/2018 13:40:51
0,230,315,0,0,0 7/27/2018 13:40:51
0,164,240,0,0,0 7/27/2018 13:40:51
0,89,74,0,0,0 7/27/2018 13:40:51
0,0,0,0,0,0 7/27/2018 13:40:51
0,0,0,0,0,0 7/27/2018 13:40:51
0,0,0,0,0,0 7/27/2018 13:40:51
0,0,0,0,0,0 7/27/2018 13:40:51
0,0,0,0,0,0 7/27/2018 13:40:51
0,0,0,0,0,0 7/27/2018 13:40:51
0,0,0,0,0,0 7/27/2018 13:40:51
0,0,0,0,0,0 7/27/2018 13:40:51
0,0,0,0,0,0 7/27/2018 13:40:51
0,0,0,0,0,0 7/27/2018 13:40:52
0,0,0,0,0,0 7/27/2018 13:40:52
0,0,0,0,0,0 7/27/2018 13:40:52
0,0,0,0,0,0 7/27/2018 13:40:52
0,0,0,0,0,0 7/27/2018 13:40:52
0,237,0,0,0,0 7/27/2018 13:40:52
0,376,0,0,0,0 7/27/2018 13:40:52
0,438,22,0,0,0 7/27/2018 13:40:52
0,457,56,0,0,0 7/27/2018 13:40:52
0,449,50,0,0,0 7/27/2018 13:40:52
0,423,33,0,0,0 7/27/2018 13:40:52
0,357,0,0,0,0 7/27/2018 13:40:52
0,59,0,0,0,0 7/27/2018 13:40:52
0,0,0,0,0,0 7/27/2018 13:40:52
0,0,0,0,0,0 7/27/2018 13:40:52
0,0,3,0,0,0 7/27/2018 13:40:52
0,0,0,0,0,0 7/27/2018 13:40:52
0,0,0,0,0,0 7/27/2018 13:40:52
0,0,0,0,0,0 7/27/2018 13:40:52
0,0,0,0,0,0 7/27/2018 13:40:52
0,0,0,0,0,0 7/27/2018 13:40:52
