0,371,0,0,0,0 7/27/2018 13:41:48
0,45,0,0,0,0 7/27/2018 13:41:48
0,0,0,0,0,0 7/27/2018 13:41:49
0,0,0,0,0,0 7/27/2018 13:41:49
0,0,0,0,0,0 7/27/2018 13:41:49
0,0,0,0,0,0 7/27/2018 13:41:49
0,0,0,0,0,0 7/27/2018 13:41:49
0,0,0,0,0,0 7/27/2018 13:41:49
0,0,0,0,0,0 7/27/2018 13:41:49
0,0,0,0,0,0 7/27/2018 13:41:49
0,0,0,0,0,0 7/27/2018 13:41:49
0,0,0,0,0,0 7/27/2018 13:41:49
0,0,0,0,0,0 7/27/2018 13:41:49
0,0,0,0,0,0 7/27/2018 13:41:49
0,0,0,0,0,0 7/27/2018 13:41:49
0,0,0,0,0,0 7/27/2018 13:41:49
0,0,0,0,0,0 7/27/2018 13:41:49
0,0,0,0,0,0 7/27/2018 13:41:49
0,0,0,0,0,0 7/27/2018 13:41:49
0,0,0,0,0,0 7/27/2018 13:41:49
0,0,0,0,0,0 7/27/2018 13:41:49
0,0,0,0,0,0 7/27/2018 13:41:49
0,0,0,0,0,0 7/27/2018 13:41:49
0,0,0,0,0,0 7/27/2018 13:41:49
0,0,0,0,0,0 7/27/2018 13:41:49
0,0,0,142,0,0 7/27/2018 13:41:50
0,30,0,178,0,0 7/27/2018 13:41:50
0,126,0,83,0,0 7/27/2018 13:41:50
0,136,0,0,0,0 7/27/2018 13:41:50
0,176,0,0,0,0 7/27/2018 13:41:50
0,269,0,0,0,0 7/27/2018 13:41:50
0,342,0,0,0,0 7/27/2018 13:41:50
0,342,0,0,0,0 7/27/2018 13:41:50
0,318,0,0,0,0 7/27/2018 13:41:50
0,187,0,0,0,0 7/27/2018 13:41:50
0,70,0,0,0,0 7/27/2018 13:41:50
0,0,0,0,0,0 7/27/2018 13:41:50
0,0,0,0,0,0 7/27/2018 13:41:50
0,0,0,0,0,0 7/27/2018 13:41:50
0,0,0,0,0,0 7/27/2018 13:41:50
0,0,0,0,0,0 7/27/2018 13:41:50
0,0,2,0,0,0 7/27/2018 13:41:50
0,0,0,0,0,0 7/27/2018 13:41:50
0,0,0,0,0,0 7/27/2018 13:41:50
0,0,36,0,0,0 7/27/2018 13:41:50
0,0,0,0,0,0 7/27/2018 13:41:50
0,0,6,71,0,0 7/27/2018 13:41:50
0,0,0,55,0,0 7/27/2018 13:41:50
0,0,0,56,0,0 7/27/2018 13:41:51
0,0,0,88,0,0 7/27/2018 13:41:51
0,51,0,30,0,0 7/27/2018 13:41:51
0,0,0,0,0,0 7/27/2018 13:41:51
0,0,0,0,0,0 7/27/2018 13:41:51
0,0,0,0,0,0 7/27/2018 13:41:51
0,0,0,0,0,0 7/27/2018 13:41:51
0,0,0,0,0,0 7/27/2018 13:41:51
0,0,0,0,0,0 7/27/2018 13:41:51
0,0,0,0,0,0 7/27/2018 13:41:51
0,0,0,0,0,0 7/27/2018 13:41:51
0,0,0,0,0,0 7/27/2018 13:41:51
0,0,0,0,0,0 7/27/2018 13:41:51
0,0,0,0,0,0 7/27/2018 13:41:51
0,0,88,0,0,0 7/27/2018 13:41:51
0,0,81,0,0,0 7/27/2018 13:41:51
0,0,40,0,0,0 7/27/2018 13:41:51
0,45,2,0,0,0 7/27/2018 13:41:51
0,51,0,0,0,0 7/27/2018 13:41:51
0,86,0,0,0,0 7/27/2018 13:41:51
0,85,0,0,0,0 7/27/2018 13:41:51
0,80,0,0,0,0 7/27/2018 13:41:51
0,23,0,0,0,0 7/27/2018 13:41:52
0,3,0,0,0,0 7/27/2018 13:41:52
0,0,0,0,0,0 7/27/2018 13:41:52
0,0,0,0,0,0 7/27/2018 13:41:52
0,0,0,37,0,0 7/27/2018 13:41:52
0,0,0,358,0,0 7/27/2018 13:41:52
0,0,0,436,0,0 7/27/2018 13:41:52
0,2,0,472,0,0 7/27/2018 13:41:52
0,0,0,420,0,0 7/27/2018 13:41:52
0,0,0,110,0,0 7/27/2018 13:41:52
0,0,0,0,0,0 7/27/2018 13:41:52
0,0,0,0,0,0 7/27/2018 13:41:52
0,0,0,0,0,0 7/27/2018 13:41:52
0,0,0,0,0,0 7/27/2018 13:41:52
0,0,0,0,0,0 7/27/2018 13:41:52
0,0,0,0,0,0 7/27/2018 13:41:52
0,0,0,0,0,0 7/27/2018 13:41:52
0,0,0,0,0,0 7/27/2018 13:41:52
0,0,0,0,0,0 7/27/2018 13:41:52
0,0,0,0,0,0 7/27/2018 13:41:52
0,0,0,0,0,0 7/27/2018 13:41:52
0,0,0,0,0,0 7/27/2018 13:41:52
0,0,0,0,0,0 7/27/2018 13:41:52
0,0,0,0,0,0 7/27/2018 13:41:53
0,0,0,0,0,0 7/27/2018 13:41:53
0,0,0,0,0,0 7/27/2018 13:41:53
0,0,0,0,0,0 7/27/2018 13:41:53
0,0,0,0,0,0 7/27/2018 13:41:53
0,0,0,0,0,0 7/27/2018 13:41:53
0,0,0,0,0,0 7/27/2018 13:41:53
0,45,0,0,0,0 7/27/2018 13:41:53
0,220,0,0,0,0 7/27/2018 13:41:53
0,304,0,0,0,0 7/27/2018 13:41:53
0,315,0,0,0,0 7/27/2018 13:41:53
0,348,0,0,0,0 7/27/2018 13:41:53
0,427,0,0,0,0 7/27/2018 13:41:53
0,424,0,0,0,0 7/27/2018 13:41:53
0,433,0,0,0,0 7/27/2018 13:41:53
0,414,0,0,0,0 7/27/2018 13:41:53
0,311,0,0,0,0 7/27/2018 13:41:53
0,0,0,0,0,0 7/27/2018 13:41:53
0,0,0,0,0,0 7/27/2018 13:41:53
0,11,7,0,0,0 7/27/2018 13:41:53
0,0,5,0,0,0 7/27/2018 13:41:53
0,0,0,0,0,0 7/27/2018 13:41:53
0,0,0,0,0,0 7/27/2018 13:41:53
0,0,0,0,0,0 7/27/2018 13:41:54
0,0,0,0,0,0 7/27/2018 13:41:54
0,0,27,0,0,0 7/27/2018 13:41:54
0,0,44,0,0,0 7/27/2018 13:41:54
0,52,59,230,0,0 7/27/2018 13:41:54
0,57,118,423,0,0 7/27/2018 13:41:54
0,83,198,552,0,0 7/27/2018 13:41:54
0,124,228,552,0,0 7/27/2018 13:41:54
0,89,222,485,0,0 7/27/2018 13:41:54
0,53,167,208,0,0 7/27/2018 13:41:54
0,0,131,0,0,0 7/27/2018 13:41:54
0,0,7,0,0,0 7/27/2018 13:41:54
0,52,14,0,0,0 7/27/2018 13:41:54
0,79,0,0,0,0 7/27/2018 13:41:54
0,0,0,0,0,0 7/27/2018 13:41:54
0,0,0,0,2,0 7/27/2018 13:41:54
0,0,2,0,0,0 7/27/2018 13:41:54
0,0,3,0,0,0 7/27/2018 13:41:54
0,0,0,0,0,0 7/27/2018 13:41:54
0,0,65,0,0,0 7/27/2018 13:41:54
0,0,73,0,0,0 7/27/2018 13:41:54
0,0,61,0,0,0 7/27/2018 13:41:54
0,0,64,0,0,0 7/27/2018 13:41:55
0,0,59,0,0,0 7/27/2018 13:41:55
0,0,93,44,0,0 7/27/2018 13:41:55
0,35,114,147,0,0 7/27/2018 13:41:55
0,77,111,170,0,0 7/27/2018 13:41:55
0,77,121,104,0,0 7/27/2018 13:41:55
0,85,147,113,0,0 7/27/2018 13:41:55
0,77,167,94,0,0 7/27/2018 13:41:55
0,80,184,46,0,0 7/27/2018 13:41:55
0,86,195,31,0,0 7/27/2018 13:41:55
0,85,188,34,0,0 7/27/2018 13:41:55
0,83,169,40,0,0 7/27/2018 13:41:55
0,81,185,28,0,0 7/27/2018 13:41:55
0,82,188,0,0,0 7/27/2018 13:41:55
0,80,188,0,0,0 7/27/2018 13:41:55
0,71,185,0,0,0 7/27/2018 13:41:55
0,59,184,0,0,0 7/27/2018 13:41:55
0,66,192,0,0,0 7/27/2018 13:41:55
0,15,190,0,0,0 7/27/2018 13:41:55
0,6,183,0,0,0 7/27/2018 13:41:55
0,0,188,0,0,0 7/27/2018 13:41:55
0,0,206,0,0,0 7/27/2018 13:41:55
0,0,201,0,0,0 7/27/2018 13:41:55
0,15,205,0,0,0 7/27/2018 13:41:56
0,0,192,0,0,0 7/27/2018 13:41:56
0,0,147,0,0,0 7/27/2018 13:41:56
0,0,134,0,0,0 7/27/2018 13:41:56
0,0,76,0,0,0 7/27/2018 13:41:56
0,0,74,0,0,0 7/27/2018 13:41:56
0,0,14,0,0,0 7/27/2018 13:41:56
0,0,0,0,0,0 7/27/2018 13:41:56
0,0,0,0,0,0 7/27/2018 13:41:56
0,0,0,0,0,0 7/27/2018 13:41:56
0,0,0,0,0,0 7/27/2018 13:41:56
0,0,0,0,0,0 7/27/2018 13:41:56
0,0,0,0,0,0 7/27/2018 13:41:56
0,0,0,0,0,0 7/27/2018 13:41:56
0,0,0,0,0,0 7/27/2018 13:41:56
0,0,0,0,0,0 7/27/2018 13:41:56
0,0,0,0,0,0 7/27/2018 13:41:56
0,0,50,0,0,0 7/27/2018 13:41:56
0,0,35,0,0,0 7/27/2018 13:41:56
0,0,43,0,0,0 7/27/2018 13:41:56
0,0,20,0,0,0 7/27/2018 13:41:56
0,0,0,0,0,0 7/27/2018 13:41:56
0,0,0,0,0,0 7/27/2018 13:41:56
0,0,0,0,0,0 7/27/2018 13:41:57
0,74,0,0,0,0 7/27/2018 13:41:57
0,219,0,0,0,0 7/27/2018 13:41:57
0,269,13,0,0,0 7/27/2018 13:41:57
0,331,30,0,0,0 7/27/2018 13:41:57
0,374,42,0,0,0 7/27/2018 13:41:57
0,408,44,0,0,0 7/27/2018 13:41:57
0,417,67,79,0,0 7/27/2018 13:41:57
0,440,96,277,0,0 7/27/2018 13:41:57
0,463,145,376,0,0 7/27/2018 13:41:57
0,472,222,435,0,0 7/27/2018 13:41:57
0,474,258,485,0,0 7/27/2018 13:41:57
0,477,302,544,0,0 7/27/2018 13:41:57
0,484,324,558,0,0 7/27/2018 13:41:57
0,483,345,548,0,0 7/27/2018 13:41:57
0,485,340,549,0,0 7/27/2018 13:41:57
0,477,286,516,0,0 7/27/2018 13:41:57
0,480,247,512,0,0 7/27/2018 13:41:57
0,481,270,503,0,0 7/27/2018 13:41:57
0,478,268,491,0,0 7/27/2018 13:41:57
0,437,249,431,0,0 7/27/2018 13:41:57
0,304,184,219,0,0 7/27/2018 13:41:57
0,161,118,10,0,0 7/27/2018 13:41:57
0,0,96,0,0,0 7/27/2018 13:41:58
0,0,70,0,0,0 7/27/2018 13:41:58
0,0,53,0,0,0 7/27/2018 13:41:58
0,0,7,0,0,0 7/27/2018 13:41:58
0,0,0,0,0,0 7/27/2018 13:41:58
0,0,0,0,0,0 7/27/2018 13:41:58
0,202,0,0,0,0 7/27/2018 13:41:58
0,259,0,0,0,0 7/27/2018 13:41:58
0,264,0,0,0,0 7/27/2018 13:41:58
0,281,0,0,0,0 7/27/2018 13:41:58
0,261,0,0,0,0 7/27/2018 13:41:58
0,325,0,0,0,0 7/27/2018 13:41:58
0,315,0,0,0,0 7/27/2018 13:41:58
0,231,0,0,1,0 7/27/2018 13:41:58
0,231,0,0,0,0 7/27/2018 13:41:58
0,256,2,0,0,0 7/27/2018 13:41:58
0,214,10,0,0,0 7/27/2018 13:41:58
0,157,11,0,0,0 7/27/2018 13:41:58
0,0,0,0,0,0 7/27/2018 13:41:58
0,0,5,0,0,0 7/27/2018 13:41:58
0,0,10,0,0,0 7/27/2018 13:41:58
0,0,6,0,0,0 7/27/2018 13:41:58
0,0,0,0,0,0 7/27/2018 13:41:59
0,0,0,0,0,0 7/27/2018 13:41:59
0,0,0,0,0,0 7/27/2018 13:41:59
0,0,0,0,0,0 7/27/2018 13:41:59
0,0,3,0,0,0 7/27/2018 13:41:59
0,0,0,0,0,0 7/27/2018 13:41:59
0,0,0,0,0,0 7/27/2018 13:41:59
0,0,1,0,0,0 7/27/2018 13:41:59
0,0,5,0,0,0 7/27/2018 13:41:59
0,0,4,0,0,0 7/27/2018 13:41:59
0,0,4,0,0,0 7/27/2018 13:41:59
0,0,0,0,0,0 7/27/2018 13:41:59
0,137,0,0,0,0 7/27/2018 13:41:59
0,181,0,0,0,0 7/27/2018 13:41:59
0,101,0,0,0,0 7/27/2018 13:41:59
0,55,0,0,0,0 7/27/2018 13:41:59
0,90,0,0,0,0 7/27/2018 13:41:59
0,0,13,0,0,0 7/27/2018 13:41:59
0,0,1,0,0,0 7/27/2018 13:41:59
0,0,5,0,0,0 7/27/2018 13:41:59
0,0,19,0,0,0 7/27/2018 13:41:59
0,0,0,0,0,0 7/27/2018 13:41:59
0,0,0,0,0,0 7/27/2018 13:41:59
0,0,0,0,0,0 7/27/2018 13:42:0
0,0,0,0,0,0 7/27/2018 13:42:0
0,0,0,0,0,0 7/27/2018 13:42:0
0,0,0,0,0,0 7/27/2018 13:42:0
0,0,0,0,0,0 7/27/2018 13:42:0
0,0,0,0,0,0 7/27/2018 13:42:0
0,0,0,0,0,0 7/27/2018 13:42:0
0,0,16,0,0,0 7/27/2018 13:42:0
0,0,3,0,0,0 7/27/2018 13:42:0
0,0,0,0,0,0 7/27/2018 13:42:0
0,0,0,0,0,0 7/27/2018 13:42:0
0,0,2,0,0,0 7/27/2018 13:42:0
0,120,0,0,0,0 7/27/2018 13:42:0
0,0,0,0,0,0 7/27/2018 13:42:0
0,0,0,0,0,0 7/27/2018 13:42:0
0,0,0,0,0,0 7/27/2018 13:42:0
0,0,0,0,0,0 7/27/2018 13:42:0
0,0,0,0,0,0 7/27/2018 13:42:0
0,0,0,0,0,0 7/27/2018 13:42:0
0,0,0,0,0,0 7/27/2018 13:42:0
0,0,0,0,0,0 7/27/2018 13:42:0
0,0,0,0,2,0 7/27/2018 13:42:0
0,0,0,0,0,0 7/27/2018 13:42:0
0,0,0,0,0,0 7/27/2018 13:42:1
0,61,0,0,0,0 7/27/2018 13:42:1
0,0,0,0,0,0 7/27/2018 13:42:1
0,0,0,0,0,0 7/27/2018 13:42:1
0,0,0,0,0,0 7/27/2018 13:42:1
0,0,0,0,0,0 7/27/2018 13:42:1
0,0,0,0,0,0 7/27/2018 13:42:1
0,0,0,0,0,0 7/27/2018 13:42:1
0,0,3,0,0,0 7/27/2018 13:42:1
0,0,4,0,1,0 7/27/2018 13:42:1
0,0,48,0,0,0 7/27/2018 13:42:1
