0,455,0,0,0,0 7/27/2018 13:43:10
0,447,0,0,0,0 7/27/2018 13:43:10
0,443,0,0,0,0 7/27/2018 13:43:10
0,461,0,0,0,0 7/27/2018 13:43:10
0,475,0,0,0,0 7/27/2018 13:43:10
0,474,0,0,0,0 7/27/2018 13:43:10
0,460,0,0,0,0 7/27/2018 13:43:10
0,449,0,0,0,0 7/27/2018 13:43:10
0,445,0,0,0,0 7/27/2018 13:43:10
0,432,0,0,0,0 7/27/2018 13:43:10
0,424,0,0,0,0 7/27/2018 13:43:10
0,372,0,0,0,0 7/27/2018 13:43:10
0,359,0,0,0,0 7/27/2018 13:43:10
0,374,0,0,0,0 7/27/2018 13:43:10
0,388,0,0,0,0 7/27/2018 13:43:10
0,389,0,0,0,0 7/27/2018 13:43:10
0,394,0,0,0,0 7/27/2018 13:43:10
0,394,0,0,0,0 7/27/2018 13:43:10
0,392,0,0,0,0 7/27/2018 13:43:10
0,382,0,0,0,0 7/27/2018 13:43:10
0,376,0,0,0,0 7/27/2018 13:43:10
0,376,0,0,0,0 7/27/2018 13:43:10
0,393,0,0,0,0 7/27/2018 13:43:11
0,404,0,0,0,0 7/27/2018 13:43:11
0,410,0,0,0,0 7/27/2018 13:43:11
0,399,0,0,0,0 7/27/2018 13:43:11
0,382,0,0,0,0 7/27/2018 13:43:11
0,433,0,0,0,0 7/27/2018 13:43:11
0,426,0,0,0,0 7/27/2018 13:43:11
0,429,0,0,0,0 7/27/2018 13:43:11
0,440,0,0,0,0 7/27/2018 13:43:11
0,466,0,0,0,0 7/27/2018 13:43:11
0,480,0,0,0,0 7/27/2018 13:43:11
0,480,0,0,0,0 7/27/2018 13:43:11
0,459,0,0,0,0 7/27/2018 13:43:11
0,428,215,0,0,0 7/27/2018 13:43:11
0,391,0,0,0,0 7/27/2018 13:43:11
0,236,0,0,0,0 7/27/2018 13:43:11
0,132,0,0,0,0 7/27/2018 13:43:11
0,88,0,0,0,0 7/27/2018 13:43:11
0,143,0,0,0,0 7/27/2018 13:43:11
0,204,0,0,0,0 7/27/2018 13:43:11
0,223,0,0,0,0 7/27/2018 13:43:11
0,229,0,0,0,0 7/27/2018 13:43:11
0,203,0,0,0,0 7/27/2018 13:43:11
0,207,0,0,0,0 7/27/2018 13:43:12
0,215,0,0,0,0 7/27/2018 13:43:12
0,217,0,0,0,0 7/27/2018 13:43:12
0,223,0,0,0,0 7/27/2018 13:43:12
0,233,0,0,0,0 7/27/2018 13:43:12
0,273,0,0,0,0 7/27/2018 13:43:12
0,351,0,0,0,0 7/27/2018 13:43:12
0,429,0,0,0,0 7/27/2018 13:43:12
0,460,0,0,0,0 7/27/2018 13:43:12
0,460,0,0,0,0 7/27/2018 13:43:12
0,461,0,0,0,0 7/27/2018 13:43:12
0,476,0,0,0,0 7/27/2018 13:43:12
0,483,0,358,0,0 7/27/2018 13:43:12
0,486,0,0,0,0 7/27/2018 13:43:12
0,428,0,0,0,0 7/27/2018 13:43:12
0,434,0,0,0,0 7/27/2018 13:43:12
0,384,0,0,0,0 7/27/2018 13:43:12
0,325,0,0,0,0 7/27/2018 13:43:12
0,291,0,0,0,0 7/27/2018 13:43:12
0,241,0,0,0,0 7/27/2018 13:43:12
0,180,0,0,0,0 7/27/2018 13:43:12
0,115,0,0,0,0 7/27/2018 13:43:12
0,0,0,0,0,0 7/27/2018 13:43:12
0,0,0,0,0,0 7/27/2018 13:43:13
0,0,0,0,0,0 7/27/2018 13:43:13
0,0,0,0,0,0 7/27/2018 13:43:13
0,0,0,0,0,0 7/27/2018 13:43:13
0,0,0,0,0,0 7/27/2018 13:43:13
0,0,0,0,0,0 7/27/2018 13:43:13
0,60,0,0,0,0 7/27/2018 13:43:13
0,166,0,0,0,0 7/27/2018 13:43:13
0,224,0,0,0,0 7/27/2018 13:43:13
0,276,0,0,0,0 7/27/2018 13:43:13
0,304,0,0,0,0 7/27/2018 13:43:13
0,346,0,0,0,0 7/27/2018 13:43:13
0,388,0,0,0,0 7/27/2018 13:43:13
0,443,0,0,0,0 7/27/2018 13:43:13
0,476,0,0,0,0 7/27/2018 13:43:13
0,494,0,0,0,0 7/27/2018 13:43:13
0,490,0,0,0,0 7/27/2018 13:43:13
0,504,0,0,0,0 7/27/2018 13:43:13
0,500,0,0,0,0 7/27/2018 13:43:13
0,509,0,0,0,0 7/27/2018 13:43:13
0,483,0,0,0,0 7/27/2018 13:43:13
0,490,0,0,0,0 7/27/2018 13:43:13
0,497,0,0,0,0 7/27/2018 13:43:14
0,490,0,0,0,0 7/27/2018 13:43:14
0,494,0,0,0,0 7/27/2018 13:43:14
0,488,0,0,0,0 7/27/2018 13:43:14
0,430,0,0,0,0 7/27/2018 13:43:14
0,366,0,0,0,0 7/27/2018 13:43:14
0,386,0,0,0,0 7/27/2018 13:43:14
0,419,0,0,0,0 7/27/2018 13:43:14
0,441,260,0,0,0 7/27/2018 13:43:14
0,416,384,0,0,0 7/27/2018 13:43:14
0,413,3,0,0,0 7/27/2018 13:43:14
0,444,0,0,0,0 7/27/2018 13:43:14
0,422,0,0,0,0 7/27/2018 13:43:14
0,329,0,0,0,0 7/27/2018 13:43:14
0,187,0,0,0,0 7/27/2018 13:43:14
0,0,0,0,0,0 7/27/2018 13:43:14
0,0,0,0,0,0 7/27/2018 13:43:14
0,0,0,0,0,0 7/27/2018 13:43:14
0,0,0,0,0,0 7/27/2018 13:43:14
0,0,0,0,0,0 7/27/2018 13:43:14
0,0,0,0,0,0 7/27/2018 13:43:14
0,0,0,0,0,0 7/27/2018 13:43:14
0,0,0,0,0,0 7/27/2018 13:43:14
0,1,0,0,0,0 7/27/2018 13:43:15
0,0,0,0,0,0 7/27/2018 13:43:15
0,0,0,0,0,0 7/27/2018 13:43:15
0,0,0,0,0,0 7/27/2018 13:43:15
0,0,0,0,0,0 7/27/2018 13:43:15
0,0,0,0,0,0 7/27/2018 13:43:15
0,188,0,0,0,0 7/27/2018 13:43:15
0,309,0,0,0,0 7/27/2018 13:43:15
0,326,0,0,0,0 7/27/2018 13:43:15
0,334,0,0,0,0 7/27/2018 13:43:15
0,327,0,0,0,0 7/27/2018 13:43:15
0,334,0,0,0,0 7/27/2018 13:43:15
0,348,0,0,0,0 7/27/2018 13:43:15
0,368,0,0,0,0 7/27/2018 13:43:15
0,373,0,0,0,0 7/27/2018 13:43:15
0,365,0,0,0,0 7/27/2018 13:43:15
0,337,0,0,0,0 7/27/2018 13:43:15
0,250,0,0,0,0 7/27/2018 13:43:15
0,273,0,0,0,0 7/27/2018 13:43:15
0,321,0,0,0,0 7/27/2018 13:43:15
0,327,0,0,0,0 7/27/2018 13:43:15
0,344,0,0,0,0 7/27/2018 13:43:15
0,351,0,0,0,0 7/27/2018 13:43:15
0,340,0,0,0,0 7/27/2018 13:43:16
0,413,0,0,0,0 7/27/2018 13:43:16
0,371,0,0,0,0 7/27/2018 13:43:16
0,325,0,0,0,0 7/27/2018 13:43:16
0,189,0,0,0,0 7/27/2018 13:43:16
0,142,0,0,0,0 7/27/2018 13:43:16
0,72,0,0,0,0 7/27/2018 13:43:16
0,43,0,0,0,0 7/27/2018 13:43:16
0,120,0,0,0,0 7/27/2018 13:43:16
0,158,0,0,0,0 7/27/2018 13:43:16
0,271,0,0,0,0 7/27/2018 13:43:16
0,319,0,0,0,0 7/27/2018 13:43:16
0,343,0,0,0,0 7/27/2018 13:43:16
0,371,0,0,0,0 7/27/2018 13:43:16
0,391,0,0,0,0 7/27/2018 13:43:16
0,405,0,0,0,0 7/27/2018 13:43:16
0,411,0,0,0,0 7/27/2018 13:43:16
0,433,0,0,0,0 7/27/2018 13:43:16
0,445,0,0,0,0 7/27/2018 13:43:16
0,455,0,0,0,0 7/27/2018 13:43:16
0,474,0,0,0,0 7/27/2018 13:43:16
0,485,0,0,0,0 7/27/2018 13:43:16
0,501,0,0,0,0 7/27/2018 13:43:17
0,498,0,0,0,0 7/27/2018 13:43:17
0,502,0,0,0,0 7/27/2018 13:43:17
0,516,0,0,0,0 7/27/2018 13:43:17
0,530,0,0,0,0 7/27/2018 13:43:17
0,549,0,0,0,0 7/27/2018 13:43:17
0,557,0,0,0,0 7/27/2018 13:43:17
0,565,0,0,0,0 7/27/2018 13:43:17
0,564,3,0,0,0 7/27/2018 13:43:17
0,566,5,0,0,0 7/27/2018 13:43:17
0,567,4,0,0,0 7/27/2018 13:43:17
0,566,1,0,0,0 7/27/2018 13:43:17
0,571,26,0,0,0 7/27/2018 13:43:17
0,575,0,0,0,0 7/27/2018 13:43:17
0,587,53,0,0,0 7/27/2018 13:43:17
0,592,2,0,0,0 7/27/2018 13:43:17
0,596,1,0,0,0 7/27/2018 13:43:17
0,593,8,0,0,0 7/27/2018 13:43:17
0,594,21,48,0,0 7/27/2018 13:43:17
0,587,32,47,0,0 7/27/2018 13:43:17
0,572,32,50,0,0 7/27/2018 13:43:17
0,550,32,2,0,0 7/27/2018 13:43:17
0,541,56,0,0,0 7/27/2018 13:43:17
0,518,54,0,0,0 7/27/2018 13:43:18
0,510,52,0,0,0 7/27/2018 13:43:18
0,517,49,0,0,0 7/27/2018 13:43:18
0,523,1,0,0,0 7/27/2018 13:43:18
0,534,0,0,0,0 7/27/2018 13:43:18
0,541,2,0,0,0 7/27/2018 13:43:18
0,545,1,0,0,0 7/27/2018 13:43:18
0,557,37,0,0,0 7/27/2018 13:43:18
0,559,56,0,0,0 7/27/2018 13:43:18
0,565,60,0,0,0 7/27/2018 13:43:18
0,564,49,0,0,0 7/27/2018 13:43:18
0,565,62,0,0,0 7/27/2018 13:43:18
0,567,60,0,0,0 7/27/2018 13:43:18
0,564,59,0,0,0 7/27/2018 13:43:18
0,562,42,0,0,0 7/27/2018 13:43:18
0,563,41,0,0,0 7/27/2018 13:43:18
0,563,42,0,0,0 7/27/2018 13:43:18
0,563,41,0,0,0 7/27/2018 13:43:18
0,554,54,0,0,0 7/27/2018 13:43:18
0,561,49,0,0,0 7/27/2018 13:43:18
0,566,48,0,0,0 7/27/2018 13:43:18
0,565,57,0,0,0 7/27/2018 13:43:18
0,564,56,0,0,0 7/27/2018 13:43:18
0,561,57,0,0,0 7/27/2018 13:43:19
0,553,53,0,0,0 7/27/2018 13:43:19
0,555,72,0,0,0 7/27/2018 13:43:19
0,556,82,0,0,0 7/27/2018 13:43:19
0,548,78,0,0,0 7/27/2018 13:43:19
0,548,85,0,0,0 7/27/2018 13:43:19
0,541,79,0,0,0 7/27/2018 13:43:19
0,538,76,0,0,0 7/27/2018 13:43:19
0,533,57,0,0,0 7/27/2018 13:43:19
0,525,55,0,0,0 7/27/2018 13:43:19
0,534,56,0,0,0 7/27/2018 13:43:19
0,530,55,0,0,0 7/27/2018 13:43:19
0,528,54,0,0,0 7/27/2018 13:43:19
0,515,2,0,0,0 7/27/2018 13:43:19
0,513,0,0,0,0 7/27/2018 13:43:19
0,503,0,0,0,0 7/27/2018 13:43:19
0,493,0,0,0,0 7/27/2018 13:43:19
0,469,0,0,0,0 7/27/2018 13:43:19
0,464,0,0,0,0 7/27/2018 13:43:19
0,414,0,0,0,0 7/27/2018 13:43:19
0,384,0,0,0,0 7/27/2018 13:43:19
0,338,0,0,0,0 7/27/2018 13:43:19
0,332,0,0,0,0 7/27/2018 13:43:20
0,389,0,0,0,0 7/27/2018 13:43:20
0,454,0,0,0,0 7/27/2018 13:43:20
0,509,0,0,0,0 7/27/2018 13:43:20
0,526,0,0,0,0 7/27/2018 13:43:20
0,516,0,0,0,0 7/27/2018 13:43:20
0,467,0,0,0,0 7/27/2018 13:43:20
0,428,0,0,0,0 7/27/2018 13:43:20
0,359,0,0,0,0 7/27/2018 13:43:20
0,353,0,0,0,0 7/27/2018 13:43:20
0,349,0,0,0,0 7/27/2018 13:43:20
0,390,0,0,0,0 7/27/2018 13:43:20
0,455,0,0,0,0 7/27/2018 13:43:20
0,511,0,41,0,0 7/27/2018 13:43:20
0,537,0,102,0,0 7/27/2018 13:43:20
0,554,0,125,0,0 7/27/2018 13:43:20
0,566,0,146,0,0 7/27/2018 13:43:20
0,573,0,158,0,0 7/27/2018 13:43:20
0,566,0,179,0,0 7/27/2018 13:43:20
0,568,0,197,0,0 7/27/2018 13:43:20
0,568,0,205,0,0 7/27/2018 13:43:20
0,576,24,208,0,0 7/27/2018 13:43:20
0,576,40,209,0,0 7/27/2018 13:43:20
0,579,32,213,0,0 7/27/2018 13:43:21
0,577,49,208,0,0 7/27/2018 13:43:21
0,576,63,188,0,0 7/27/2018 13:43:21
0,571,64,161,0,0 7/27/2018 13:43:21
0,564,76,127,0,0 7/27/2018 13:43:21
0,555,59,141,0,0 7/27/2018 13:43:21
0,550,55,139,0,0 7/27/2018 13:43:21
0,536,61,134,0,0 7/27/2018 13:43:21
0,526,0,116,0,0 7/27/2018 13:43:21
0,506,0,59,0,0 7/27/2018 13:43:21
0,457,0,0,0,0 7/27/2018 13:43:21
0,344,12,0,0,0 7/27/2018 13:43:21
0,215,11,0,0,0 7/27/2018 13:43:21
0,164,18,0,0,0 7/27/2018 13:43:21
0,223,13,0,0,0 7/27/2018 13:43:21
0,332,0,0,0,0 7/27/2018 13:43:21
0,442,0,0,0,0 7/27/2018 13:43:21
0,464,0,0,0,0 7/27/2018 13:43:21
0,499,0,0,0,0 7/27/2018 13:43:21
0,518,0,0,0,0 7/27/2018 13:43:21
0,530,0,0,0,0 7/27/2018 13:43:21
0,544,0,0,0,0 7/27/2018 13:43:21
0,554,0,0,0,0 7/27/2018 13:43:21
0,558,0,0,0,0 7/27/2018 13:43:22
0,550,0,0,0,0 7/27/2018 13:43:22
0,561,0,34,0,0 7/27/2018 13:43:22
0,572,0,63,0,0 7/27/2018 13:43:22
0,575,0,92,0,0 7/27/2018 13:43:22
0,576,0,114,0,0 7/27/2018 13:43:22
0,574,0,127,0,0 7/27/2018 13:43:22
0,565,0,132,0,0 7/27/2018 13:43:22
0,560,0,140,0,0 7/27/2018 13:43:22
0,558,0,132,0,0 7/27/2018 13:43:22
0,548,8,119,0,0 7/27/2018 13:43:22
0,530,69,118,0,0 7/27/2018 13:43:22
0,490,14,82,0,0 7/27/2018 13:43:22
0,474,0,0,0,0 7/27/2018 13:43:22
0,416,0,0,0,0 7/27/2018 13:43:22
0,82,0,0,0,0 7/27/2018 13:43:22
