0,0,0,108,0,0 7/27/2018 13:44:18
0,0,0,268,0,0 7/27/2018 13:44:19
0,0,0,412,0,0 7/27/2018 13:44:19
0,0,0,469,0,0 7/27/2018 13:44:19
0,0,0,494,0,0 7/27/2018 13:44:19
0,0,0,499,0,0 7/27/2018 13:44:19
0,0,13,514,0,0 7/27/2018 13:44:19
0,0,0,482,0,0 7/27/2018 13:44:19
0,0,7,277,0,0 7/27/2018 13:44:19
0,0,25,218,0,0 7/27/2018 13:44:19
0,0,49,189,0,0 7/27/2018 13:44:19
0,0,53,119,0,0 7/27/2018 13:44:19
0,0,98,3,0,0 7/27/2018 13:44:19
0,0,101,0,0,0 7/27/2018 13:44:19
0,65,107,0,0,0 7/27/2018 13:44:19
0,58,42,0,0,0 7/27/2018 13:44:19
0,42,26,0,0,0 7/27/2018 13:44:19
0,247,0,0,0,0 7/27/2018 13:44:19
0,359,7,113,0,0 7/27/2018 13:44:19
0,370,17,0,0,0 7/27/2018 13:44:19
0,438,64,0,0,0 7/27/2018 13:44:19
0,503,55,0,0,0 7/27/2018 13:44:19
0,544,63,0,0,0 7/27/2018 13:44:19
0,563,37,0,0,0 7/27/2018 13:44:19
0,512,42,0,0,0 7/27/2018 13:44:20
0,412,41,0,0,0 7/27/2018 13:44:20
0,152,15,0,0,0 7/27/2018 13:44:20
0,11,1,354,0,0 7/27/2018 13:44:20
0,0,50,682,0,0 7/27/2018 13:44:20
0,0,125,231,0,0 7/27/2018 13:44:20
0,0,149,252,0,0 7/27/2018 13:44:20
0,16,88,341,0,0 7/27/2018 13:44:20
0,32,62,330,0,0 7/27/2018 13:44:20
0,23,35,225,0,0 7/27/2018 13:44:20
0,307,22,100,0,0 7/27/2018 13:44:20
0,439,21,79,0,0 7/27/2018 13:44:20
0,393,14,78,0,0 7/27/2018 13:44:20
0,380,23,49,0,0 7/27/2018 13:44:20
0,393,9,28,0,0 7/27/2018 13:44:20
0,404,19,441,0,0 7/27/2018 13:44:20
0,375,0,78,0,0 7/27/2018 13:44:20
0,343,50,42,0,0 7/27/2018 13:44:20
0,165,52,0,0,0 7/27/2018 13:44:20
0,0,57,0,0,0 7/27/2018 13:44:20
0,0,23,0,0,0 7/27/2018 13:44:20
0,0,34,0,0,0 7/27/2018 13:44:20
0,0,15,0,0,0 7/27/2018 13:44:20
0,0,31,0,0,0 7/27/2018 13:44:21
0,0,31,0,0,0 7/27/2018 13:44:21
0,0,31,0,0,0 7/27/2018 13:44:21
0,0,43,0,0,0 7/27/2018 13:44:21
0,0,52,0,0,0 7/27/2018 13:44:21
0,0,42,0,0,0 7/27/2018 13:44:21
0,0,38,0,0,0 7/27/2018 13:44:21
0,0,0,0,0,0 7/27/2018 13:44:21
0,26,0,0,0,0 7/27/2018 13:44:21
0,40,0,0,0,0 7/27/2018 13:44:21
0,52,0,0,0,0 7/27/2018 13:44:21
0,53,0,0,0,0 7/27/2018 13:44:21
0,42,0,0,0,0 7/27/2018 13:44:21
0,53,0,0,0,0 7/27/2018 13:44:21
0,53,0,0,0,0 7/27/2018 13:44:21
0,39,0,0,0,0 7/27/2018 13:44:21
0,12,0,0,0,0 7/27/2018 13:44:21
0,33,0,0,0,0 7/27/2018 13:44:21
0,0,0,0,3,0 7/27/2018 13:44:21
0,0,0,0,0,0 7/27/2018 13:44:21
0,0,0,0,0,0 7/27/2018 13:44:21
0,0,0,0,0,0 7/27/2018 13:44:21
0,0,1,0,0,0 7/27/2018 13:44:22
0,0,0,0,0,0 7/27/2018 13:44:22
0,0,0,0,0,0 7/27/2018 13:44:22
0,0,0,0,0,0 7/27/2018 13:44:22
0,0,0,0,0,0 7/27/2018 13:44:22
0,0,0,0,0,0 7/27/2018 13:44:22
0,0,0,0,0,0 7/27/2018 13:44:22
0,0,0,0,0,0 7/27/2018 13:44:22
0,0,0,0,0,0 7/27/2018 13:44:22
0,0,0,0,0,0 7/27/2018 13:44:22
0,0,0,0,0,0 7/27/2018 13:44:22
0,0,0,0,0,0 7/27/2018 13:44:22
0,0,0,0,0,0 7/27/2018 13:44:22
0,0,8,4,0,0 7/27/2018 13:44:22
0,0,0,0,0,0 7/27/2018 13:44:22
0,0,0,0,0,0 7/27/2018 13:44:22
0,0,0,0,0,0 7/27/2018 13:44:22
0,0,0,0,0,0 7/27/2018 13:44:22
0,0,0,0,0,0 7/27/2018 13:44:22
0,0,0,0,0,0 7/27/2018 13:44:22
0,0,2,0,0,0 7/27/2018 13:44:22
0,0,5,0,0,0 7/27/2018 13:44:22
0,0,3,0,0,0 7/27/2018 13:44:22
0,0,3,0,0,0 7/27/2018 13:44:23
0,0,0,0,0,0 7/27/2018 13:44:23
0,0,0,0,0,0 7/27/2018 13:44:23
0,0,16,43,0,0 7/27/2018 13:44:23
0,0,21,41,0,0 7/27/2018 13:44:23
0,0,15,41,0,0 7/27/2018 13:44:23
0,0,14,12,0,0 7/27/2018 13:44:23
0,0,19,0,0,0 7/27/2018 13:44:23
0,0,0,0,0,0 7/27/2018 13:44:23
0,0,13,0,0,0 7/27/2018 13:44:23
0,0,15,0,0,0 7/27/2018 13:44:23
0,0,25,0,0,0 7/27/2018 13:44:23
0,0,18,48,0,0 7/27/2018 13:44:23
0,0,46,73,0,0 7/27/2018 13:44:23
0,0,52,92,0,0 7/27/2018 13:44:23
0,0,60,93,0,0 7/27/2018 13:44:23
0,0,62,93,0,0 7/27/2018 13:44:23
0,0,67,92,0,0 7/27/2018 13:44:23
0,0,68,85,0,0 7/27/2018 13:44:23
0,0,63,71,0,0 7/27/2018 13:44:23
0,0,64,54,0,0 7/27/2018 13:44:23
0,0,51,9,0,0 7/27/2018 13:44:23
0,0,42,0,0,0 7/27/2018 13:44:23
0,0,40,0,0,0 7/27/2018 13:44:24
0,0,38,0,0,0 7/27/2018 13:44:24
0,0,29,0,0,0 7/27/2018 13:44:24
0,0,25,0,0,0 7/27/2018 13:44:24
0,0,19,0,0,0 7/27/2018 13:44:24
0,0,9,0,0,0 7/27/2018 13:44:24
0,0,0,0,0,0 7/27/2018 13:44:24
0,0,0,0,0,0 7/27/2018 13:44:24
0,0,0,0,0,0 7/27/2018 13:44:24
0,0,0,0,0,0 7/27/2018 13:44:24
0,0,0,0,0,0 7/27/2018 13:44:24
0,0,0,0,0,0 7/27/2018 13:44:24
0,0,0,0,0,0 7/27/2018 13:44:24
0,0,0,0,0,0 7/27/2018 13:44:24
0,0,0,332,0,0 7/27/2018 13:44:24
0,0,0,0,0,0 7/27/2018 13:44:24
0,0,0,0,0,0 7/27/2018 13:44:24
0,0,35,0,0,0 7/27/2018 13:44:24
0,0,42,0,0,0 7/27/2018 13:44:24
0,0,7,0,0,0 7/27/2018 13:44:24
0,0,0,0,0,0 7/27/2018 13:44:24
0,0,0,0,0,0 7/27/2018 13:44:24
0,0,0,0,0,0 7/27/2018 13:44:25
0,125,0,78,0,0 7/27/2018 13:44:25
0,117,0,146,1,0 7/27/2018 13:44:25
0,99,0,0,0,0 7/27/2018 13:44:25
0,74,0,8,0,0 7/27/2018 13:44:25
0,69,0,122,0,0 7/27/2018 13:44:25
0,0,0,461,0,0 7/27/2018 13:44:25
0,0,11,644,0,0 7/27/2018 13:44:25
0,0,32,627,0,0 7/27/2018 13:44:25
0,0,39,283,0,0 7/27/2018 13:44:25
0,0,36,56,0,0 7/27/2018 13:44:25
0,0,40,158,0,0 7/27/2018 13:44:25
0,0,42,153,0,0 7/27/2018 13:44:25
0,0,39,195,0,0 7/27/2018 13:44:25
0,0,0,275,0,0 7/27/2018 13:44:25
0,0,0,191,0,0 7/27/2018 13:44:25
0,0,13,169,0,0 7/27/2018 13:44:25
0,0,0,38,0,0 7/27/2018 13:44:25
0,0,0,0,0,0 7/27/2018 13:44:25
0,0,0,0,0,0 7/27/2018 13:44:25
0,0,0,0,0,0 7/27/2018 13:44:25
0,0,0,0,0,0 7/27/2018 13:44:25
0,0,0,15,0,0 7/27/2018 13:44:25
0,0,8,286,0,0 7/27/2018 13:44:26
0,0,35,343,0,0 7/27/2018 13:44:26
0,0,14,366,0,0 7/27/2018 13:44:26
0,0,15,395,0,0 7/27/2018 13:44:26
0,0,12,359,1,0 7/27/2018 13:44:26
0,0,19,319,0,0 7/27/2018 13:44:26
0,0,20,300,0,0 7/27/2018 13:44:26
0,0,22,319,0,0 7/27/2018 13:44:26
0,0,45,310,0,0 7/27/2018 13:44:26
0,0,54,330,0,0 7/27/2018 13:44:26
0,0,65,366,0,0 7/27/2018 13:44:26
0,0,90,341,0,0 7/27/2018 13:44:26
0,0,77,339,0,0 7/27/2018 13:44:26
0,0,83,332,0,0 7/27/2018 13:44:26
0,0,89,336,0,0 7/27/2018 13:44:26
0,0,84,321,0,0 7/27/2018 13:44:26
0,0,71,340,0,0 7/27/2018 13:44:26
0,0,57,362,0,0 7/27/2018 13:44:26
0,0,65,363,0,0 7/27/2018 13:44:26
0,0,66,317,0,0 7/27/2018 13:44:26
0,0,36,315,0,0 7/27/2018 13:44:26
0,0,0,228,0,0 7/27/2018 13:44:26
0,0,191,64,0,0 7/27/2018 13:44:26
0,0,0,0,0,0 7/27/2018 13:44:27
0,0,0,0,0,0 7/27/2018 13:44:27
0,0,0,0,0,0 7/27/2018 13:44:27
0,0,0,2,0,0 7/27/2018 13:44:27
0,0,0,0,0,0 7/27/2018 13:44:27
0,0,0,0,0,0 7/27/2018 13:44:27
0,0,0,0,0,0 7/27/2018 13:44:27
0,0,0,0,0,0 7/27/2018 13:44:27
0,0,2,1,0,0 7/27/2018 13:44:27
0,0,13,127,0,0 7/27/2018 13:44:27
0,0,26,182,0,0 7/27/2018 13:44:27
0,0,13,213,0,0 7/27/2018 13:44:27
0,0,20,253,0,0 7/27/2018 13:44:27
0,0,20,251,0,0 7/27/2018 13:44:27
0,0,26,248,0,0 7/27/2018 13:44:27
0,0,34,272,0,0 7/27/2018 13:44:27
0,0,42,264,0,0 7/27/2018 13:44:27
0,0,42,248,0,0 7/27/2018 13:44:27
0,0,45,230,0,0 7/27/2018 13:44:27
0,0,39,173,0,0 7/27/2018 13:44:27
0,0,18,170,0,0 7/27/2018 13:44:27
0,0,26,151,0,0 7/27/2018 13:44:27
0,0,28,159,0,0 7/27/2018 13:44:28
0,0,30,167,0,0 7/27/2018 13:44:28
0,0,22,114,0,0 7/27/2018 13:44:28
0,0,27,103,0,0 7/27/2018 13:44:28
0,0,29,108,0,0 7/27/2018 13:44:28
0,0,32,116,0,0 7/27/2018 13:44:28
0,0,27,149,0,0 7/27/2018 13:44:28
0,0,13,154,0,0 7/27/2018 13:44:28
0,0,9,127,0,0 7/27/2018 13:44:28
0,0,7,125,0,0 7/27/2018 13:44:28
0,0,6,118,0,0 7/27/2018 13:44:28
0,0,0,93,0,0 7/27/2018 13:44:28
0,0,0,79,0,0 7/27/2018 13:44:28
0,0,0,84,0,0 7/27/2018 13:44:28
0,0,0,98,0,0 7/27/2018 13:44:28
0,0,0,100,0,0 7/27/2018 13:44:28
0,0,0,62,0,0 7/27/2018 13:44:28
0,0,0,0,0,0 7/27/2018 13:44:28
0,0,0,0,0,0 7/27/2018 13:44:28
0,0,0,0,0,0 7/27/2018 13:44:28
0,0,0,0,0,0 7/27/2018 13:44:28
0,0,0,0,0,0 7/27/2018 13:44:28
0,0,0,0,0,0 7/27/2018 13:44:28
0,0,0,0,0,0 7/27/2018 13:44:29
0,0,0,0,0,0 7/27/2018 13:44:29
0,0,0,0,0,0 7/27/2018 13:44:29
0,0,0,0,0,0 7/27/2018 13:44:29
0,0,0,77,0,0 7/27/2018 13:44:29
0,0,11,214,0,0 7/27/2018 13:44:29
0,0,29,249,0,0 7/27/2018 13:44:29
0,0,48,256,0,0 7/27/2018 13:44:29
0,0,41,269,0,0 7/27/2018 13:44:29
0,0,48,309,0,0 7/27/2018 13:44:29
0,0,46,353,0,0 7/27/2018 13:44:29
0,0,41,347,0,0 7/27/2018 13:44:29
0,0,54,359,0,0 7/27/2018 13:44:29
0,0,55,346,0,0 7/27/2018 13:44:29
0,0,54,332,0,0 7/27/2018 13:44:29
0,0,16,302,0,0 7/27/2018 13:44:29
0,0,40,296,0,0 7/27/2018 13:44:29
0,0,15,303,0,0 7/27/2018 13:44:29
0,0,43,302,0,0 7/27/2018 13:44:29
0,0,48,310,0,0 7/27/2018 13:44:29
0,0,38,314,0,0 7/27/2018 13:44:29
0,0,21,300,0,0 7/27/2018 13:44:29
0,0,0,306,0,0 7/27/2018 13:44:29
0,0,0,334,0,0 7/27/2018 13:44:30
0,0,0,331,0,0 7/27/2018 13:44:30
0,0,0,351,0,0 7/27/2018 13:44:30
0,0,57,222,0,0 7/27/2018 13:44:30
0,0,15,200,0,0 7/27/2018 13:44:30
0,0,0,165,0,0 7/27/2018 13:44:30
0,0,0,149,0,0 7/27/2018 13:44:30
0,0,0,100,0,0 7/27/2018 13:44:30
0,0,0,17,0,0 7/27/2018 13:44:30
0,0,0,0,0,0 7/27/2018 13:44:30
0,0,0,0,0,0 7/27/2018 13:44:30
0,0,0,37,0,0 7/27/2018 13:44:30
0,0,4,49,0,0 7/27/2018 13:44:30
0,0,4,93,0,0 7/27/2018 13:44:30
0,0,4,124,0,0 7/27/2018 13:44:30
0,0,6,107,0,0 7/27/2018 13:44:30
0,0,21,131,0,0 7/27/2018 13:44:30
0,0,27,103,0,0 7/27/2018 13:44:30
0,0,26,17,0,0 7/27/2018 13:44:30
0,0,27,8,0,0 7/27/2018 13:44:30
0,0,25,0,0,0 7/27/2018 13:44:30
0,0,30,6,0,0 7/27/2018 13:44:30
0,0,28,0,0,0 7/27/2018 13:44:30
