0,0,0,0,0,0 7/27/2018 13:45:35
0,0,0,0,0,0 7/27/2018 13:45:35
0,0,0,0,0,0 7/27/2018 13:45:35
0,0,0,0,0,0 7/27/2018 13:45:35
0,0,0,0,0,0 7/27/2018 13:45:35
0,0,0,0,0,0 7/27/2018 13:45:35
0,0,0,0,0,0 7/27/2018 13:45:35
0,0,0,0,0,0 7/27/2018 13:45:35
0,0,0,0,0,0 7/27/2018 13:45:35
0,0,0,0,0,0 7/27/2018 13:45:35
0,11,0,0,0,0 7/27/2018 13:45:35
0,51,0,0,0,0 7/27/2018 13:45:35
0,0,0,0,0,0 7/27/2018 13:45:35
0,0,10,0,0,0 7/27/2018 13:45:35
0,0,20,0,0,0 7/27/2018 13:45:36
0,0,0,0,0,0 7/27/2018 13:45:36
0,71,0,0,0,0 7/27/2018 13:45:36
0,113,17,0,0,0 7/27/2018 13:45:36
0,93,0,0,0,0 7/27/2018 13:45:36
0,80,17,0,0,0 7/27/2018 13:45:36
0,75,23,0,0,0 7/27/2018 13:45:36
0,33,42,0,0,0 7/27/2018 13:45:36
0,0,27,0,0,0 7/27/2018 13:45:36
0,5,33,0,0,0 7/27/2018 13:45:36
0,98,32,0,0,0 7/27/2018 13:45:36
0,172,46,0,0,0 7/27/2018 13:45:36
0,176,52,0,0,0 7/27/2018 13:45:36
0,153,32,0,0,0 7/27/2018 13:45:36
0,68,21,0,0,0 7/27/2018 13:45:36
0,42,6,0,0,0 7/27/2018 13:45:36
0,53,0,0,0,0 7/27/2018 13:45:36
0,112,14,0,0,0 7/27/2018 13:45:36
0,178,46,0,0,0 7/27/2018 13:45:36
0,280,58,0,0,0 7/27/2018 13:45:36
0,297,42,0,0,0 7/27/2018 13:45:36
0,295,17,0,0,0 7/27/2018 13:45:36
0,282,11,0,0,0 7/27/2018 13:45:36
0,164,0,0,0,0 7/27/2018 13:45:37
0,181,0,0,0,0 7/27/2018 13:45:37
0,184,0,0,0,0 7/27/2018 13:45:37
0,124,0,36,0,0 7/27/2018 13:45:37
0,14,14,0,0,0 7/27/2018 13:45:37
0,0,0,0,0,0 7/27/2018 13:45:37
0,0,1,0,0,0 7/27/2018 13:45:37
0,0,8,0,0,0 7/27/2018 13:45:37
0,61,3,0,0,0 7/27/2018 13:45:37
0,75,4,0,0,0 7/27/2018 13:45:37
0,63,1,0,0,0 7/27/2018 13:45:37
0,43,0,0,0,0 7/27/2018 13:45:37
0,40,0,0,0,0 7/27/2018 13:45:37
0,0,0,0,0,0 7/27/2018 13:45:37
0,0,0,0,0,0 7/27/2018 13:45:37
0,0,0,0,0,0 7/27/2018 13:45:37
0,0,0,0,0,0 7/27/2018 13:45:37
0,23,0,187,0,0 7/27/2018 13:45:37
0,55,0,286,0,0 7/27/2018 13:45:37
0,0,0,234,0,0 7/27/2018 13:45:37
0,0,1,25,0,0 7/27/2018 13:45:37
0,0,9,0,0,0 7/27/2018 13:45:37
0,0,11,0,0,0 7/27/2018 13:45:38
0,0,3,0,0,0 7/27/2018 13:45:38
0,0,6,0,0,0 7/27/2018 13:45:38
0,0,7,0,0,0 7/27/2018 13:45:38
0,0,5,14,0,0 7/27/2018 13:45:38
0,0,9,0,0,0 7/27/2018 13:45:38
0,0,0,0,0,0 7/27/2018 13:45:38
0,0,0,0,0,0 7/27/2018 13:45:38
0,0,0,0,0,0 7/27/2018 13:45:38
0,0,0,0,0,0 7/27/2018 13:45:38
0,0,0,0,0,0 7/27/2018 13:45:38
0,0,0,0,0,0 7/27/2018 13:45:38
0,0,0,0,0,0 7/27/2018 13:45:38
0,0,4,0,0,0 7/27/2018 13:45:38
0,0,8,0,0,0 7/27/2018 13:45:38
0,0,7,0,0,0 7/27/2018 13:45:38
0,0,0,0,0,0 7/27/2018 13:45:38
0,0,6,0,0,0 7/27/2018 13:45:38
0,0,5,0,0,0 7/27/2018 13:45:38
0,0,0,0,0,0 7/27/2018 13:45:38
0,0,0,0,0,0 7/27/2018 13:45:38
0,0,0,0,0,0 7/27/2018 13:45:38
0,1,0,0,0,0 7/27/2018 13:45:38
0,0,0,0,0,0 7/27/2018 13:45:39
0,0,0,0,0,0 7/27/2018 13:45:39
0,0,1,0,0,0 7/27/2018 13:45:39
0,0,0,0,0,0 7/27/2018 13:45:39
0,0,3,0,0,0 7/27/2018 13:45:39
0,0,14,0,0,0 7/27/2018 13:45:39
0,0,36,0,0,0 7/27/2018 13:45:39
0,0,54,0,0,0 7/27/2018 13:45:39
0,0,18,0,0,0 7/27/2018 13:45:39
0,0,19,0,0,0 7/27/2018 13:45:39
0,0,0,0,0,0 7/27/2018 13:45:39
0,0,0,0,0,0 7/27/2018 13:45:39
0,0,0,0,0,0 7/27/2018 13:45:39
0,0,0,0,0,0 7/27/2018 13:45:39
0,0,1,0,0,0 7/27/2018 13:45:39
0,0,2,0,0,0 7/27/2018 13:45:39
0,0,25,0,0,0 7/27/2018 13:45:39
0,0,23,0,0,0 7/27/2018 13:45:39
0,0,24,0,0,0 7/27/2018 13:45:39
0,0,25,0,0,0 7/27/2018 13:45:39
0,0,19,0,0,0 7/27/2018 13:45:39
0,0,17,0,0,0 7/27/2018 13:45:39
0,0,20,0,0,0 7/27/2018 13:45:39
0,0,11,0,0,0 7/27/2018 13:45:40
0,0,6,0,0,0 7/27/2018 13:45:40
0,0,22,0,0,0 7/27/2018 13:45:40
0,0,26,0,0,0 7/27/2018 13:45:40
0,0,0,0,0,0 7/27/2018 13:45:40
0,0,3,0,0,0 7/27/2018 13:45:40
0,0,0,0,0,0 7/27/2018 13:45:40
0,0,0,0,0,0 7/27/2018 13:45:40
0,0,0,0,0,0 7/27/2018 13:45:40
0,0,0,0,0,0 7/27/2018 13:45:40
0,0,19,0,0,0 7/27/2018 13:45:40
0,0,2,0,0,0 7/27/2018 13:45:40
0,0,9,0,0,0 7/27/2018 13:45:40
0,0,8,0,0,0 7/27/2018 13:45:40
0,0,0,0,0,0 7/27/2018 13:45:40
0,0,0,0,0,0 7/27/2018 13:45:40
0,0,0,0,0,0 7/27/2018 13:45:40
0,0,0,0,0,0 7/27/2018 13:45:40
0,0,0,0,0,0 7/27/2018 13:45:40
0,0,0,0,0,0 7/27/2018 13:45:40
0,0,0,0,0,0 7/27/2018 13:45:40
0,0,0,0,0,0 7/27/2018 13:45:40
0,0,0,0,0,0 7/27/2018 13:45:41
0,0,0,0,0,0 7/27/2018 13:45:41
0,0,0,0,0,0 7/27/2018 13:45:41
0,0,0,0,0,0 7/27/2018 13:45:41
0,0,0,0,0,0 7/27/2018 13:45:41
0,0,0,0,0,0 7/27/2018 13:45:41
0,0,0,0,0,0 7/27/2018 13:45:41
0,0,0,0,0,0 7/27/2018 13:45:41
0,0,0,0,0,0 7/27/2018 13:45:41
0,0,0,0,0,0 7/27/2018 13:45:41
0,0,0,0,0,0 7/27/2018 13:45:41
0,0,0,0,0,0 7/27/2018 13:45:41
0,0,0,0,0,0 7/27/2018 13:45:41
0,0,0,0,0,0 7/27/2018 13:45:41
0,0,0,0,0,0 7/27/2018 13:45:41
0,0,0,0,0,0 7/27/2018 13:45:41
0,0,0,0,0,0 7/27/2018 13:45:41
0,0,0,0,0,0 7/27/2018 13:45:41
0,0,0,0,0,0 7/27/2018 13:45:41
0,0,0,0,0,0 7/27/2018 13:45:41
0,0,0,0,0,0 7/27/2018 13:45:41
0,0,0,0,0,0 7/27/2018 13:45:41
0,0,0,0,0,0 7/27/2018 13:45:41
0,0,0,0,0,0 7/27/2018 13:45:42
0,0,0,0,0,0 7/27/2018 13:45:42
0,0,0,0,0,0 7/27/2018 13:45:42
0,0,0,0,0,0 7/27/2018 13:45:42
0,0,0,0,0,0 7/27/2018 13:45:42
0,0,0,0,0,0 7/27/2018 13:45:42
0,0,0,0,0,0 7/27/2018 13:45:42
0,0,0,0,0,0 7/27/2018 13:45:42
0,0,0,0,0,0 7/27/2018 13:45:42
0,0,0,0,0,0 7/27/2018 13:45:42
0,0,0,0,0,0 7/27/2018 13:45:42
0,0,0,0,0,0 7/27/2018 13:45:42
0,0,0,0,0,0 7/27/2018 13:45:42
0,0,0,0,0,0 7/27/2018 13:45:42
0,0,0,0,0,0 7/27/2018 13:45:42
0,0,0,0,0,0 7/27/2018 13:45:42
0,0,0,0,0,0 7/27/2018 13:45:42
0,0,0,0,0,0 7/27/2018 13:45:42
0,0,0,0,0,0 7/27/2018 13:45:42
0,0,0,0,0,0 7/27/2018 13:45:42
0,0,0,0,0,0 7/27/2018 13:45:42
0,0,0,0,0,0 7/27/2018 13:45:42
0,0,0,0,0,0 7/27/2018 13:45:42
0,0,0,0,0,0 7/27/2018 13:45:43
0,0,0,0,0,0 7/27/2018 13:45:43
0,0,0,0,0,0 7/27/2018 13:45:43
0,0,0,0,0,0 7/27/2018 13:45:43
0,0,0,0,0,0 7/27/2018 13:45:43
0,0,0,0,0,0 7/27/2018 13:45:43
0,0,0,0,0,0 7/27/2018 13:45:43
0,0,0,0,0,0 7/27/2018 13:45:43
0,0,0,0,0,0 7/27/2018 13:45:43
0,0,0,0,0,0 7/27/2018 13:45:43
0,0,0,0,0,0 7/27/2018 13:45:43
0,0,0,0,0,0 7/27/2018 13:45:43
0,0,0,0,0,0 7/27/2018 13:45:43
0,0,0,0,0,0 7/27/2018 13:45:43
0,0,0,0,0,0 7/27/2018 13:45:43
0,0,0,0,0,0 7/27/2018 13:45:43
0,0,0,0,0,0 7/27/2018 13:45:43
0,0,0,0,0,0 7/27/2018 13:45:43
0,0,0,0,0,0 7/27/2018 13:45:43
0,0,0,0,0,0 7/27/2018 13:45:43
0,0,0,0,0,0 7/27/2018 13:45:43
0,0,0,0,0,0 7/27/2018 13:45:43
0,0,0,0,0,0 7/27/2018 13:45:44
0,0,0,0,0,0 7/27/2018 13:45:44
0,0,0,0,0,0 7/27/2018 13:45:44
0,0,0,0,0,0 7/27/2018 13:45:44
0,0,0,0,0,0 7/27/2018 13:45:44
0,0,1,0,0,0 7/27/2018 13:45:44
0,0,1,0,0,0 7/27/2018 13:45:44
0,0,2,0,0,0 7/27/2018 13:45:44
0,0,3,0,0,0 7/27/2018 13:45:44
0,0,6,0,0,0 7/27/2018 13:45:44
0,0,0,0,0,0 7/27/2018 13:45:44
0,0,0,0,0,0 7/27/2018 13:45:44
0,0,0,0,0,0 7/27/2018 13:45:44
0,0,0,0,0,0 7/27/2018 13:45:44
0,0,0,0,0,0 7/27/2018 13:45:44
0,0,0,0,0,0 7/27/2018 13:45:44
0,0,0,0,0,0 7/27/2018 13:45:44
0,0,0,0,0,0 7/27/2018 13:45:44
0,0,0,0,0,0 7/27/2018 13:45:44
0,0,0,0,0,0 7/27/2018 13:45:44
0,0,0,0,0,0 7/27/2018 13:45:44
0,0,0,0,0,0 7/27/2018 13:45:44
0,0,0,0,0,0 7/27/2018 13:45:44
0,0,0,0,0,0 7/27/2018 13:45:45
0,0,0,0,0,0 7/27/2018 13:45:45
0,0,0,0,0,0 7/27/2018 13:45:45
0,0,0,34,0,0 7/27/2018 13:45:45
0,0,0,17,0,0 7/27/2018 13:45:45
0,0,0,26,0,0 7/27/2018 13:45:45
0,0,0,0,0,0 7/27/2018 13:45:45
0,0,0,0,0,0 7/27/2018 13:45:45
0,0,0,0,0,0 7/27/2018 13:45:45
0,0,0,0,0,0 7/27/2018 13:45:45
0,0,0,0,0,0 7/27/2018 13:45:45
0,0,0,0,0,0 7/27/2018 13:45:45
0,0,0,0,0,0 7/27/2018 13:45:45
0,0,0,0,0,0 7/27/2018 13:45:45
0,0,0,0,0,0 7/27/2018 13:45:45
0,0,0,0,0,0 7/27/2018 13:45:45
0,0,0,0,0,0 7/27/2018 13:45:45
0,0,0,0,0,0 7/27/2018 13:45:45
0,0,0,0,0,0 7/27/2018 13:45:45
0,0,0,0,0,0 7/27/2018 13:45:45
0,0,0,0,0,0 7/27/2018 13:45:45
0,0,0,0,0,0 7/27/2018 13:45:45
0,0,0,0,0,0 7/27/2018 13:45:45
0,0,0,0,0,0 7/27/2018 13:45:46
0,0,0,0,0,0 7/27/2018 13:45:46
0,0,0,0,0,0 7/27/2018 13:45:46
0,0,0,0,0,0 7/27/2018 13:45:46
0,0,0,0,0,0 7/27/2018 13:45:46
0,0,0,0,0,0 7/27/2018 13:45:46
0,0,0,0,0,0 7/27/2018 13:45:46
0,0,0,0,0,0 7/27/2018 13:45:46
0,0,0,0,0,0 7/27/2018 13:45:46
0,0,0,0,0,0 7/27/2018 13:45:46
0,0,0,0,0,0 7/27/2018 13:45:46
0,0,0,0,0,0 7/27/2018 13:45:46
0,0,0,0,0,0 7/27/2018 13:45:46
0,0,0,0,0,0 7/27/2018 13:45:46
0,0,0,0,0,0 7/27/2018 13:45:46
0,0,0,0,0,0 7/27/2018 13:45:46
0,0,0,0,0,0 7/27/2018 13:45:46
0,0,0,0,0,0 7/27/2018 13:45:46
0,0,0,0,0,0 7/27/2018 13:45:46
0,0,0,0,0,0 7/27/2018 13:45:46
0,0,0,0,0,0 7/27/2018 13:45:46
0,0,0,0,0,0 7/27/2018 13:45:46
0,0,0,0,0,0 7/27/2018 13:45:47
0,0,0,0,0,0 7/27/2018 13:45:47
0,0,0,0,0,0 7/27/2018 13:45:47
0,0,0,0,0,0 7/27/2018 13:45:47
0,0,0,0,0,0 7/27/2018 13:45:47
0,0,0,0,0,0 7/27/2018 13:45:47
0,0,0,0,0,0 7/27/2018 13:45:47
0,0,0,0,0,0 7/27/2018 13:45:47
0,0,0,0,0,0 7/27/2018 13:45:47
0,0,0,0,0,0 7/27/2018 13:45:47
0,0,0,0,0,0 7/27/2018 13:45:47
0,0,0,0,0,0 7/27/2018 13:45:47
