0,0,0,0,0,0 7/27/2018 13:48:23
0,0,0,0,0,0 7/27/2018 13:48:23
0,0,0,0,0,0 7/27/2018 13:48:24
0,0,0,0,0,0 7/27/2018 13:48:24
0,0,0,0,0,0 7/27/2018 13:48:24
0,0,0,0,0,0 7/27/2018 13:48:24
0,0,0,0,0,0 7/27/2018 13:48:24
0,0,0,0,0,0 7/27/2018 13:48:24
0,0,0,0,0,0 7/27/2018 13:48:24
0,0,0,0,0,0 7/27/2018 13:48:24
0,0,0,0,0,0 7/27/2018 13:48:24
0,0,0,0,0,0 7/27/2018 13:48:24
0,0,0,0,0,0 7/27/2018 13:48:24
0,0,0,0,0,0 7/27/2018 13:48:24
0,0,0,0,0,0 7/27/2018 13:48:24
0,0,0,0,0,0 7/27/2018 13:48:24
0,0,0,0,0,0 7/27/2018 13:48:24
0,0,0,0,0,0 7/27/2018 13:48:24
0,0,0,2,0,0 7/27/2018 13:48:24
0,0,0,52,0,0 7/27/2018 13:48:24
0,0,0,89,0,0 7/27/2018 13:48:24
0,30,0,78,0,0 7/27/2018 13:48:24
0,60,0,84,0,0 7/27/2018 13:48:24
0,67,0,83,0,0 7/27/2018 13:48:24
0,75,0,77,0,0 7/27/2018 13:48:25
0,75,0,72,0,0 7/27/2018 13:48:25
0,76,7,63,0,0 7/27/2018 13:48:25
0,76,6,71,0,0 7/27/2018 13:48:25
0,77,4,67,0,0 7/27/2018 13:48:25
0,76,1,73,0,0 7/27/2018 13:48:25
0,105,2,88,0,0 7/27/2018 13:48:25
0,73,20,110,0,0 7/27/2018 13:48:25
0,75,7,93,0,0 7/27/2018 13:48:25
0,72,19,83,0,0 7/27/2018 13:48:25
0,129,31,90,0,0 7/27/2018 13:48:25
0,99,24,106,0,0 7/27/2018 13:48:25
0,26,14,117,0,0 7/27/2018 13:48:25
0,0,59,142,0,0 7/27/2018 13:48:25
0,39,62,142,0,0 7/27/2018 13:48:25
0,79,53,131,0,0 7/27/2018 13:48:25
0,222,49,139,0,0 7/27/2018 13:48:25
0,0,49,140,0,0 7/27/2018 13:48:25
0,4,64,101,0,0 7/27/2018 13:48:25
0,22,49,65,0,0 7/27/2018 13:48:25
0,61,53,32,0,0 7/27/2018 13:48:25
0,73,21,3,0,0 7/27/2018 13:48:25
0,70,43,25,0,0 7/27/2018 13:48:25
0,77,41,3,0,0 7/27/2018 13:48:26
0,70,44,0,0,0 7/27/2018 13:48:26
0,69,37,0,0,0 7/27/2018 13:48:26
0,373,62,0,0,0 7/27/2018 13:48:26
0,280,69,6,0,0 7/27/2018 13:48:26
0,200,83,16,0,0 7/27/2018 13:48:26
0,105,58,75,0,0 7/27/2018 13:48:26
0,109,60,84,0,0 7/27/2018 13:48:26
0,111,56,87,0,0 7/27/2018 13:48:26
0,99,56,118,0,0 7/27/2018 13:48:26
0,126,65,113,0,0 7/27/2018 13:48:26
0,225,61,119,0,0 7/27/2018 13:48:26
0,165,67,117,0,0 7/27/2018 13:48:26
0,183,68,126,0,0 7/27/2018 13:48:26
0,118,67,122,0,0 7/27/2018 13:48:26
0,294,74,146,0,0 7/27/2018 13:48:26
0,410,73,149,0,0 7/27/2018 13:48:26
0,466,75,152,0,0 7/27/2018 13:48:26
0,497,73,152,0,0 7/27/2018 13:48:26
0,200,59,143,0,0 7/27/2018 13:48:26
0,225,63,138,0,0 7/27/2018 13:48:26
0,408,82,145,0,0 7/27/2018 13:48:26
0,480,83,145,0,0 7/27/2018 13:48:26
0,507,74,151,0,0 7/27/2018 13:48:27
0,501,71,144,0,0 7/27/2018 13:48:27
0,534,76,138,0,0 7/27/2018 13:48:27
0,490,77,135,0,0 7/27/2018 13:48:27
0,430,78,98,0,0 7/27/2018 13:48:27
0,330,81,92,0,0 7/27/2018 13:48:27
0,163,86,78,0,0 7/27/2018 13:48:27
0,101,92,66,0,0 7/27/2018 13:48:27
0,0,62,51,0,0 7/27/2018 13:48:27
0,0,46,45,0,0 7/27/2018 13:48:27
0,0,49,0,0,0 7/27/2018 13:48:27
0,0,5,0,0,0 7/27/2018 13:48:27
0,0,0,0,0,0 7/27/2018 13:48:27
0,0,0,0,0,0 7/27/2018 13:48:27
0,0,0,0,0,0 7/27/2018 13:48:27
0,0,0,0,0,0 7/27/2018 13:48:27
0,0,0,0,0,0 7/27/2018 13:48:27
0,0,0,0,0,0 7/27/2018 13:48:27
0,0,1,0,0,0 7/27/2018 13:48:27
0,0,0,0,0,0 7/27/2018 13:48:27
0,0,0,0,0,0 7/27/2018 13:48:27
0,0,0,0,0,0 7/27/2018 13:48:27
0,0,0,0,0,0 7/27/2018 13:48:28
0,0,0,0,0,0 7/27/2018 13:48:28
0,0,9,0,0,0 7/27/2018 13:48:28
0,0,49,0,0,0 7/27/2018 13:48:28
0,167,51,4,0,0 7/27/2018 13:48:28
0,321,49,64,0,0 7/27/2018 13:48:28
0,375,53,103,0,0 7/27/2018 13:48:28
0,346,66,154,0,0 7/27/2018 13:48:28
0,368,66,168,0,0 7/27/2018 13:48:28
0,0,67,173,0,0 7/27/2018 13:48:28
0,0,67,206,0,0 7/27/2018 13:48:28
0,89,61,209,0,0 7/27/2018 13:48:28
0,44,60,229,0,0 7/27/2018 13:48:28
0,0,69,215,0,0 7/27/2018 13:48:28
0,0,65,319,0,0 7/27/2018 13:48:28
0,35,68,346,0,0 7/27/2018 13:48:28
0,35,68,350,0,0 7/27/2018 13:48:28
0,11,66,323,0,0 7/27/2018 13:48:28
0,0,69,287,0,0 7/27/2018 13:48:28
0,24,66,257,0,0 7/27/2018 13:48:28
0,54,54,245,0,0 7/27/2018 13:48:28
0,64,55,255,0,0 7/27/2018 13:48:28
0,89,81,260,0,0 7/27/2018 13:48:28
0,291,79,246,0,0 7/27/2018 13:48:29
0,103,78,229,0,0 7/27/2018 13:48:29
0,60,70,240,0,0 7/27/2018 13:48:29
0,65,64,220,0,0 7/27/2018 13:48:29
0,86,77,217,0,0 7/27/2018 13:48:29
0,102,80,223,0,0 7/27/2018 13:48:29
0,120,86,200,0,0 7/27/2018 13:48:29
0,165,91,189,0,0 7/27/2018 13:48:29
0,242,82,170,0,0 7/27/2018 13:48:29
0,244,89,82,0,0 7/27/2018 13:48:29
0,245,102,22,0,0 7/27/2018 13:48:29
0,205,119,0,0,0 7/27/2018 13:48:29
0,195,122,0,0,0 7/27/2018 13:48:29
0,206,122,0,0,0 7/27/2018 13:48:29
0,139,124,3,0,0 7/27/2018 13:48:29
0,24,68,16,0,0 7/27/2018 13:48:29
0,0,36,14,0,0 7/27/2018 13:48:29
0,0,17,0,0,0 7/27/2018 13:48:29
0,0,0,0,0,0 7/27/2018 13:48:29
0,0,0,0,0,0 7/27/2018 13:48:29
0,0,0,0,0,0 7/27/2018 13:48:29
0,0,0,0,0,0 7/27/2018 13:48:29
0,0,1,0,0,0 7/27/2018 13:48:29
0,0,1,0,0,0 7/27/2018 13:48:30
0,0,0,0,0,0 7/27/2018 13:48:30
0,0,0,0,0,0 7/27/2018 13:48:30
0,0,0,0,0,0 7/27/2018 13:48:30
0,0,0,0,0,0 7/27/2018 13:48:30
0,0,0,0,0,0 7/27/2018 13:48:30
0,0,0,0,0,0 7/27/2018 13:48:30
0,0,2,0,0,0 7/27/2018 13:48:30
0,0,2,0,0,0 7/27/2018 13:48:30
0,0,0,0,0,0 7/27/2018 13:48:30
0,0,0,0,0,0 7/27/2018 13:48:30
0,0,0,0,0,0 7/27/2018 13:48:30
0,0,0,0,0,0 7/27/2018 13:48:30
0,0,0,0,0,0 7/27/2018 13:48:30
0,0,11,0,0,0 7/27/2018 13:48:30
0,0,16,0,0,0 7/27/2018 13:48:30
0,0,47,0,0,0 7/27/2018 13:48:30
0,0,81,0,0,0 7/27/2018 13:48:30
0,0,68,0,0,0 7/27/2018 13:48:30
0,0,62,0,0,0 7/27/2018 13:48:30
0,0,118,0,0,0 7/27/2018 13:48:30
0,0,160,0,0,0 7/27/2018 13:48:30
0,0,174,0,0,0 7/27/2018 13:48:30
0,0,189,0,0,0 7/27/2018 13:48:31
0,0,181,0,0,0 7/27/2018 13:48:31
0,0,126,0,0,0 7/27/2018 13:48:31
0,0,92,0,0,0 7/27/2018 13:48:31
0,0,71,0,0,0 7/27/2018 13:48:31
0,0,34,0,0,0 7/27/2018 13:48:31
0,0,0,0,0,0 7/27/2018 13:48:31
0,0,0,0,0,0 7/27/2018 13:48:31
0,0,0,0,0,0 7/27/2018 13:48:31
0,0,0,0,0,0 7/27/2018 13:48:31
0,0,0,0,0,0 7/27/2018 13:48:31
0,0,0,0,0,0 7/27/2018 13:48:31
0,0,0,0,0,0 7/27/2018 13:48:31
0,0,0,0,0,0 7/27/2018 13:48:31
0,0,0,0,0,0 7/27/2018 13:48:31
0,0,62,0,0,0 7/27/2018 13:48:31
0,0,187,0,0,0 7/27/2018 13:48:31
0,0,303,0,0,0 7/27/2018 13:48:31
0,0,360,0,0,0 7/27/2018 13:48:31
0,0,378,0,0,0 7/27/2018 13:48:31
0,0,397,0,0,0 7/27/2018 13:48:31
0,0,403,0,0,0 7/27/2018 13:48:31
0,0,411,0,0,0 7/27/2018 13:48:32
0,0,404,0,0,0 7/27/2018 13:48:32
0,0,402,0,0,0 7/27/2018 13:48:32
0,0,413,0,0,0 7/27/2018 13:48:32
0,0,375,11,0,0 7/27/2018 13:48:32
0,46,383,26,0,0 7/27/2018 13:48:32
0,59,378,30,0,0 7/27/2018 13:48:32
0,53,383,18,0,0 7/27/2018 13:48:32
0,53,393,34,0,0 7/27/2018 13:48:32
0,88,397,0,0,0 7/27/2018 13:48:32
0,82,392,0,0,0 7/27/2018 13:48:32
0,97,399,0,0,0 7/27/2018 13:48:32
0,98,398,0,0,0 7/27/2018 13:48:32
0,64,353,0,0,0 7/27/2018 13:48:32
0,17,288,0,0,0 7/27/2018 13:48:32
0,0,255,0,0,0 7/27/2018 13:48:32
0,0,193,0,0,0 7/27/2018 13:48:32
0,0,158,0,0,0 7/27/2018 13:48:32
0,0,105,0,0,0 7/27/2018 13:48:32
0,0,69,0,0,0 7/27/2018 13:48:32
0,0,42,0,0,0 7/27/2018 13:48:32
0,0,50,0,0,0 7/27/2018 13:48:32
0,0,51,0,0,0 7/27/2018 13:48:32
0,0,32,0,0,0 7/27/2018 13:48:33
0,0,57,0,0,0 7/27/2018 13:48:33
0,0,34,0,0,0 7/27/2018 13:48:33
0,0,34,0,0,0 7/27/2018 13:48:33
0,0,35,0,0,0 7/27/2018 13:48:33
0,0,15,0,0,0 7/27/2018 13:48:33
0,0,0,0,0,0 7/27/2018 13:48:33
0,1,5,0,0,0 7/27/2018 13:48:33
0,77,11,0,0,0 7/27/2018 13:48:33
0,200,18,0,0,0 7/27/2018 13:48:33
0,317,24,0,0,0 7/27/2018 13:48:33
0,381,70,0,0,0 7/27/2018 13:48:33
0,408,101,0,0,0 7/27/2018 13:48:33
0,425,162,0,0,0 7/27/2018 13:48:33
0,428,184,21,0,0 7/27/2018 13:48:33
0,426,212,76,0,0 7/27/2018 13:48:33
0,438,241,97,0,0 7/27/2018 13:48:33
0,450,258,109,0,0 7/27/2018 13:48:33
0,459,263,114,0,0 7/27/2018 13:48:33
0,463,272,17,0,0 7/27/2018 13:48:33
0,470,253,43,0,0 7/27/2018 13:48:33
0,481,260,49,0,0 7/27/2018 13:48:33
0,496,274,53,0,0 7/27/2018 13:48:33
0,497,263,60,0,0 7/27/2018 13:48:34
0,499,273,55,0,0 7/27/2018 13:48:34
0,492,280,48,0,0 7/27/2018 13:48:34
0,491,284,52,0,0 7/27/2018 13:48:34
0,489,287,48,0,0 7/27/2018 13:48:34
0,490,284,28,0,0 7/27/2018 13:48:34
0,482,287,15,0,0 7/27/2018 13:48:34
0,477,263,7,0,0 7/27/2018 13:48:34
0,474,258,0,0,0 7/27/2018 13:48:34
0,475,254,0,0,0 7/27/2018 13:48:34
0,478,197,98,0,0 7/27/2018 13:48:34
0,480,215,0,0,0 7/27/2018 13:48:34
0,467,176,0,0,0 7/27/2018 13:48:34
0,483,245,0,0,0 7/27/2018 13:48:34
0,486,268,0,0,0 7/27/2018 13:48:34
0,480,237,0,0,0 7/27/2018 13:48:34
0,476,285,0,0,0 7/27/2018 13:48:34
0,472,278,0,0,0 7/27/2018 13:48:34
0,474,279,0,0,0 7/27/2018 13:48:34
0,483,291,0,0,0 7/27/2018 13:48:34
0,485,286,0,0,0 7/27/2018 13:48:34
0,479,285,0,0,0 7/27/2018 13:48:34
0,486,276,0,0,0 7/27/2018 13:48:35
0,482,239,0,0,0 7/27/2018 13:48:35
0,469,201,0,0,0 7/27/2018 13:48:35
0,480,203,0,0,0 7/27/2018 13:48:35
0,478,173,0,0,0 7/27/2018 13:48:35
0,463,127,0,0,0 7/27/2018 13:48:35
0,430,92,0,0,0 7/27/2018 13:48:35
0,394,142,0,0,0 7/27/2018 13:48:35
0,290,63,0,0,0 7/27/2018 13:48:35
0,184,7,0,0,0 7/27/2018 13:48:35
0,88,50,0,0,0 7/27/2018 13:48:35
0,41,60,0,0,0 7/27/2018 13:48:35
