0,0,0,0,0,0 7/27/2018 13:49:34
0,0,0,0,0,0 7/27/2018 13:49:34
0,0,0,0,0,0 7/27/2018 13:49:34
0,0,0,0,0,0 7/27/2018 13:49:34
0,0,0,0,0,0 7/27/2018 13:49:34
0,0,0,0,0,0 7/27/2018 13:49:34
0,0,0,0,0,0 7/27/2018 13:49:34
0,0,0,0,0,0 7/27/2018 13:49:34
0,0,0,0,0,0 7/27/2018 13:49:34
0,0,0,0,0,0 7/27/2018 13:49:34
0,65,0,0,0,0 7/27/2018 13:49:34
0,87,0,0,0,0 7/27/2018 13:49:34
0,140,0,0,0,0 7/27/2018 13:49:34
0,164,0,0,0,0 7/27/2018 13:49:34
0,235,0,0,0,0 7/27/2018 13:49:34
0,242,0,0,0,0 7/27/2018 13:49:34
0,308,0,0,0,0 7/27/2018 13:49:34
0,315,0,0,0,0 7/27/2018 13:49:34
0,277,0,0,0,0 7/27/2018 13:49:34
0,290,0,0,0,0 7/27/2018 13:49:34
0,359,0,0,0,0 7/27/2018 13:49:35
0,326,0,0,0,0 7/27/2018 13:49:35
0,223,0,0,0,0 7/27/2018 13:49:35
0,81,0,0,0,0 7/27/2018 13:49:35
0,0,0,0,0,0 7/27/2018 13:49:35
0,0,0,0,0,0 7/27/2018 13:49:35
0,0,0,0,0,0 7/27/2018 13:49:35
0,0,0,0,0,0 7/27/2018 13:49:35
0,0,0,0,0,0 7/27/2018 13:49:35
0,0,0,0,0,0 7/27/2018 13:49:35
0,0,0,0,0,0 7/27/2018 13:49:35
0,0,0,0,0,0 7/27/2018 13:49:35
0,0,0,0,0,0 7/27/2018 13:49:35
0,0,0,0,0,0 7/27/2018 13:49:35
0,0,0,0,0,0 7/27/2018 13:49:35
0,0,0,0,0,0 7/27/2018 13:49:35
0,52,0,0,0,0 7/27/2018 13:49:35
0,89,0,0,0,0 7/27/2018 13:49:35
0,138,0,0,0,0 7/27/2018 13:49:35
0,101,0,0,0,0 7/27/2018 13:49:35
0,105,0,0,0,0 7/27/2018 13:49:35
0,156,0,0,0,0 7/27/2018 13:49:35
0,287,0,0,0,0 7/27/2018 13:49:35
0,274,0,0,0,0 7/27/2018 13:49:36
0,157,0,0,0,0 7/27/2018 13:49:36
0,80,0,0,0,0 7/27/2018 13:49:36
0,0,0,0,0,0 7/27/2018 13:49:36
0,0,0,0,0,0 7/27/2018 13:49:36
0,0,0,0,0,0 7/27/2018 13:49:36
0,0,0,0,0,0 7/27/2018 13:49:36
0,0,0,0,0,0 7/27/2018 13:49:36
0,0,0,0,0,0 7/27/2018 13:49:36
0,0,0,0,0,0 7/27/2018 13:49:36
0,0,0,0,0,0 7/27/2018 13:49:36
0,0,0,0,0,0 7/27/2018 13:49:36
0,0,0,0,0,0 7/27/2018 13:49:36
0,0,0,0,0,0 7/27/2018 13:49:36
0,0,0,0,0,0 7/27/2018 13:49:36
0,0,0,0,0,0 7/27/2018 13:49:36
0,7,0,0,0,0 7/27/2018 13:49:36
0,25,0,0,0,0 7/27/2018 13:49:36
0,21,0,0,0,0 7/27/2018 13:49:36
0,67,4,0,0,0 7/27/2018 13:49:36
0,0,0,0,0,0 7/27/2018 13:49:36
0,56,0,0,0,0 7/27/2018 13:49:36
0,0,0,0,0,0 7/27/2018 13:49:37
0,0,7,0,0,0 7/27/2018 13:49:37
0,0,10,0,0,0 7/27/2018 13:49:37
0,0,12,0,0,0 7/27/2018 13:49:37
0,0,0,0,0,0 7/27/2018 13:49:37
0,0,0,0,0,0 7/27/2018 13:49:37
0,0,0,0,0,0 7/27/2018 13:49:37
0,0,0,0,0,0 7/27/2018 13:49:37
0,0,0,0,0,0 7/27/2018 13:49:37
0,0,0,0,0,0 7/27/2018 13:49:37
0,0,0,0,0,0 7/27/2018 13:49:37
0,0,0,0,0,0 7/27/2018 13:49:37
0,0,0,0,0,0 7/27/2018 13:49:37
0,0,0,0,0,0 7/27/2018 13:49:37
0,0,0,0,0,0 7/27/2018 13:49:37
0,0,0,0,0,0 7/27/2018 13:49:37
0,0,0,0,0,0 7/27/2018 13:49:37
0,0,5,0,0,0 7/27/2018 13:49:37
0,0,0,0,0,0 7/27/2018 13:49:37
0,0,0,0,0,0 7/27/2018 13:49:37
0,0,0,0,0,0 7/27/2018 13:49:37
0,0,0,0,0,0 7/27/2018 13:49:37
0,0,0,0,0,0 7/27/2018 13:49:37
0,0,0,0,0,0 7/27/2018 13:49:38
0,0,0,0,0,0 7/27/2018 13:49:38
0,0,0,0,2,0 7/27/2018 13:49:38
0,0,3,0,0,0 7/27/2018 13:49:38
0,0,12,0,0,0 7/27/2018 13:49:38
0,0,10,0,0,0 7/27/2018 13:49:38
0,0,2,0,0,0 7/27/2018 13:49:38
0,0,0,0,0,0 7/27/2018 13:49:38
0,0,1,0,0,0 7/27/2018 13:49:38
0,0,0,0,0,0 7/27/2018 13:49:38
0,0,0,0,0,0 7/27/2018 13:49:38
0,0,0,0,0,0 7/27/2018 13:49:38
0,0,0,0,0,0 7/27/2018 13:49:38
0,0,1,0,0,0 7/27/2018 13:49:38
0,0,28,0,0,0 7/27/2018 13:49:38
0,0,0,0,0,0 7/27/2018 13:49:38
0,0,0,0,0,0 7/27/2018 13:49:38
0,0,0,0,0,0 7/27/2018 13:49:38
0,0,0,0,0,0 7/27/2018 13:49:38
0,0,0,0,0,0 7/27/2018 13:49:38
0,0,0,0,0,0 7/27/2018 13:49:38
0,1,0,0,0,0 7/27/2018 13:49:38
0,0,0,0,0,0 7/27/2018 13:49:38
0,0,22,0,0,0 7/27/2018 13:49:39
0,0,15,0,0,0 7/27/2018 13:49:39
0,0,0,0,0,0 7/27/2018 13:49:39
0,0,0,0,0,0 7/27/2018 13:49:39
0,0,32,0,0,0 7/27/2018 13:49:39
0,0,0,0,0,0 7/27/2018 13:49:39
0,0,0,0,0,0 7/27/2018 13:49:39
0,0,0,0,0,0 7/27/2018 13:49:39
0,0,0,0,0,0 7/27/2018 13:49:39
0,0,0,0,0,0 7/27/2018 13:49:39
0,0,0,0,0,0 7/27/2018 13:49:39
0,0,0,0,0,0 7/27/2018 13:49:39
0,0,0,0,0,0 7/27/2018 13:49:39
0,0,0,0,0,0 7/27/2018 13:49:39
0,0,0,0,0,0 7/27/2018 13:49:39
0,0,0,0,0,0 7/27/2018 13:49:39
0,0,0,0,0,0 7/27/2018 13:49:39
0,0,0,0,0,0 7/27/2018 13:49:39
0,0,0,0,0,0 7/27/2018 13:49:39
0,0,0,10,0,0 7/27/2018 13:49:39
0,0,0,193,0,0 7/27/2018 13:49:39
0,0,0,300,0,0 7/27/2018 13:49:39
0,0,0,268,0,0 7/27/2018 13:49:39
0,0,0,219,0,0 7/27/2018 13:49:40
0,0,0,146,0,0 7/27/2018 13:49:40
0,0,0,0,0,0 7/27/2018 13:49:40
0,0,0,0,0,0 7/27/2018 13:49:40
0,0,0,0,0,0 7/27/2018 13:49:40
0,0,0,0,0,0 7/27/2018 13:49:40
0,0,0,0,0,0 7/27/2018 13:49:40
0,0,0,0,0,0 7/27/2018 13:49:40
0,0,0,0,0,0 7/27/2018 13:49:40
0,0,0,0,0,0 7/27/2018 13:49:40
0,0,0,0,0,0 7/27/2018 13:49:40
0,0,0,0,0,0 7/27/2018 13:49:40
0,0,0,0,0,0 7/27/2018 13:49:40
0,0,0,0,0,0 7/27/2018 13:49:40
0,0,0,0,0,0 7/27/2018 13:49:40
0,0,0,0,0,0 7/27/2018 13:49:40
0,0,0,0,0,0 7/27/2018 13:49:40
0,0,0,0,0,0 7/27/2018 13:49:40
0,0,0,18,0,0 7/27/2018 13:49:40
0,0,0,104,0,0 7/27/2018 13:49:40
0,0,0,156,0,0 7/27/2018 13:49:40
0,0,0,188,0,0 7/27/2018 13:49:40
0,0,0,296,0,0 7/27/2018 13:49:41
0,0,0,372,0,0 7/27/2018 13:49:41
0,0,0,321,0,0 7/27/2018 13:49:41
0,0,0,216,0,0 7/27/2018 13:49:41
0,0,0,29,0,0 7/27/2018 13:49:41
0,0,0,8,0,0 7/27/2018 13:49:41
0,0,0,10,0,0 7/27/2018 13:49:41
0,0,0,0,0,0 7/27/2018 13:49:41
0,0,0,0,0,0 7/27/2018 13:49:41
0,0,0,0,0,0 7/27/2018 13:49:41
0,0,0,0,0,0 7/27/2018 13:49:41
0,0,0,0,0,0 7/27/2018 13:49:41
0,0,0,0,0,0 7/27/2018 13:49:41
0,0,0,0,0,0 7/27/2018 13:49:41
0,0,0,12,0,0 7/27/2018 13:49:41
0,0,0,23,0,0 7/27/2018 13:49:41
0,0,0,0,0,0 7/27/2018 13:49:41
0,0,0,133,0,0 7/27/2018 13:49:41
0,0,0,163,0,0 7/27/2018 13:49:41
0,0,13,327,0,0 7/27/2018 13:49:41
0,0,0,378,0,0 7/27/2018 13:49:41
0,0,0,240,0,0 7/27/2018 13:49:41
0,0,0,108,0,0 7/27/2018 13:49:41
0,0,0,22,0,0 7/27/2018 13:49:42
0,0,0,22,0,0 7/27/2018 13:49:42
0,0,0,0,0,0 7/27/2018 13:49:42
0,0,0,0,0,0 7/27/2018 13:49:42
0,0,0,0,0,0 7/27/2018 13:49:42
0,0,0,0,0,0 7/27/2018 13:49:42
0,0,0,0,0,0 7/27/2018 13:49:42
0,0,0,0,0,0 7/27/2018 13:49:42
0,0,0,0,0,0 7/27/2018 13:49:42
0,0,0,0,0,0 7/27/2018 13:49:42
0,0,0,0,0,0 7/27/2018 13:49:42
0,0,0,0,0,0 7/27/2018 13:49:42
0,0,0,0,0,0 7/27/2018 13:49:42
0,0,0,0,0,0 7/27/2018 13:49:42
0,0,0,0,0,0 7/27/2018 13:49:42
0,0,0,0,0,0 7/27/2018 13:49:42
0,0,0,15,0,0 7/27/2018 13:49:42
0,0,0,7,0,0 7/27/2018 13:49:42
0,0,0,28,0,0 7/27/2018 13:49:42
0,0,0,0,0,0 7/27/2018 13:49:42
0,0,0,0,0,0 7/27/2018 13:49:42
0,0,0,0,0,0 7/27/2018 13:49:42
0,0,0,0,0,0 7/27/2018 13:49:42
0,0,0,0,0,0 7/27/2018 13:49:43
0,0,0,0,0,0 7/27/2018 13:49:43
0,0,0,0,0,0 7/27/2018 13:49:43
0,0,0,0,0,0 7/27/2018 13:49:43
0,0,0,0,0,0 7/27/2018 13:49:43
0,0,0,0,0,0 7/27/2018 13:49:43
0,0,0,0,0,0 7/27/2018 13:49:43
0,0,0,0,0,0 7/27/2018 13:49:43
0,0,0,17,0,0 7/27/2018 13:49:43
0,0,0,37,0,0 7/27/2018 13:49:43
0,0,0,36,0,0 7/27/2018 13:49:43
0,0,0,320,0,0 7/27/2018 13:49:43
0,0,0,403,0,0 7/27/2018 13:49:43
0,0,0,284,0,0 7/27/2018 13:49:43
0,0,0,206,0,0 7/27/2018 13:49:43
0,0,0,124,0,0 7/27/2018 13:49:43
0,0,0,76,0,0 7/27/2018 13:49:43
0,0,0,49,0,0 7/27/2018 13:49:43
0,0,0,34,0,0 7/27/2018 13:49:43
0,0,0,0,0,0 7/27/2018 13:49:43
0,0,0,0,0,0 7/27/2018 13:49:43
0,0,0,0,0,0 7/27/2018 13:49:43
0,0,0,0,0,0 7/27/2018 13:49:44
0,0,0,0,0,0 7/27/2018 13:49:44
0,0,0,0,0,0 7/27/2018 13:49:44
0,0,0,0,0,0 7/27/2018 13:49:44
0,0,0,0,0,0 7/27/2018 13:49:44
0,0,0,3,0,0 7/27/2018 13:49:44
0,0,0,0,0,0 7/27/2018 13:49:44
0,0,0,0,0,0 7/27/2018 13:49:44
0,0,0,0,0,0 7/27/2018 13:49:44
0,0,0,0,0,0 7/27/2018 13:49:44
0,0,0,0,0,0 7/27/2018 13:49:44
0,0,0,0,0,0 7/27/2018 13:49:44
0,0,0,0,0,0 7/27/2018 13:49:44
0,0,0,0,0,0 7/27/2018 13:49:44
0,0,0,0,0,0 7/27/2018 13:49:44
0,0,0,0,0,0 7/27/2018 13:49:44
0,0,0,0,0,0 7/27/2018 13:49:44
0,0,0,0,0,0 7/27/2018 13:49:44
0,0,0,0,0,0 7/27/2018 13:49:44
0,0,0,0,0,0 7/27/2018 13:49:44
0,0,0,0,0,0 7/27/2018 13:49:44
0,0,0,0,0,0 7/27/2018 13:49:44
0,0,0,0,0,0 7/27/2018 13:49:44
0,0,0,0,0,0 7/27/2018 13:49:45
0,0,0,0,0,0 7/27/2018 13:49:45
0,0,0,0,0,0 7/27/2018 13:49:45
0,0,0,0,0,0 7/27/2018 13:49:45
0,0,1,0,0,0 7/27/2018 13:49:45
0,0,2,0,0,0 7/27/2018 13:49:45
0,0,0,0,0,0 7/27/2018 13:49:45
0,0,0,0,0,0 7/27/2018 13:49:45
0,0,0,0,0,0 7/27/2018 13:49:45
