0,0,0,0,0,0 8/1/2018 16:39:39
0,0,0,0,0,0 8/1/2018 16:39:39
0,0,0,0,0,0 8/1/2018 16:39:39
0,0,0,0,0,0 8/1/2018 16:39:39
0,0,0,0,0,0 8/1/2018 16:39:39
0,0,0,0,0,0 8/1/2018 16:39:39
0,0,0,0,0,0 8/1/2018 16:39:39
0,0,0,0,0,0 8/1/2018 16:39:39
0,0,0,0,0,0 8/1/2018 16:39:40
0,0,0,0,0,0 8/1/2018 16:39:40
0,0,0,0,0,0 8/1/2018 16:39:40
0,0,0,0,0,0 8/1/2018 16:39:40
0,0,0,0,0,0 8/1/2018 16:39:40
0,0,0,0,0,0 8/1/2018 16:39:40
0,0,0,0,0,0 8/1/2018 16:39:40
0,0,0,0,0,0 8/1/2018 16:39:40
0,0,0,0,0,0 8/1/2018 16:39:40
0,0,0,0,0,0 8/1/2018 16:39:40
0,0,0,0,0,0 8/1/2018 16:39:40
0,0,0,0,0,0 8/1/2018 16:39:40
0,0,0,0,0,0 8/1/2018 16:39:40
0,0,0,0,0,0 8/1/2018 16:39:40
0,0,0,0,0,0 8/1/2018 16:39:40
0,0,0,0,0,0 8/1/2018 16:39:40
0,0,0,0,0,0 8/1/2018 16:39:40
0,0,0,0,0,0 8/1/2018 16:39:40
0,0,0,0,0,0 8/1/2018 16:39:40
0,0,0,0,0,0 8/1/2018 16:39:40
0,0,0,0,0,0 8/1/2018 16:39:40
0,0,0,0,0,0 8/1/2018 16:39:40
0,0,0,0,0,0 8/1/2018 16:39:40
0,0,0,0,0,0 8/1/2018 16:39:41
0,0,0,0,0,0 8/1/2018 16:39:41
0,0,0,0,0,0 8/1/2018 16:39:41
0,0,0,0,0,0 8/1/2018 16:39:41
0,0,0,31,0,0 8/1/2018 16:39:41
0,0,0,0,0,0 8/1/2018 16:39:41
0,0,0,44,0,0 8/1/2018 16:39:41
0,0,0,0,0,0 8/1/2018 16:39:41
0,0,14,0,0,0 8/1/2018 16:39:41
0,0,17,0,0,0 8/1/2018 16:39:41
0,0,2,0,0,0 8/1/2018 16:39:41
0,0,0,0,0,0 8/1/2018 16:39:41
0,0,0,0,0,0 8/1/2018 16:39:41
0,0,5,0,0,0 8/1/2018 16:39:41
0,0,0,0,0,0 8/1/2018 16:39:41
0,0,0,0,0,0 8/1/2018 16:39:41
0,0,4,0,0,0 8/1/2018 16:39:41
0,0,0,0,0,0 8/1/2018 16:39:41
0,0,0,0,0,0 8/1/2018 16:39:41
0,0,0,0,0,0 8/1/2018 16:39:41
0,0,0,0,0,0 8/1/2018 16:39:41
0,0,0,0,0,0 8/1/2018 16:39:41
0,0,0,151,0,0 8/1/2018 16:39:42
0,0,0,245,0,0 8/1/2018 16:39:42
0,0,0,223,0,0 8/1/2018 16:39:42
0,0,0,243,0,0 8/1/2018 16:39:42
0,0,0,298,0,0 8/1/2018 16:39:42
0,0,0,167,0,0 8/1/2018 16:39:42
0,0,0,78,0,0 8/1/2018 16:39:42
0,0,0,69,0,0 8/1/2018 16:39:42
0,0,0,90,0,0 8/1/2018 16:39:42
0,0,0,141,0,0 8/1/2018 16:39:42
0,0,0,117,0,0 8/1/2018 16:39:42
0,0,0,58,0,0 8/1/2018 16:39:42
0,0,0,0,0,0 8/1/2018 16:39:42
0,0,0,0,0,0 8/1/2018 16:39:42
0,0,0,0,0,0 8/1/2018 16:39:42
0,0,0,0,0,0 8/1/2018 16:39:42
0,0,0,0,0,0 8/1/2018 16:39:42
0,0,0,0,0,0 8/1/2018 16:39:42
0,0,0,0,0,0 8/1/2018 16:39:42
0,0,0,0,0,0 8/1/2018 16:39:42
0,0,0,0,0,0 8/1/2018 16:39:42
0,0,0,0,0,0 8/1/2018 16:39:42
0,0,0,0,0,0 8/1/2018 16:39:42
0,0,0,0,0,0 8/1/2018 16:39:43
0,0,0,0,0,0 8/1/2018 16:39:43
0,0,0,0,0,0 8/1/2018 16:39:43
0,0,0,0,0,0 8/1/2018 16:39:43
0,0,0,0,0,0 8/1/2018 16:39:43
0,0,0,0,0,0 8/1/2018 16:39:43
0,0,0,0,0,0 8/1/2018 16:39:43
0,0,0,0,0,0 8/1/2018 16:39:43
0,0,0,0,0,0 8/1/2018 16:39:43
0,0,0,0,0,0 8/1/2018 16:39:43
0,0,0,0,0,0 8/1/2018 16:39:43
0,0,0,0,0,0 8/1/2018 16:39:43
0,0,0,0,0,0 8/1/2018 16:39:43
0,0,0,0,0,0 8/1/2018 16:39:43
0,0,0,0,0,0 8/1/2018 16:39:43
0,0,0,0,0,0 8/1/2018 16:39:43
0,0,0,0,0,0 8/1/2018 16:39:43
0,0,0,0,0,0 8/1/2018 16:39:43
0,0,0,0,0,0 8/1/2018 16:39:43
0,0,0,0,0,0 8/1/2018 16:39:43
0,0,0,0,0,0 8/1/2018 16:39:43
0,0,0,0,0,0 8/1/2018 16:39:43
0,0,0,0,0,0 8/1/2018 16:39:43
0,0,0,0,0,0 8/1/2018 16:39:44
0,0,0,0,0,0 8/1/2018 16:39:44
0,0,0,170,0,0 8/1/2018 16:39:44
0,0,0,274,0,0 8/1/2018 16:39:44
0,0,0,176,0,0 8/1/2018 16:39:44
0,0,0,0,0,0 8/1/2018 16:39:44
0,0,0,0,0,0 8/1/2018 16:39:44
0,0,0,0,0,0 8/1/2018 16:39:44
0,0,0,0,0,0 8/1/2018 16:39:44
0,0,0,0,0,0 8/1/2018 16:39:44
0,0,0,0,0,0 8/1/2018 16:39:44
0,0,0,0,0,0 8/1/2018 16:39:44
0,0,0,0,0,0 8/1/2018 16:39:44
0,0,0,0,0,0 8/1/2018 16:39:44
0,0,0,0,0,0 8/1/2018 16:39:44
0,0,0,0,0,0 8/1/2018 16:39:44
0,0,0,0,0,0 8/1/2018 16:39:44
0,0,0,0,0,0 8/1/2018 16:39:44
0,0,0,0,0,0 8/1/2018 16:39:44
0,0,0,0,0,0 8/1/2018 16:39:44
0,0,0,0,0,0 8/1/2018 16:39:44
0,0,0,0,0,0 8/1/2018 16:39:44
0,0,0,0,0,0 8/1/2018 16:39:44
0,0,0,0,0,0 8/1/2018 16:39:45
0,0,0,0,0,0 8/1/2018 16:39:45
0,0,0,0,0,0 8/1/2018 16:39:45
0,0,0,0,0,0 8/1/2018 16:39:45
0,0,0,0,0,0 8/1/2018 16:39:45
0,0,0,0,0,0 8/1/2018 16:39:45
0,0,0,0,0,0 8/1/2018 16:39:45
0,0,0,0,0,0 8/1/2018 16:39:45
0,0,0,0,0,0 8/1/2018 16:39:45
0,0,0,0,0,0 8/1/2018 16:39:45
0,0,0,0,0,0 8/1/2018 16:39:45
0,0,0,0,0,0 8/1/2018 16:39:45
0,0,0,0,0,0 8/1/2018 16:39:45
0,0,0,0,0,0 8/1/2018 16:39:45
0,0,0,0,0,0 8/1/2018 16:39:45
0,0,0,0,0,0 8/1/2018 16:39:45
0,0,0,0,0,0 8/1/2018 16:39:45
0,0,0,0,0,0 8/1/2018 16:39:45
0,0,0,0,0,0 8/1/2018 16:39:45
0,0,0,0,0,0 8/1/2018 16:39:45
0,0,0,0,0,0 8/1/2018 16:39:45
0,0,0,0,0,0 8/1/2018 16:39:45
0,0,0,0,0,0 8/1/2018 16:39:46
0,0,0,0,0,0 8/1/2018 16:39:46
0,0,0,0,0,0 8/1/2018 16:39:46
0,0,0,0,0,0 8/1/2018 16:39:46
0,0,0,0,0,0 8/1/2018 16:39:46
0,0,0,0,0,0 8/1/2018 16:39:46
0,0,0,0,0,0 8/1/2018 16:39:46
0,0,0,0,0,1 8/1/2018 16:39:46
0,0,0,0,0,0 8/1/2018 16:39:46
0,0,0,0,0,0 8/1/2018 16:39:46
0,0,0,0,0,0 8/1/2018 16:39:46
0,0,0,0,0,0 8/1/2018 16:39:46
0,0,0,0,0,0 8/1/2018 16:39:46
0,0,0,0,0,0 8/1/2018 16:39:46
0,0,0,0,0,0 8/1/2018 16:39:46
0,0,0,0,0,0 8/1/2018 16:39:46
0,0,0,0,0,0 8/1/2018 16:39:46
0,0,0,0,0,0 8/1/2018 16:39:46
0,0,0,0,0,0 8/1/2018 16:39:46
0,0,0,0,0,0 8/1/2018 16:39:46
0,0,0,0,0,0 8/1/2018 16:39:46
0,0,0,0,0,0 8/1/2018 16:39:46
0,0,0,0,0,0 8/1/2018 16:39:46
0,0,0,0,0,0 8/1/2018 16:39:47
0,0,0,0,0,0 8/1/2018 16:39:47
0,0,0,0,0,0 8/1/2018 16:39:47
0,0,0,0,0,0 8/1/2018 16:39:47
0,0,0,0,0,0 8/1/2018 16:39:47
0,0,0,0,0,0 8/1/2018 16:39:47
0,0,0,0,0,0 8/1/2018 16:39:47
0,0,0,0,0,0 8/1/2018 16:39:47
0,0,0,0,0,0 8/1/2018 16:39:47
0,0,0,0,0,0 8/1/2018 16:39:47
0,0,0,0,0,0 8/1/2018 16:39:47
0,0,0,0,0,0 8/1/2018 16:39:47
0,0,0,0,0,0 8/1/2018 16:39:47
0,0,0,0,0,0 8/1/2018 16:39:47
0,0,0,0,0,0 8/1/2018 16:39:47
0,0,0,0,0,0 8/1/2018 16:39:47
0,0,0,0,0,0 8/1/2018 16:39:47
0,0,0,0,0,0 8/1/2018 16:39:47
0,0,0,0,0,0 8/1/2018 16:39:47
0,0,0,0,0,0 8/1/2018 16:39:47
0,0,0,0,0,0 8/1/2018 16:39:47
0,0,0,0,0,0 8/1/2018 16:39:47
0,0,0,0,0,0 8/1/2018 16:39:47
0,0,0,0,0,0 8/1/2018 16:39:48
0,0,0,0,0,0 8/1/2018 16:39:48
0,0,0,0,0,0 8/1/2018 16:39:48
0,0,0,0,0,0 8/1/2018 16:39:48
0,0,0,0,0,0 8/1/2018 16:39:48
0,0,0,0,0,0 8/1/2018 16:39:48
0,0,0,0,0,0 8/1/2018 16:39:48
0,0,0,0,0,0 8/1/2018 16:39:48
0,0,0,0,0,0 8/1/2018 16:39:48
0,0,0,0,0,0 8/1/2018 16:39:48
0,0,0,0,0,0 8/1/2018 16:39:48
0,0,0,0,0,0 8/1/2018 16:39:48
0,0,0,0,0,0 8/1/2018 16:39:48
0,0,0,0,0,0 8/1/2018 16:39:48
0,0,0,0,0,0 8/1/2018 16:39:48
0,0,0,0,0,0 8/1/2018 16:39:48
0,0,0,0,0,0 8/1/2018 16:39:48
0,0,0,0,0,0 8/1/2018 16:39:48
0,0,0,0,0,0 8/1/2018 16:39:48
0,0,0,0,0,0 8/1/2018 16:39:48
0,0,0,0,0,0 8/1/2018 16:39:48
0,0,0,0,0,0 8/1/2018 16:39:48
0,0,0,0,0,0 8/1/2018 16:39:49
0,0,0,0,0,0 8/1/2018 16:39:49
0,0,0,0,0,0 8/1/2018 16:39:49
0,0,0,0,0,0 8/1/2018 16:39:49
0,0,0,0,0,0 8/1/2018 16:39:49
0,0,0,0,0,0 8/1/2018 16:39:49
0,0,0,0,0,0 8/1/2018 16:39:49
0,0,0,0,0,0 8/1/2018 16:39:49
0,0,0,0,0,0 8/1/2018 16:39:49
0,0,0,0,0,0 8/1/2018 16:39:49
0,0,0,0,0,0 8/1/2018 16:39:49
0,0,10,0,0,0 8/1/2018 16:39:49
0,0,11,0,0,0 8/1/2018 16:39:49
0,0,17,0,0,0 8/1/2018 16:39:49
0,0,18,0,0,0 8/1/2018 16:39:49
0,0,18,0,0,0 8/1/2018 16:39:49
0,0,12,0,0,0 8/1/2018 16:39:49
0,0,0,0,0,0 8/1/2018 16:39:49
0,0,0,0,0,0 8/1/2018 16:39:49
0,0,0,0,0,0 8/1/2018 16:39:49
0,0,0,0,0,0 8/1/2018 16:39:49
0,0,0,0,0,0 8/1/2018 16:39:49
0,0,0,0,0,0 8/1/2018 16:39:49
0,0,0,0,0,0 8/1/2018 16:39:50
0,0,0,0,0,0 8/1/2018 16:39:50
0,0,0,0,0,0 8/1/2018 16:39:50
0,0,0,0,0,0 8/1/2018 16:39:50
0,0,0,0,1,0 8/1/2018 16:39:50
0,0,0,0,0,0 8/1/2018 16:39:50
0,0,0,0,0,0 8/1/2018 16:39:50
0,0,0,0,0,0 8/1/2018 16:39:50
0,0,0,0,0,0 8/1/2018 16:39:50
0,0,0,0,0,0 8/1/2018 16:39:50
0,0,0,0,0,0 8/1/2018 16:39:50
0,0,0,0,0,0 8/1/2018 16:39:50
0,0,0,0,0,0 8/1/2018 16:39:50
0,0,0,0,0,0 8/1/2018 16:39:50
0,0,0,0,0,0 8/1/2018 16:39:50
0,0,0,0,0,0 8/1/2018 16:39:50
0,0,0,0,0,0 8/1/2018 16:39:50
0,0,0,0,0,0 8/1/2018 16:39:50
