0,0,0,0,0,0 8/1/2018 16:40:46
0,0,0,0,0,0 8/1/2018 16:40:46
0,0,0,0,0,0 8/1/2018 16:40:46
0,0,0,0,0,0 8/1/2018 16:40:46
0,0,0,0,0,0 8/1/2018 16:40:46
0,0,0,0,0,0 8/1/2018 16:40:47
0,0,0,0,0,0 8/1/2018 16:40:47
0,0,0,0,0,0 8/1/2018 16:40:47
0,0,0,0,0,0 8/1/2018 16:40:47
0,0,0,0,0,0 8/1/2018 16:40:47
0,0,0,0,0,0 8/1/2018 16:40:47
0,0,12,0,0,0 8/1/2018 16:40:47
0,0,16,0,0,0 8/1/2018 16:40:47
0,0,0,0,0,0 8/1/2018 16:40:47
0,0,37,0,0,0 8/1/2018 16:40:47
0,0,52,0,0,0 8/1/2018 16:40:47
0,0,55,0,0,0 8/1/2018 16:40:47
0,0,68,0,0,0 8/1/2018 16:40:47
0,0,74,0,0,0 8/1/2018 16:40:47
0,0,79,0,0,0 8/1/2018 16:40:47
0,0,40,0,0,0 8/1/2018 16:40:47
0,0,27,0,0,0 8/1/2018 16:40:47
0,0,41,0,0,0 8/1/2018 16:40:47
0,0,22,0,0,0 8/1/2018 16:40:47
0,0,44,0,0,0 8/1/2018 16:40:47
0,0,56,0,0,0 8/1/2018 16:40:47
0,0,52,0,0,0 8/1/2018 16:40:47
0,0,0,0,0,0 8/1/2018 16:40:47
0,0,0,0,0,0 8/1/2018 16:40:48
0,0,0,0,0,0 8/1/2018 16:40:48
0,0,2,0,0,0 8/1/2018 16:40:48
0,0,3,0,0,0 8/1/2018 16:40:48
0,0,4,0,0,0 8/1/2018 16:40:48
0,0,0,0,0,0 8/1/2018 16:40:48
0,0,0,0,0,0 8/1/2018 16:40:48
0,0,2,0,0,0 8/1/2018 16:40:48
0,0,0,0,0,0 8/1/2018 16:40:48
0,0,0,0,0,0 8/1/2018 16:40:48
0,0,18,0,0,0 8/1/2018 16:40:48
0,0,20,33,0,0 8/1/2018 16:40:48
0,0,45,163,0,0 8/1/2018 16:40:48
0,0,48,202,0,0 8/1/2018 16:40:48
0,0,54,219,0,0 8/1/2018 16:40:48
0,0,45,286,0,0 8/1/2018 16:40:48
0,0,47,301,0,0 8/1/2018 16:40:48
0,0,50,244,0,0 8/1/2018 16:40:48
0,0,62,130,0,0 8/1/2018 16:40:48
0,0,59,0,0,0 8/1/2018 16:40:48
0,0,60,0,0,0 8/1/2018 16:40:48
0,0,126,0,0,0 8/1/2018 16:40:48
0,0,98,0,0,0 8/1/2018 16:40:48
0,0,65,0,0,0 8/1/2018 16:40:49
0,0,61,0,0,0 8/1/2018 16:40:49
0,0,47,57,0,0 8/1/2018 16:40:49
0,0,50,63,0,0 8/1/2018 16:40:49
0,0,51,156,0,0 8/1/2018 16:40:49
0,0,52,201,0,0 8/1/2018 16:40:49
0,0,51,241,0,0 8/1/2018 16:40:49
0,0,51,289,0,0 8/1/2018 16:40:49
0,0,54,345,0,0 8/1/2018 16:40:49
0,0,56,388,0,0 8/1/2018 16:40:49
0,0,64,425,0,0 8/1/2018 16:40:49
0,0,83,434,0,0 8/1/2018 16:40:49
0,0,78,400,0,0 8/1/2018 16:40:49
0,0,57,288,0,0 8/1/2018 16:40:49
0,0,58,119,0,0 8/1/2018 16:40:49
0,0,64,13,0,0 8/1/2018 16:40:49
0,0,57,0,0,0 8/1/2018 16:40:49
0,0,61,0,0,0 8/1/2018 16:40:49
0,0,59,0,0,0 8/1/2018 16:40:49
0,0,55,0,0,0 8/1/2018 16:40:49
0,0,0,0,0,0 8/1/2018 16:40:49
0,0,0,0,0,0 8/1/2018 16:40:49
0,0,2,0,0,0 8/1/2018 16:40:49
0,0,12,0,0,0 8/1/2018 16:40:50
0,0,12,0,0,0 8/1/2018 16:40:50
0,0,0,0,0,0 8/1/2018 16:40:50
0,0,0,0,0,0 8/1/2018 16:40:50
0,0,0,0,0,0 8/1/2018 16:40:50
0,0,0,0,0,0 8/1/2018 16:40:50
0,0,0,0,0,0 8/1/2018 16:40:50
0,0,6,0,0,0 8/1/2018 16:40:50
0,0,0,0,0,0 8/1/2018 16:40:50
0,0,0,0,0,0 8/1/2018 16:40:50
0,0,0,0,0,0 8/1/2018 16:40:50
0,0,0,0,0,0 8/1/2018 16:40:50
0,0,0,0,0,0 8/1/2018 16:40:50
0,0,0,0,0,0 8/1/2018 16:40:50
0,0,1,0,0,0 8/1/2018 16:40:50
0,0,0,0,0,0 8/1/2018 16:40:50
0,0,0,0,0,0 8/1/2018 16:40:50
0,0,0,0,0,0 8/1/2018 16:40:50
0,0,0,0,0,0 8/1/2018 16:40:50
0,0,0,0,0,0 8/1/2018 16:40:50
0,0,0,51,0,0 8/1/2018 16:40:50
0,0,0,71,0,0 8/1/2018 16:40:50
0,0,0,96,0,0 8/1/2018 16:40:51
0,0,0,86,0,0 8/1/2018 16:40:51
0,0,0,91,0,0 8/1/2018 16:40:51
0,0,0,89,0,0 8/1/2018 16:40:51
0,0,0,40,0,0 8/1/2018 16:40:51
0,0,0,32,0,0 8/1/2018 16:40:51
0,0,0,20,0,0 8/1/2018 16:40:51
0,0,0,2,0,0 8/1/2018 16:40:51
0,0,0,0,0,0 8/1/2018 16:40:51
0,0,0,0,0,0 8/1/2018 16:40:51
0,0,0,32,0,0 8/1/2018 16:40:51
0,0,0,106,0,0 8/1/2018 16:40:51
0,0,0,159,0,0 8/1/2018 16:40:51
0,0,0,106,0,0 8/1/2018 16:40:51
0,0,0,0,0,0 8/1/2018 16:40:51
0,0,0,0,0,0 8/1/2018 16:40:51
0,0,0,0,0,0 8/1/2018 16:40:51
0,0,0,0,0,0 8/1/2018 16:40:51
0,0,0,0,0,0 8/1/2018 16:40:51
0,0,0,0,0,0 8/1/2018 16:40:51
0,0,0,0,0,0 8/1/2018 16:40:51
0,0,0,0,0,0 8/1/2018 16:40:51
0,0,1,0,0,0 8/1/2018 16:40:51
0,0,0,0,0,0 8/1/2018 16:40:52
0,0,0,0,0,0 8/1/2018 16:40:52
0,0,0,0,0,0 8/1/2018 16:40:52
0,0,0,0,0,0 8/1/2018 16:40:52
0,0,0,20,0,0 8/1/2018 16:40:52
0,0,1,40,0,0 8/1/2018 16:40:52
0,0,3,49,0,0 8/1/2018 16:40:52
0,0,1,63,0,0 8/1/2018 16:40:52
0,0,31,68,0,0 8/1/2018 16:40:52
0,0,43,72,0,0 8/1/2018 16:40:52
0,0,36,70,0,0 8/1/2018 16:40:52
0,0,43,67,0,0 8/1/2018 16:40:52
0,0,40,69,0,0 8/1/2018 16:40:52
0,0,38,66,0,0 8/1/2018 16:40:52
0,0,38,50,0,0 8/1/2018 16:40:52
0,0,49,51,0,0 8/1/2018 16:40:52
0,0,46,47,0,0 8/1/2018 16:40:52
0,0,40,33,0,0 8/1/2018 16:40:52
0,0,44,29,0,0 8/1/2018 16:40:52
0,0,46,0,0,0 8/1/2018 16:40:52
0,0,48,13,0,0 8/1/2018 16:40:52
0,0,49,52,0,0 8/1/2018 16:40:52
0,0,47,63,0,0 8/1/2018 16:40:52
0,0,47,66,0,0 8/1/2018 16:40:53
0,0,48,60,0,0 8/1/2018 16:40:53
0,0,46,55,0,0 8/1/2018 16:40:53
0,0,48,51,0,0 8/1/2018 16:40:53
0,0,48,67,0,0 8/1/2018 16:40:53
0,0,47,127,0,0 8/1/2018 16:40:53
0,0,49,147,0,0 8/1/2018 16:40:53
0,0,48,135,0,0 8/1/2018 16:40:53
0,0,47,96,0,0 8/1/2018 16:40:53
0,0,47,99,0,0 8/1/2018 16:40:53
0,0,46,67,0,0 8/1/2018 16:40:53
0,0,50,53,0,0 8/1/2018 16:40:53
0,0,44,29,0,0 8/1/2018 16:40:53
0,0,11,17,0,0 8/1/2018 16:40:53
0,0,5,24,0,0 8/1/2018 16:40:53
0,0,0,57,0,0 8/1/2018 16:40:53
0,0,0,76,0,0 8/1/2018 16:40:53
0,0,0,100,0,0 8/1/2018 16:40:53
0,0,0,113,0,0 8/1/2018 16:40:53
0,0,0,134,0,0 8/1/2018 16:40:53
0,0,0,128,0,0 8/1/2018 16:40:53
0,0,0,115,0,0 8/1/2018 16:40:53
0,0,0,80,0,0 8/1/2018 16:40:53
0,0,0,59,0,0 8/1/2018 16:40:54
0,0,0,38,0,0 8/1/2018 16:40:54
0,0,0,12,0,0 8/1/2018 16:40:54
0,0,0,0,0,0 8/1/2018 16:40:54
0,0,0,0,0,0 8/1/2018 16:40:54
0,0,0,0,0,0 8/1/2018 16:40:54
0,0,0,0,0,0 8/1/2018 16:40:54
0,0,0,0,0,0 8/1/2018 16:40:54
0,0,0,0,0,0 8/1/2018 16:40:54
0,0,0,0,0,0 8/1/2018 16:40:54
0,0,0,0,0,0 8/1/2018 16:40:54
0,0,0,0,0,0 8/1/2018 16:40:54
0,0,0,0,0,0 8/1/2018 16:40:54
0,0,0,0,0,0 8/1/2018 16:40:54
0,0,0,0,0,0 8/1/2018 16:40:54
0,0,0,0,0,0 8/1/2018 16:40:54
0,0,0,0,0,0 8/1/2018 16:40:54
0,0,0,0,0,0 8/1/2018 16:40:54
0,0,25,0,0,0 8/1/2018 16:40:54
0,0,30,0,0,0 8/1/2018 16:40:54
0,0,34,0,0,0 8/1/2018 16:40:54
0,0,33,0,0,0 8/1/2018 16:40:54
0,0,44,0,0,0 8/1/2018 16:40:55
0,0,47,0,0,0 8/1/2018 16:40:55
0,0,48,0,0,0 8/1/2018 16:40:55
0,0,48,40,0,0 8/1/2018 16:40:55
0,0,5,125,0,0 8/1/2018 16:40:55
0,0,0,127,0,0 8/1/2018 16:40:55
0,0,0,42,0,0 8/1/2018 16:40:55
0,0,0,0,0,0 8/1/2018 16:40:55
0,0,0,0,0,0 8/1/2018 16:40:55
0,0,0,0,0,0 8/1/2018 16:40:55
0,0,0,0,0,0 8/1/2018 16:40:55
0,0,0,36,0,0 8/1/2018 16:40:55
0,0,0,95,0,0 8/1/2018 16:40:55
0,0,0,127,0,0 8/1/2018 16:40:55
0,0,0,112,0,0 8/1/2018 16:40:55
0,0,0,79,0,0 8/1/2018 16:40:55
0,0,0,42,0,0 8/1/2018 16:40:55
0,0,0,0,0,0 8/1/2018 16:40:55
0,0,0,0,0,0 8/1/2018 16:40:55
0,0,0,0,0,0 8/1/2018 16:40:55
0,0,0,110,0,0 8/1/2018 16:40:55
0,0,0,270,0,0 8/1/2018 16:40:55
0,0,0,138,0,0 8/1/2018 16:40:55
0,0,0,0,0,0 8/1/2018 16:40:56
0,0,0,0,0,0 8/1/2018 16:40:56
0,0,0,0,0,0 8/1/2018 16:40:56
0,0,19,0,0,0 8/1/2018 16:40:56
0,0,21,46,0,0 8/1/2018 16:40:56
0,0,23,80,0,0 8/1/2018 16:40:56
0,0,25,95,0,0 8/1/2018 16:40:56
0,0,0,118,0,0 8/1/2018 16:40:56
0,0,0,121,0,0 8/1/2018 16:40:56
0,0,2,181,0,0 8/1/2018 16:40:56
0,0,0,174,0,0 8/1/2018 16:40:56
0,0,3,147,0,0 8/1/2018 16:40:56
0,0,11,63,0,0 8/1/2018 16:40:56
0,0,8,0,0,0 8/1/2018 16:40:56
0,0,11,0,0,0 8/1/2018 16:40:56
0,0,54,0,0,0 8/1/2018 16:40:56
0,0,44,0,0,0 8/1/2018 16:40:56
0,0,37,0,0,0 8/1/2018 16:40:56
0,0,6,0,0,0 8/1/2018 16:40:56
0,0,67,0,0,0 8/1/2018 16:40:56
0,0,178,0,0,0 8/1/2018 16:40:56
0,0,258,0,0,0 8/1/2018 16:40:56
0,0,318,0,0,0 8/1/2018 16:40:56
0,0,327,0,0,0 8/1/2018 16:40:57
0,0,398,0,0,0 8/1/2018 16:40:57
0,0,440,0,0,0 8/1/2018 16:40:57
0,0,476,0,0,0 8/1/2018 16:40:57
0,0,470,0,0,0 8/1/2018 16:40:57
0,0,449,0,0,0 8/1/2018 16:40:57
0,0,353,0,0,0 8/1/2018 16:40:57
0,0,232,0,0,0 8/1/2018 16:40:57
0,0,162,0,0,0 8/1/2018 16:40:57
0,0,72,0,0,0 8/1/2018 16:40:57
0,0,55,0,0,0 8/1/2018 16:40:57
0,0,50,0,0,0 8/1/2018 16:40:57
0,0,10,0,0,0 8/1/2018 16:40:57
0,0,4,0,0,0 8/1/2018 16:40:57
0,0,0,0,0,0 8/1/2018 16:40:57
0,0,0,0,0,0 8/1/2018 16:40:57
0,0,0,0,0,0 8/1/2018 16:40:57
