0,0,22,193,0,0 8/1/2018 16:41:43
0,0,19,229,0,0 8/1/2018 16:41:43
0,0,5,232,0,0 8/1/2018 16:41:43
0,0,0,221,0,0 8/1/2018 16:41:43
0,0,0,213,0,0 8/1/2018 16:41:43
0,0,0,213,0,0 8/1/2018 16:41:43
0,0,0,234,0,0 8/1/2018 16:41:43
0,0,0,265,0,0 8/1/2018 16:41:43
0,0,0,291,0,0 8/1/2018 16:41:44
0,0,0,298,0,0 8/1/2018 16:41:44
0,0,0,286,0,0 8/1/2018 16:41:44
0,0,11,253,0,0 8/1/2018 16:41:44
0,0,11,83,0,0 8/1/2018 16:41:44
0,0,23,54,0,0 8/1/2018 16:41:44
0,0,21,0,0,0 8/1/2018 16:41:44
0,0,20,0,0,0 8/1/2018 16:41:44
0,0,24,0,0,0 8/1/2018 16:41:44
0,0,21,0,0,0 8/1/2018 16:41:44
0,0,8,24,0,0 8/1/2018 16:41:44
0,0,0,99,0,0 8/1/2018 16:41:44
0,0,0,58,0,0 8/1/2018 16:41:44
0,0,0,1,0,0 8/1/2018 16:41:44
0,0,0,0,0,0 8/1/2018 16:41:44
0,0,0,0,0,0 8/1/2018 16:41:44
0,0,0,0,0,0 8/1/2018 16:41:44
0,0,0,0,0,0 8/1/2018 16:41:44
0,0,0,0,0,0 8/1/2018 16:41:44
0,0,21,9,0,0 8/1/2018 16:41:44
0,0,3,88,0,0 8/1/2018 16:41:44
0,0,17,124,0,0 8/1/2018 16:41:44
0,0,31,171,0,0 8/1/2018 16:41:45
0,0,42,46,0,0 8/1/2018 16:41:45
0,0,38,104,0,0 8/1/2018 16:41:45
0,0,40,143,0,0 8/1/2018 16:41:45
0,0,33,148,0,0 8/1/2018 16:41:45
0,0,50,85,0,0 8/1/2018 16:41:45
0,0,57,0,0,0 8/1/2018 16:41:45
0,0,59,0,0,0 8/1/2018 16:41:45
0,0,61,0,0,0 8/1/2018 16:41:45
0,0,63,0,0,0 8/1/2018 16:41:45
0,0,63,0,0,0 8/1/2018 16:41:45
0,0,59,0,0,0 8/1/2018 16:41:45
0,0,56,0,0,0 8/1/2018 16:41:45
0,0,64,0,0,0 8/1/2018 16:41:45
0,0,70,0,0,0 8/1/2018 16:41:45
0,0,62,0,0,0 8/1/2018 16:41:45
0,0,50,0,0,0 8/1/2018 16:41:45
0,0,0,0,0,0 8/1/2018 16:41:45
0,0,0,0,0,0 8/1/2018 16:41:45
0,0,0,0,0,0 8/1/2018 16:41:45
0,0,0,0,0,0 8/1/2018 16:41:45
0,0,0,0,0,0 8/1/2018 16:41:45
0,0,0,0,0,0 8/1/2018 16:41:45
0,0,0,0,0,0 8/1/2018 16:41:46
0,0,0,0,0,0 8/1/2018 16:41:46
0,0,0,0,0,0 8/1/2018 16:41:46
0,0,0,0,0,0 8/1/2018 16:41:46
0,0,0,0,0,0 8/1/2018 16:41:46
0,0,7,0,0,0 8/1/2018 16:41:46
0,0,14,0,0,0 8/1/2018 16:41:46
0,0,3,0,0,0 8/1/2018 16:41:46
0,0,0,0,0,0 8/1/2018 16:41:46
0,0,0,0,0,0 8/1/2018 16:41:46
0,0,0,0,0,0 8/1/2018 16:41:46
0,0,0,15,0,0 8/1/2018 16:41:46
0,0,0,84,0,0 8/1/2018 16:41:46
0,0,0,125,0,0 8/1/2018 16:41:46
0,0,0,223,0,0 8/1/2018 16:41:46
0,0,0,246,0,0 8/1/2018 16:41:46
0,0,0,285,0,0 8/1/2018 16:41:46
0,0,0,340,0,0 8/1/2018 16:41:46
0,0,0,363,0,0 8/1/2018 16:41:46
0,0,0,392,0,0 8/1/2018 16:41:46
0,0,0,442,0,0 8/1/2018 16:41:46
0,0,0,507,0,0 8/1/2018 16:41:46
0,0,0,535,0,0 8/1/2018 16:41:46
0,0,0,548,0,0 8/1/2018 16:41:47
0,0,0,562,0,0 8/1/2018 16:41:47
0,0,0,518,0,0 8/1/2018 16:41:47
0,0,28,366,0,0 8/1/2018 16:41:47
0,0,30,264,0,0 8/1/2018 16:41:47
0,0,88,176,0,0 8/1/2018 16:41:47
0,0,93,144,0,0 8/1/2018 16:41:47
0,0,79,148,3,0 8/1/2018 16:41:47
0,0,78,172,0,0 8/1/2018 16:41:47
0,0,49,191,0,0 8/1/2018 16:41:47
0,0,36,200,0,0 8/1/2018 16:41:47
0,0,34,133,0,0 8/1/2018 16:41:47
0,0,14,0,0,0 8/1/2018 16:41:47
0,0,0,0,0,0 8/1/2018 16:41:47
0,0,0,0,0,0 8/1/2018 16:41:47
0,0,15,0,0,0 8/1/2018 16:41:47
0,0,22,0,0,0 8/1/2018 16:41:47
0,0,7,0,0,0 8/1/2018 16:41:47
0,0,17,0,0,0 8/1/2018 16:41:47
0,0,0,71,0,0 8/1/2018 16:41:47
0,0,0,96,0,0 8/1/2018 16:41:47
0,0,20,105,0,0 8/1/2018 16:41:47
0,0,13,73,0,0 8/1/2018 16:41:47
0,0,0,59,0,0 8/1/2018 16:41:48
0,0,0,42,0,0 8/1/2018 16:41:48
0,0,4,18,0,0 8/1/2018 16:41:48
0,0,23,0,0,0 8/1/2018 16:41:48
0,0,24,0,0,0 8/1/2018 16:41:48
0,0,27,0,0,0 8/1/2018 16:41:48
0,0,25,0,0,0 8/1/2018 16:41:48
0,0,33,0,0,0 8/1/2018 16:41:48
0,0,31,22,0,0 8/1/2018 16:41:48
0,0,29,103,0,0 8/1/2018 16:41:48
0,0,38,187,0,0 8/1/2018 16:41:48
0,0,47,253,0,0 8/1/2018 16:41:48
0,0,45,313,0,0 8/1/2018 16:41:48
0,0,48,349,0,0 8/1/2018 16:41:48
0,0,58,359,0,0 8/1/2018 16:41:48
0,0,57,338,0,0 8/1/2018 16:41:48
0,0,59,265,0,0 8/1/2018 16:41:48
0,0,53,144,0,0 8/1/2018 16:41:48
0,0,45,86,0,0 8/1/2018 16:41:48
0,0,48,35,0,0 8/1/2018 16:41:48
0,0,50,0,0,0 8/1/2018 16:41:48
0,0,54,0,0,0 8/1/2018 16:41:48
0,0,61,0,0,0 8/1/2018 16:41:49
0,0,62,0,0,0 8/1/2018 16:41:49
0,0,56,0,0,0 8/1/2018 16:41:49
0,0,58,0,0,0 8/1/2018 16:41:49
0,0,57,0,0,0 8/1/2018 16:41:49
0,0,46,0,0,0 8/1/2018 16:41:49
0,0,37,0,0,0 8/1/2018 16:41:49
0,0,38,0,0,0 8/1/2018 16:41:49
0,0,39,0,0,0 8/1/2018 16:41:49
0,0,24,0,0,0 8/1/2018 16:41:49
0,0,20,0,0,0 8/1/2018 16:41:49
0,0,21,93,0,0 8/1/2018 16:41:49
0,0,15,135,0,0 8/1/2018 16:41:49
0,0,7,155,0,0 8/1/2018 16:41:49
0,0,6,110,0,0 8/1/2018 16:41:49
0,0,6,64,0,0 8/1/2018 16:41:49
0,0,0,0,0,0 8/1/2018 16:41:49
0,0,0,0,0,0 8/1/2018 16:41:49
0,0,0,0,0,0 8/1/2018 16:41:49
0,0,0,0,0,0 8/1/2018 16:41:49
0,0,0,0,0,0 8/1/2018 16:41:49
0,0,2,0,0,0 8/1/2018 16:41:49
0,0,0,0,0,0 8/1/2018 16:41:49
0,0,0,0,0,0 8/1/2018 16:41:50
0,0,0,0,0,0 8/1/2018 16:41:50
0,0,0,0,0,0 8/1/2018 16:41:50
0,0,0,0,0,0 8/1/2018 16:41:50
0,0,2,0,0,0 8/1/2018 16:41:50
0,0,5,0,0,0 8/1/2018 16:41:50
0,0,12,0,0,0 8/1/2018 16:41:50
0,0,18,0,0,0 8/1/2018 16:41:50
0,0,42,0,0,0 8/1/2018 16:41:50
0,0,39,0,0,0 8/1/2018 16:41:50
0,0,44,0,0,0 8/1/2018 16:41:50
0,0,47,0,0,0 8/1/2018 16:41:50
0,0,43,0,0,0 8/1/2018 16:41:50
0,0,40,0,0,0 8/1/2018 16:41:50
0,0,43,2,0,0 8/1/2018 16:41:50
0,0,49,19,0,0 8/1/2018 16:41:50
0,0,51,0,0,0 8/1/2018 16:41:50
0,0,43,0,0,0 8/1/2018 16:41:50
0,0,48,0,0,0 8/1/2018 16:41:50
0,0,49,0,0,0 8/1/2018 16:41:50
0,0,51,0,0,0 8/1/2018 16:41:50
0,0,42,96,0,0 8/1/2018 16:41:50
0,0,36,192,0,0 8/1/2018 16:41:50
0,0,16,308,0,0 8/1/2018 16:41:51
0,0,64,383,0,0 8/1/2018 16:41:51
0,0,67,445,0,0 8/1/2018 16:41:51
0,0,56,477,0,0 8/1/2018 16:41:51
0,0,55,520,0,0 8/1/2018 16:41:51
0,0,55,528,0,0 8/1/2018 16:41:51
0,0,57,521,0,0 8/1/2018 16:41:51
0,0,59,507,0,0 8/1/2018 16:41:51
0,0,1,460,0,0 8/1/2018 16:41:51
0,0,23,377,0,0 8/1/2018 16:41:51
0,0,0,309,0,0 8/1/2018 16:41:51
0,0,2,187,0,0 8/1/2018 16:41:51
0,0,9,127,0,0 8/1/2018 16:41:51
0,0,7,122,0,0 8/1/2018 16:41:51
0,0,4,74,0,0 8/1/2018 16:41:51
0,0,29,20,0,0 8/1/2018 16:41:51
0,0,31,0,0,0 8/1/2018 16:41:51
0,0,32,0,0,0 8/1/2018 16:41:51
0,0,33,15,0,0 8/1/2018 16:41:51
0,0,30,44,0,0 8/1/2018 16:41:51
0,0,26,53,0,0 8/1/2018 16:41:51
0,0,0,88,0,0 8/1/2018 16:41:51
0,0,0,100,0,0 8/1/2018 16:41:52
0,0,0,97,0,0 8/1/2018 16:41:52
0,0,47,86,0,0 8/1/2018 16:41:52
0,0,45,50,0,0 8/1/2018 16:41:52
0,0,0,16,0,0 8/1/2018 16:41:52
0,0,0,0,0,0 8/1/2018 16:41:52
0,0,0,0,0,0 8/1/2018 16:41:52
0,0,0,0,0,0 8/1/2018 16:41:52
0,0,0,0,0,0 8/1/2018 16:41:52
0,0,57,0,0,0 8/1/2018 16:41:52
0,0,133,0,0,0 8/1/2018 16:41:52
0,0,220,0,0,0 8/1/2018 16:41:52
0,0,313,0,0,0 8/1/2018 16:41:52
0,0,367,0,0,0 8/1/2018 16:41:52
0,0,392,0,0,0 8/1/2018 16:41:52
0,0,414,0,0,0 8/1/2018 16:41:52
0,0,417,0,0,0 8/1/2018 16:41:52
0,0,448,0,0,0 8/1/2018 16:41:52
0,0,472,0,0,0 8/1/2018 16:41:52
0,0,475,0,0,0 8/1/2018 16:41:52
0,0,478,0,0,0 8/1/2018 16:41:52
0,0,495,0,0,0 8/1/2018 16:41:52
0,0,503,0,0,0 8/1/2018 16:41:52
0,0,509,0,0,0 8/1/2018 16:41:53
0,0,477,0,0,0 8/1/2018 16:41:53
0,0,396,0,0,0 8/1/2018 16:41:53
0,0,357,0,0,0 8/1/2018 16:41:53
0,0,289,0,0,0 8/1/2018 16:41:53
0,0,218,0,0,0 8/1/2018 16:41:53
0,0,117,0,0,0 8/1/2018 16:41:53
0,0,59,0,0,0 8/1/2018 16:41:53
0,0,0,0,0,0 8/1/2018 16:41:53
0,0,0,0,0,0 8/1/2018 16:41:53
0,0,0,0,0,0 8/1/2018 16:41:53
0,0,0,0,0,0 8/1/2018 16:41:53
0,0,0,0,0,0 8/1/2018 16:41:53
0,0,0,0,0,0 8/1/2018 16:41:53
0,0,0,0,0,0 8/1/2018 16:41:53
0,0,0,0,0,0 8/1/2018 16:41:53
0,0,0,0,0,0 8/1/2018 16:41:53
0,0,53,0,0,0 8/1/2018 16:41:53
0,0,136,0,0,0 8/1/2018 16:41:53
0,0,222,0,0,0 8/1/2018 16:41:53
0,0,286,0,0,0 8/1/2018 16:41:53
0,0,350,0,0,0 8/1/2018 16:41:53
0,0,384,0,0,0 8/1/2018 16:41:53
0,0,402,0,0,0 8/1/2018 16:41:54
0,0,387,0,0,0 8/1/2018 16:41:54
0,0,331,0,0,0 8/1/2018 16:41:54
0,0,313,0,0,0 8/1/2018 16:41:54
0,0,221,0,0,0 8/1/2018 16:41:54
0,0,113,0,0,0 8/1/2018 16:41:54
0,0,86,0,0,0 8/1/2018 16:41:54
0,0,88,0,0,0 8/1/2018 16:41:54
0,0,93,0,0,0 8/1/2018 16:41:54
0,0,97,0,0,0 8/1/2018 16:41:54
0,0,113,0,0,0 8/1/2018 16:41:54
0,0,219,0,0,0 8/1/2018 16:41:54
0,0,271,0,0,0 8/1/2018 16:41:54
0,0,374,0,0,0 8/1/2018 16:41:54
0,0,490,0,0,0 8/1/2018 16:41:54
0,0,530,0,0,0 8/1/2018 16:41:54
0,0,552,0,0,0 8/1/2018 16:41:54
0,0,577,0,0,0 8/1/2018 16:41:54
0,0,590,0,0,0 8/1/2018 16:41:54
0,0,600,0,0,0 8/1/2018 16:41:54
0,0,600,0,0,0 8/1/2018 16:41:54
0,0,582,0,0,0 8/1/2018 16:41:54
0,0,592,0,0,0 8/1/2018 16:41:54
0,0,540,0,0,0 8/1/2018 16:41:55
0,0,545,0,0,0 8/1/2018 16:41:55
0,0,590,0,0,0 8/1/2018 16:41:55
0,0,606,0,0,0 8/1/2018 16:41:55
0,0,567,0,0,0 8/1/2018 16:41:55
0,0,503,0,0,0 8/1/2018 16:41:55
0,0,464,0,0,0 8/1/2018 16:41:55
0,0,418,0,0,0 8/1/2018 16:41:55
0,0,398,0,0,0 8/1/2018 16:41:55
0,0,243,0,0,0 8/1/2018 16:41:55
0,0,11,0,0,0 8/1/2018 16:41:55
0,0,0,0,0,0 8/1/2018 16:41:55
0,0,0,0,0,0 8/1/2018 16:41:55
0,0,0,0,0,0 8/1/2018 16:41:55
0,0,14,0,0,0 8/1/2018 16:41:55
0,0,21,0,0,0 8/1/2018 16:41:55
0,0,45,0,0,0 8/1/2018 16:41:55
0,0,47,0,0,0 8/1/2018 16:41:55
0,0,19,0,0,0 8/1/2018 16:41:55
0,0,58,0,0,0 8/1/2018 16:41:55
0,0,54,0,0,0 8/1/2018 16:41:55
0,0,62,0,0,0 8/1/2018 16:41:55
0,0,70,0,0,0 8/1/2018 16:41:56
0,0,48,0,0,0 8/1/2018 16:41:56
0,0,47,0,0,0 8/1/2018 16:41:56
0,0,63,0,0,0 8/1/2018 16:41:56
0,0,66,0,0,0 8/1/2018 16:41:56
0,0,9,0,0,0 8/1/2018 16:41:56
0,0,7,0,0,0 8/1/2018 16:41:56
0,0,2,0,0,0 8/1/2018 16:41:56
0,0,0,16,0,0 8/1/2018 16:41:56
0,0,0,19,0,0 8/1/2018 16:41:56
0,0,0,39,0,0 8/1/2018 16:41:56
0,0,13,39,0,0 8/1/2018 16:41:56
0,0,15,58,0,0 8/1/2018 16:41:56
0,0,6,92,0,0 8/1/2018 16:41:56
0,0,6,125,0,0 8/1/2018 16:41:56
0,0,2,133,0,0 8/1/2018 16:41:56
0,0,12,140,0,0 8/1/2018 16:41:56
0,0,12,126,0,0 8/1/2018 16:41:56
0,0,17,102,0,0 8/1/2018 16:41:56
0,0,16,62,0,0 8/1/2018 16:41:56
0,0,0,0,0,0 8/1/2018 16:41:56
0,0,0,0,0,0 8/1/2018 16:41:56
0,0,0,0,0,0 8/1/2018 16:41:56
0,0,0,0,0,0 8/1/2018 16:41:57
0,0,0,0,0,0 8/1/2018 16:41:57
0,0,0,0,0,0 8/1/2018 16:41:57
0,0,0,0,0,0 8/1/2018 16:41:57
0,0,0,0,0,0 8/1/2018 16:41:57
0,0,0,0,0,0 8/1/2018 16:41:57
0,0,0,0,0,0 8/1/2018 16:41:57
0,0,0,0,0,0 8/1/2018 16:41:57
0,0,0,0,0,0 8/1/2018 16:41:57
0,0,0,0,0,0 8/1/2018 16:41:57
0,0,0,0,0,0 8/1/2018 16:41:57
0,0,0,0,0,0 8/1/2018 16:41:57
0,0,0,0,0,0 8/1/2018 16:41:57
0,0,0,0,0,0 8/1/2018 16:41:57
0,0,0,0,0,0 8/1/2018 16:41:57
0,0,0,0,0,0 8/1/2018 16:41:57
0,0,0,0,0,0 8/1/2018 16:41:57
0,0,0,0,0,0 8/1/2018 16:41:57
0,0,0,0,0,0 8/1/2018 16:41:57
0,0,0,0,0,0 8/1/2018 16:41:57
0,0,0,2,0,0 8/1/2018 16:41:57
0,0,0,23,0,0 8/1/2018 16:41:57
0,0,0,0,0,0 8/1/2018 16:41:57
0,0,0,0,0,0 8/1/2018 16:41:58
0,0,0,0,0,0 8/1/2018 16:41:58
0,0,0,0,0,0 8/1/2018 16:41:58
0,0,0,0,0,0 8/1/2018 16:41:58
0,0,0,0,0,0 8/1/2018 16:41:58
0,0,0,0,0,0 8/1/2018 16:41:58
0,0,0,0,0,0 8/1/2018 16:41:58
0,0,0,0,0,0 8/1/2018 16:41:58
0,0,0,0,0,0 8/1/2018 16:41:58
0,0,0,0,0,0 8/1/2018 16:41:58
0,0,0,0,0,0 8/1/2018 16:41:58
0,0,0,0,0,0 8/1/2018 16:41:58
0,0,1,0,0,0 8/1/2018 16:41:58
0,0,0,0,0,0 8/1/2018 16:41:58
0,0,0,0,0,0 8/1/2018 16:41:58
