0,0,13,0,0,0 8/1/2018 16:42:46
0,0,2,0,0,0 8/1/2018 16:42:46
0,0,0,6,0,0 8/1/2018 16:42:46
0,0,0,31,0,0 8/1/2018 16:42:46
0,0,0,60,0,0 8/1/2018 16:42:46
0,0,0,55,0,0 8/1/2018 16:42:46
0,0,0,70,0,0 8/1/2018 16:42:47
0,0,0,114,0,0 8/1/2018 16:42:47
0,0,0,127,0,0 8/1/2018 16:42:47
0,0,0,142,0,0 8/1/2018 16:42:47
0,0,0,173,0,0 8/1/2018 16:42:47
0,0,0,184,0,0 8/1/2018 16:42:47
0,0,0,182,0,0 8/1/2018 16:42:47
0,0,0,172,0,0 8/1/2018 16:42:47
0,0,0,170,0,0 8/1/2018 16:42:47
0,0,0,161,0,0 8/1/2018 16:42:47
0,0,0,148,0,0 8/1/2018 16:42:47
0,0,21,131,0,0 8/1/2018 16:42:47
0,0,16,51,0,0 8/1/2018 16:42:47
0,0,87,0,0,0 8/1/2018 16:42:47
0,0,168,4,0,0 8/1/2018 16:42:47
0,0,277,40,0,0 8/1/2018 16:42:47
0,0,317,49,0,0 8/1/2018 16:42:47
0,0,326,49,0,0 8/1/2018 16:42:47
0,0,342,48,0,0 8/1/2018 16:42:47
0,0,419,0,0,0 8/1/2018 16:42:47
0,0,418,0,0,0 8/1/2018 16:42:47
0,0,467,0,0,0 8/1/2018 16:42:47
0,0,483,24,0,0 8/1/2018 16:42:47
0,0,509,170,0,0 8/1/2018 16:42:48
0,0,483,165,0,0 8/1/2018 16:42:48
0,0,441,256,0,0 8/1/2018 16:42:48
0,0,319,167,0,0 8/1/2018 16:42:48
0,0,138,52,0,0 8/1/2018 16:42:48
0,0,192,0,0,0 8/1/2018 16:42:48
0,0,88,0,0,0 8/1/2018 16:42:48
0,0,69,0,0,0 8/1/2018 16:42:48
0,0,53,0,0,0 8/1/2018 16:42:48
0,0,44,0,0,0 8/1/2018 16:42:48
0,0,36,0,0,0 8/1/2018 16:42:48
0,0,32,0,0,0 8/1/2018 16:42:48
0,0,1,0,0,0 8/1/2018 16:42:48
0,0,3,0,0,0 8/1/2018 16:42:48
0,0,1,0,0,0 8/1/2018 16:42:48
0,0,0,0,0,0 8/1/2018 16:42:48
0,0,0,0,0,0 8/1/2018 16:42:48
0,0,0,0,0,0 8/1/2018 16:42:48
0,0,0,0,0,0 8/1/2018 16:42:48
0,0,0,0,0,0 8/1/2018 16:42:48
0,0,0,0,0,0 8/1/2018 16:42:48
0,0,0,0,0,0 8/1/2018 16:42:48
0,0,0,0,0,0 8/1/2018 16:42:48
0,0,0,0,0,0 8/1/2018 16:42:49
0,0,0,0,0,0 8/1/2018 16:42:49
0,0,0,0,0,0 8/1/2018 16:42:49
0,0,0,0,0,0 8/1/2018 16:42:49
0,0,0,0,0,0 8/1/2018 16:42:49
0,0,0,0,0,0 8/1/2018 16:42:49
0,0,0,0,0,0 8/1/2018 16:42:49
0,0,0,0,0,0 8/1/2018 16:42:49
0,0,0,0,0,0 8/1/2018 16:42:49
0,0,0,0,0,0 8/1/2018 16:42:49
0,0,0,0,0,0 8/1/2018 16:42:49
0,0,0,0,0,0 8/1/2018 16:42:49
0,0,0,0,0,0 8/1/2018 16:42:49
0,0,0,0,0,0 8/1/2018 16:42:49
0,0,0,0,0,0 8/1/2018 16:42:49
0,0,0,0,0,0 8/1/2018 16:42:49
0,0,0,0,0,0 8/1/2018 16:42:49
0,0,0,82,0,0 8/1/2018 16:42:49
0,0,0,126,0,0 8/1/2018 16:42:49
0,0,0,206,0,0 8/1/2018 16:42:49
0,0,0,250,0,0 8/1/2018 16:42:49
0,0,0,273,0,0 8/1/2018 16:42:49
0,0,1,217,0,0 8/1/2018 16:42:49
0,0,0,133,0,0 8/1/2018 16:42:50
0,0,12,15,0,0 8/1/2018 16:42:50
0,0,24,0,0,0 8/1/2018 16:42:50
0,0,57,0,0,0 8/1/2018 16:42:50
0,0,59,0,0,0 8/1/2018 16:42:50
0,0,84,0,0,0 8/1/2018 16:42:50
0,0,122,0,0,0 8/1/2018 16:42:50
0,0,137,0,0,0 8/1/2018 16:42:50
0,0,151,0,0,0 8/1/2018 16:42:50
0,0,145,0,0,0 8/1/2018 16:42:50
0,0,140,0,0,0 8/1/2018 16:42:50
0,0,157,0,0,0 8/1/2018 16:42:50
0,0,170,0,0,0 8/1/2018 16:42:50
0,0,181,0,0,0 8/1/2018 16:42:50
0,0,173,0,0,0 8/1/2018 16:42:50
0,0,185,0,0,0 8/1/2018 16:42:50
0,0,147,0,0,0 8/1/2018 16:42:50
0,0,92,0,0,0 8/1/2018 16:42:50
0,0,35,0,0,0 8/1/2018 16:42:50
0,0,29,0,0,0 8/1/2018 16:42:50
0,0,2,0,0,0 8/1/2018 16:42:50
0,0,0,0,0,0 8/1/2018 16:42:50
0,0,0,0,0,0 8/1/2018 16:42:51
0,0,0,0,0,0 8/1/2018 16:42:51
0,0,0,0,0,0 8/1/2018 16:42:51
0,0,0,0,0,0 8/1/2018 16:42:51
0,0,1,0,0,0 8/1/2018 16:42:51
0,0,1,0,0,0 8/1/2018 16:42:51
0,0,3,0,0,0 8/1/2018 16:42:51
0,0,3,0,0,0 8/1/2018 16:42:51
0,0,2,0,0,0 8/1/2018 16:42:51
0,0,0,0,0,0 8/1/2018 16:42:51
0,0,0,0,0,0 8/1/2018 16:42:51
0,0,0,0,0,0 8/1/2018 16:42:51
0,0,3,0,0,0 8/1/2018 16:42:51
0,0,15,0,0,0 8/1/2018 16:42:51
0,0,13,0,0,0 8/1/2018 16:42:51
0,0,12,0,0,0 8/1/2018 16:42:51
0,0,9,0,0,0 8/1/2018 16:42:51
0,0,17,0,0,0 8/1/2018 16:42:51
0,0,0,0,0,0 8/1/2018 16:42:51
0,0,0,0,0,0 8/1/2018 16:42:51
0,0,0,0,0,0 8/1/2018 16:42:51
0,0,0,0,0,0 8/1/2018 16:42:51
0,0,0,0,0,0 8/1/2018 16:42:51
0,0,0,0,0,0 8/1/2018 16:42:52
0,0,30,0,0,0 8/1/2018 16:42:52
0,0,43,0,0,0 8/1/2018 16:42:52
0,0,18,0,0,0 8/1/2018 16:42:52
0,0,8,0,0,0 8/1/2018 16:42:52
0,0,52,0,0,0 8/1/2018 16:42:52
0,0,59,3,0,0 8/1/2018 16:42:52
0,0,99,0,0,0 8/1/2018 16:42:52
0,0,124,0,0,0 8/1/2018 16:42:52
0,0,163,0,0,0 8/1/2018 16:42:52
0,0,192,0,0,0 8/1/2018 16:42:52
0,0,229,0,0,0 8/1/2018 16:42:52
0,0,244,0,0,0 8/1/2018 16:42:52
0,0,244,0,0,0 8/1/2018 16:42:52
0,0,249,0,0,0 8/1/2018 16:42:52
0,0,251,0,0,0 8/1/2018 16:42:52
0,0,208,0,0,0 8/1/2018 16:42:52
0,0,146,0,0,0 8/1/2018 16:42:52
0,0,103,0,0,0 8/1/2018 16:42:52
0,0,62,0,0,0 8/1/2018 16:42:52
0,0,4,0,0,0 8/1/2018 16:42:52
0,0,27,0,0,0 8/1/2018 16:42:52
0,0,0,0,0,0 8/1/2018 16:42:52
0,0,0,0,0,0 8/1/2018 16:42:53
0,0,0,0,0,0 8/1/2018 16:42:53
0,0,0,0,0,0 8/1/2018 16:42:53
0,0,0,0,0,0 8/1/2018 16:42:53
0,0,0,0,0,0 8/1/2018 16:42:53
0,0,0,53,0,0 8/1/2018 16:42:53
0,0,0,126,0,0 8/1/2018 16:42:53
0,0,0,161,0,0 8/1/2018 16:42:53
0,0,0,199,0,0 8/1/2018 16:42:53
0,0,0,234,0,0 8/1/2018 16:42:53
0,0,0,270,0,0 8/1/2018 16:42:53
0,0,0,335,0,0 8/1/2018 16:42:53
0,0,10,364,0,0 8/1/2018 16:42:53
0,0,15,361,0,0 8/1/2018 16:42:53
0,0,14,361,0,0 8/1/2018 16:42:53
0,0,0,225,0,0 8/1/2018 16:42:53
0,0,0,0,0,0 8/1/2018 16:42:53
0,0,0,0,0,0 8/1/2018 16:42:53
0,0,0,0,0,0 8/1/2018 16:42:53
0,0,0,0,0,0 8/1/2018 16:42:53
0,0,0,0,0,0 8/1/2018 16:42:53
0,0,0,0,0,0 8/1/2018 16:42:53
0,0,0,0,0,0 8/1/2018 16:42:53
0,0,0,0,0,0 8/1/2018 16:42:54
0,0,0,0,0,0 8/1/2018 16:42:54
0,0,0,0,0,0 8/1/2018 16:42:54
0,0,0,0,0,0 8/1/2018 16:42:54
0,0,0,0,0,0 8/1/2018 16:42:54
0,0,0,0,0,0 8/1/2018 16:42:54
0,0,0,0,0,0 8/1/2018 16:42:54
0,0,10,0,0,0 8/1/2018 16:42:54
0,0,26,0,0,0 8/1/2018 16:42:54
0,0,66,0,0,0 8/1/2018 16:42:54
0,0,63,0,0,0 8/1/2018 16:42:54
0,0,60,0,0,0 8/1/2018 16:42:54
0,0,59,0,0,0 8/1/2018 16:42:54
0,0,0,0,0,0 8/1/2018 16:42:54
0,0,0,0,0,0 8/1/2018 16:42:54
0,0,4,0,0,0 8/1/2018 16:42:54
0,0,7,0,0,0 8/1/2018 16:42:54
0,0,0,0,0,0 8/1/2018 16:42:54
0,0,0,0,0,0 8/1/2018 16:42:54
0,0,0,0,0,0 8/1/2018 16:42:54
0,0,0,0,0,0 8/1/2018 16:42:54
0,0,0,0,0,0 8/1/2018 16:42:54
0,0,0,0,0,0 8/1/2018 16:42:55
0,0,0,0,0,0 8/1/2018 16:42:55
0,0,0,0,0,0 8/1/2018 16:42:55
0,0,0,0,0,0 8/1/2018 16:42:55
0,0,0,0,0,0 8/1/2018 16:42:55
0,0,0,0,0,0 8/1/2018 16:42:55
0,0,2,0,0,0 8/1/2018 16:42:55
0,0,15,0,0,0 8/1/2018 16:42:55
0,0,86,0,0,0 8/1/2018 16:42:55
0,0,154,0,0,0 8/1/2018 16:42:55
0,0,180,0,0,0 8/1/2018 16:42:55
0,0,199,0,0,0 8/1/2018 16:42:55
0,0,223,0,0,0 8/1/2018 16:42:55
0,0,281,0,0,0 8/1/2018 16:42:55
0,0,324,0,0,0 8/1/2018 16:42:55
0,0,342,0,0,0 8/1/2018 16:42:55
0,0,209,0,0,0 8/1/2018 16:42:55
0,0,179,0,0,0 8/1/2018 16:42:55
0,0,173,0,0,0 8/1/2018 16:42:55
0,0,174,0,0,0 8/1/2018 16:42:55
0,0,186,0,0,0 8/1/2018 16:42:55
0,0,215,0,0,0 8/1/2018 16:42:55
0,0,226,0,0,0 8/1/2018 16:42:55
0,0,235,0,0,0 8/1/2018 16:42:56
0,0,201,0,0,0 8/1/2018 16:42:56
0,0,181,0,0,0 8/1/2018 16:42:56
0,0,126,0,0,0 8/1/2018 16:42:56
0,0,56,0,0,0 8/1/2018 16:42:56
0,0,1,0,0,0 8/1/2018 16:42:56
0,0,6,0,0,0 8/1/2018 16:42:56
0,0,13,0,0,0 8/1/2018 16:42:56
0,0,17,0,0,0 8/1/2018 16:42:56
0,0,19,0,0,0 8/1/2018 16:42:56
0,0,0,0,0,0 8/1/2018 16:42:56
0,0,0,0,0,0 8/1/2018 16:42:56
0,0,3,0,0,0 8/1/2018 16:42:56
0,0,0,0,0,0 8/1/2018 16:42:56
0,0,0,0,0,0 8/1/2018 16:42:56
0,0,0,0,0,0 8/1/2018 16:42:56
0,0,0,0,0,0 8/1/2018 16:42:56
0,0,0,0,0,0 8/1/2018 16:42:56
0,0,0,0,0,0 8/1/2018 16:42:56
0,0,0,0,0,0 8/1/2018 16:42:56
0,0,0,0,0,0 8/1/2018 16:42:56
0,0,0,0,0,0 8/1/2018 16:42:56
0,0,0,0,0,0 8/1/2018 16:42:56
0,0,0,0,0,0 8/1/2018 16:42:57
0,0,0,0,0,0 8/1/2018 16:42:57
0,0,0,0,0,0 8/1/2018 16:42:57
0,0,0,0,0,0 8/1/2018 16:42:57
0,0,0,0,0,0 8/1/2018 16:42:57
0,0,0,0,0,0 8/1/2018 16:42:57
0,0,0,22,0,0 8/1/2018 16:42:57
0,0,0,80,0,0 8/1/2018 16:42:57
