0,0,0,0,0,0 8/1/2018 16:43:47
0,0,0,0,0,0 8/1/2018 16:43:47
0,0,0,0,0,0 8/1/2018 16:43:47
0,0,0,0,0,0 8/1/2018 16:43:47
0,0,0,0,0,0 8/1/2018 16:43:47
0,0,0,0,0,0 8/1/2018 16:43:47
0,0,0,0,0,0 8/1/2018 16:43:47
0,0,0,0,0,0 8/1/2018 16:43:47
0,0,0,0,0,0 8/1/2018 16:43:47
0,0,0,0,0,0 8/1/2018 16:43:47
0,0,0,0,0,0 8/1/2018 16:43:47
0,0,0,0,0,0 8/1/2018 16:43:47
0,0,0,0,0,0 8/1/2018 16:43:47
0,0,0,0,0,0 8/1/2018 16:43:47
0,0,0,0,0,0 8/1/2018 16:43:47
0,0,0,0,0,0 8/1/2018 16:43:47
0,0,0,0,0,0 8/1/2018 16:43:47
0,0,3,0,0,0 8/1/2018 16:43:47
0,0,5,0,0,0 8/1/2018 16:43:47
0,0,18,0,0,0 8/1/2018 16:43:48
0,0,39,0,0,0 8/1/2018 16:43:48
0,0,33,0,0,0 8/1/2018 16:43:48
0,0,35,0,0,0 8/1/2018 16:43:48
0,0,37,0,0,0 8/1/2018 16:43:48
0,0,24,0,0,0 8/1/2018 16:43:48
0,0,0,0,0,0 8/1/2018 16:43:48
0,0,0,0,0,0 8/1/2018 16:43:48
0,0,0,0,0,0 8/1/2018 16:43:48
0,0,17,0,0,0 8/1/2018 16:43:48
0,0,32,0,0,0 8/1/2018 16:43:48
0,0,44,0,0,0 8/1/2018 16:43:48
0,0,47,41,0,0 8/1/2018 16:43:48
0,0,52,132,0,0 8/1/2018 16:43:48
0,0,57,199,0,0 8/1/2018 16:43:48
0,0,58,212,0,0 8/1/2018 16:43:48
0,0,57,202,0,0 8/1/2018 16:43:48
0,0,56,151,0,0 8/1/2018 16:43:48
0,0,57,53,0,0 8/1/2018 16:43:48
0,1,4,0,0,0 8/1/2018 16:43:48
0,0,0,0,0,0 8/1/2018 16:43:48
0,0,0,0,0,0 8/1/2018 16:43:48
0,0,0,0,0,0 8/1/2018 16:43:49
0,0,0,0,0,0 8/1/2018 16:43:49
0,0,0,0,0,0 8/1/2018 16:43:49
0,0,0,0,0,0 8/1/2018 16:43:49
0,0,0,0,0,0 8/1/2018 16:43:49
0,0,0,0,0,0 8/1/2018 16:43:49
0,0,0,0,0,0 8/1/2018 16:43:49
0,0,7,0,0,0 8/1/2018 16:43:49
0,0,12,0,0,0 8/1/2018 16:43:49
0,0,0,0,0,0 8/1/2018 16:43:49
0,0,0,0,0,0 8/1/2018 16:43:49
0,0,0,0,0,0 8/1/2018 16:43:49
0,0,0,0,0,0 8/1/2018 16:43:49
0,0,0,0,0,0 8/1/2018 16:43:49
0,0,0,0,0,0 8/1/2018 16:43:49
0,0,0,0,0,0 8/1/2018 16:43:49
0,0,0,0,0,0 8/1/2018 16:43:49
0,0,0,0,0,0 8/1/2018 16:43:49
0,0,0,0,0,0 8/1/2018 16:43:49
0,0,0,0,0,0 8/1/2018 16:43:49
0,0,0,0,0,0 8/1/2018 16:43:49
0,0,0,0,0,0 8/1/2018 16:43:49
0,0,0,0,0,0 8/1/2018 16:43:49
0,0,0,0,0,0 8/1/2018 16:43:50
0,0,0,0,0,0 8/1/2018 16:43:50
0,0,0,0,0,0 8/1/2018 16:43:50
0,0,0,0,0,0 8/1/2018 16:43:50
0,0,0,0,0,0 8/1/2018 16:43:50
0,0,0,0,0,0 8/1/2018 16:43:50
0,0,0,0,0,0 8/1/2018 16:43:50
0,0,0,0,0,0 8/1/2018 16:43:50
0,0,0,0,0,0 8/1/2018 16:43:50
0,0,0,0,0,0 8/1/2018 16:43:50
0,0,0,0,0,0 8/1/2018 16:43:50
0,0,0,0,0,0 8/1/2018 16:43:50
0,0,0,0,0,0 8/1/2018 16:43:50
0,0,0,0,0,0 8/1/2018 16:43:50
0,0,0,0,0,0 8/1/2018 16:43:50
0,0,0,0,0,0 8/1/2018 16:43:50
0,0,0,0,0,0 8/1/2018 16:43:50
0,0,0,0,0,0 8/1/2018 16:43:50
0,0,0,0,0,0 8/1/2018 16:43:50
0,0,0,0,0,0 8/1/2018 16:43:50
0,0,0,0,0,0 8/1/2018 16:43:50
0,0,0,0,0,0 8/1/2018 16:43:50
0,0,0,0,0,0 8/1/2018 16:43:50
0,0,0,0,0,0 8/1/2018 16:43:51
0,0,0,0,0,0 8/1/2018 16:43:51
0,0,0,0,0,0 8/1/2018 16:43:51
0,0,0,0,0,0 8/1/2018 16:43:51
0,0,0,0,0,0 8/1/2018 16:43:51
0,0,0,0,0,0 8/1/2018 16:43:51
0,0,0,0,0,0 8/1/2018 16:43:51
0,0,0,0,0,0 8/1/2018 16:43:51
0,0,0,0,0,0 8/1/2018 16:43:51
0,0,0,0,0,0 8/1/2018 16:43:51
0,0,0,0,0,0 8/1/2018 16:43:51
0,0,47,0,0,0 8/1/2018 16:43:51
0,0,123,0,0,0 8/1/2018 16:43:51
0,0,206,0,0,0 8/1/2018 16:43:51
0,0,309,0,0,0 8/1/2018 16:43:51
0,0,390,0,0,0 8/1/2018 16:43:51
0,0,412,0,0,0 8/1/2018 16:43:51
0,0,422,0,0,0 8/1/2018 16:43:51
0,0,425,0,0,0 8/1/2018 16:43:51
0,0,429,0,0,0 8/1/2018 16:43:51
0,0,451,0,0,0 8/1/2018 16:43:51
0,0,468,0,0,0 8/1/2018 16:43:51
0,0,493,0,0,0 8/1/2018 16:43:51
0,0,535,0,0,0 8/1/2018 16:43:52
0,0,574,0,0,0 8/1/2018 16:43:52
0,0,604,0,0,0 8/1/2018 16:43:52
0,0,593,0,0,0 8/1/2018 16:43:52
0,0,601,0,0,0 8/1/2018 16:43:52
0,0,600,0,0,0 8/1/2018 16:43:52
0,0,577,0,0,0 8/1/2018 16:43:52
0,0,572,0,0,0 8/1/2018 16:43:52
0,0,583,0,0,0 8/1/2018 16:43:52
0,0,588,0,0,0 8/1/2018 16:43:52
0,0,597,0,0,0 8/1/2018 16:43:52
0,0,596,0,0,0 8/1/2018 16:43:52
0,0,588,0,0,0 8/1/2018 16:43:52
0,0,596,0,0,0 8/1/2018 16:43:52
0,0,604,0,0,0 8/1/2018 16:43:52
0,0,601,0,0,0 8/1/2018 16:43:52
0,0,593,0,0,0 8/1/2018 16:43:52
0,0,589,0,0,0 8/1/2018 16:43:52
0,0,572,0,0,0 8/1/2018 16:43:52
0,0,530,0,0,0 8/1/2018 16:43:52
0,0,514,0,0,0 8/1/2018 16:43:52
0,0,469,0,0,0 8/1/2018 16:43:52
0,0,429,0,0,0 8/1/2018 16:43:53
0,0,423,0,0,0 8/1/2018 16:43:53
0,0,413,0,0,0 8/1/2018 16:43:53
0,0,405,0,0,0 8/1/2018 16:43:53
0,0,411,0,0,0 8/1/2018 16:43:53
0,0,412,0,0,0 8/1/2018 16:43:53
0,0,416,0,0,0 8/1/2018 16:43:53
0,0,424,0,0,0 8/1/2018 16:43:53
0,0,443,0,0,0 8/1/2018 16:43:53
0,0,494,0,0,0 8/1/2018 16:43:53
0,0,524,0,0,0 8/1/2018 16:43:53
0,0,559,0,0,0 8/1/2018 16:43:53
0,0,609,0,0,0 8/1/2018 16:43:53
0,0,619,0,0,0 8/1/2018 16:43:53
0,0,615,0,0,0 8/1/2018 16:43:53
0,0,597,0,0,0 8/1/2018 16:43:53
0,0,504,0,0,0 8/1/2018 16:43:53
0,0,379,0,0,0 8/1/2018 16:43:53
0,0,165,0,0,0 8/1/2018 16:43:53
0,0,81,0,0,0 8/1/2018 16:43:53
0,0,20,0,0,0 8/1/2018 16:43:53
0,0,0,0,0,0 8/1/2018 16:43:53
0,0,0,0,0,0 8/1/2018 16:43:53
0,0,0,0,0,0 8/1/2018 16:43:54
0,0,0,0,0,0 8/1/2018 16:43:54
0,0,0,0,0,0 8/1/2018 16:43:54
0,0,0,0,0,0 8/1/2018 16:43:54
0,0,0,0,0,0 8/1/2018 16:43:54
0,0,0,0,0,0 8/1/2018 16:43:54
0,0,0,0,0,0 8/1/2018 16:43:54
0,0,0,0,0,0 8/1/2018 16:43:54
0,0,0,0,0,0 8/1/2018 16:43:54
0,0,0,0,0,0 8/1/2018 16:43:54
0,0,0,0,0,0 8/1/2018 16:43:54
0,0,0,0,0,0 8/1/2018 16:43:54
0,0,0,0,0,0 8/1/2018 16:43:54
0,0,0,0,0,0 8/1/2018 16:43:54
0,0,0,0,0,0 8/1/2018 16:43:54
0,0,0,0,0,0 8/1/2018 16:43:54
0,0,0,0,0,0 8/1/2018 16:43:54
0,0,0,0,0,0 8/1/2018 16:43:54
0,0,0,0,0,0 8/1/2018 16:43:54
0,0,0,0,0,0 8/1/2018 16:43:54
0,0,0,0,0,0 8/1/2018 16:43:54
0,0,0,0,0,0 8/1/2018 16:43:54
0,0,0,0,0,0 8/1/2018 16:43:54
0,0,0,0,0,0 8/1/2018 16:43:55
0,0,0,0,0,0 8/1/2018 16:43:55
0,0,0,0,0,0 8/1/2018 16:43:55
0,0,0,0,0,0 8/1/2018 16:43:55
0,0,0,0,0,0 8/1/2018 16:43:55
0,0,0,0,0,0 8/1/2018 16:43:55
0,0,0,0,0,0 8/1/2018 16:43:55
0,0,0,0,0,0 8/1/2018 16:43:55
0,0,0,0,0,0 8/1/2018 16:43:55
0,0,0,0,0,0 8/1/2018 16:43:55
0,0,0,0,0,0 8/1/2018 16:43:55
0,0,0,0,0,0 8/1/2018 16:43:55
0,0,0,0,0,0 8/1/2018 16:43:55
0,0,0,0,0,0 8/1/2018 16:43:55
0,0,0,0,0,0 8/1/2018 16:43:55
0,0,0,0,0,0 8/1/2018 16:43:55
0,0,0,0,0,0 8/1/2018 16:43:55
0,0,0,0,0,0 8/1/2018 16:43:55
0,0,0,0,0,0 8/1/2018 16:43:55
0,0,0,0,0,0 8/1/2018 16:43:55
0,0,0,0,0,0 8/1/2018 16:43:55
0,0,0,0,0,0 8/1/2018 16:43:55
0,0,0,0,0,0 8/1/2018 16:43:55
0,0,0,0,0,0 8/1/2018 16:43:56
0,0,0,0,0,0 8/1/2018 16:43:56
0,0,16,0,0,0 8/1/2018 16:43:56
0,0,17,0,0,0 8/1/2018 16:43:56
0,0,21,13,2,0 8/1/2018 16:43:56
0,0,22,127,0,0 8/1/2018 16:43:56
0,0,35,201,0,0 8/1/2018 16:43:56
0,0,48,287,0,0 8/1/2018 16:43:56
0,0,52,337,0,0 8/1/2018 16:43:56
0,0,60,331,0,0 8/1/2018 16:43:56
0,0,60,313,0,0 8/1/2018 16:43:56
0,0,56,308,0,0 8/1/2018 16:43:56
0,0,51,322,0,0 8/1/2018 16:43:56
0,0,47,302,0,0 8/1/2018 16:43:56
0,0,29,323,0,0 8/1/2018 16:43:56
0,0,7,369,0,0 8/1/2018 16:43:56
0,0,58,437,0,0 8/1/2018 16:43:56
0,0,49,425,0,0 8/1/2018 16:43:56
0,0,49,405,0,0 8/1/2018 16:43:56
0,0,50,386,0,0 8/1/2018 16:43:56
0,0,60,380,0,0 8/1/2018 16:43:56
0,0,54,339,0,0 8/1/2018 16:43:56
0,0,13,162,0,0 8/1/2018 16:43:57
0,0,0,0,0,0 8/1/2018 16:43:57
0,0,0,0,0,0 8/1/2018 16:43:57
0,0,0,0,0,0 8/1/2018 16:43:57
0,0,0,0,0,0 8/1/2018 16:43:57
0,0,0,0,0,0 8/1/2018 16:43:57
0,0,0,0,0,0 8/1/2018 16:43:57
0,0,71,0,0,0 8/1/2018 16:43:57
0,0,139,0,0,0 8/1/2018 16:43:57
0,0,205,0,0,0 8/1/2018 16:43:57
0,0,256,0,0,0 8/1/2018 16:43:57
0,0,296,0,0,0 8/1/2018 16:43:57
0,0,315,0,0,0 8/1/2018 16:43:57
0,0,296,0,0,0 8/1/2018 16:43:57
0,0,326,0,0,0 8/1/2018 16:43:57
0,0,324,0,0,0 8/1/2018 16:43:57
0,0,343,0,0,0 8/1/2018 16:43:57
0,0,313,0,0,0 8/1/2018 16:43:57
0,0,285,0,0,0 8/1/2018 16:43:57
0,0,229,0,0,0 8/1/2018 16:43:57
0,0,158,0,0,0 8/1/2018 16:43:57
0,0,93,0,0,0 8/1/2018 16:43:57
0,0,101,0,0,0 8/1/2018 16:43:57
0,0,104,0,0,0 8/1/2018 16:43:58
0,0,116,0,0,0 8/1/2018 16:43:58
0,0,93,53,0,0 8/1/2018 16:43:58
0,0,63,126,0,0 8/1/2018 16:43:58
0,0,97,189,0,0 8/1/2018 16:43:58
0,0,81,259,0,0 8/1/2018 16:43:58
0,0,49,281,0,0 8/1/2018 16:43:58
0,0,61,297,0,0 8/1/2018 16:43:58
0,0,68,297,0,0 8/1/2018 16:43:58
0,0,83,309,0,0 8/1/2018 16:43:58
0,0,83,321,0,0 8/1/2018 16:43:58
0,0,75,333,0,0 8/1/2018 16:43:58
0,0,79,349,0,0 8/1/2018 16:43:58
0,0,77,376,0,0 8/1/2018 16:43:58
0,0,79,374,0,0 8/1/2018 16:43:58
0,0,92,357,0,0 8/1/2018 16:43:58
0,0,92,342,0,0 8/1/2018 16:43:58
0,0,94,340,0,0 8/1/2018 16:43:58
0,0,95,331,0,0 8/1/2018 16:43:58
0,0,84,309,3,0 8/1/2018 16:43:58
0,0,76,277,0,0 8/1/2018 16:43:58
0,0,67,274,0,0 8/1/2018 16:43:58
0,0,57,243,0,0 8/1/2018 16:43:58
0,0,39,157,0,0 8/1/2018 16:43:59
0,0,11,36,0,0 8/1/2018 16:43:59
0,0,0,0,0,0 8/1/2018 16:43:59
0,0,0,0,0,0 8/1/2018 16:43:59
0,0,0,0,0,0 8/1/2018 16:43:59
0,0,0,0,0,0 8/1/2018 16:43:59
0,0,0,0,0,0 8/1/2018 16:43:59
0,0,0,0,0,0 8/1/2018 16:43:59
0,0,0,0,0,0 8/1/2018 16:43:59
0,0,0,0,0,0 8/1/2018 16:43:59
0,0,0,0,0,0 8/1/2018 16:43:59
0,0,0,0,0,0 8/1/2018 16:43:59
0,0,0,0,0,0 8/1/2018 16:43:59
0,0,11,0,0,0 8/1/2018 16:43:59
0,0,33,0,0,0 8/1/2018 16:43:59
0,0,23,0,0,0 8/1/2018 16:43:59
0,0,102,0,0,0 8/1/2018 16:43:59
0,0,154,0,0,0 8/1/2018 16:43:59
0,0,209,0,0,0 8/1/2018 16:43:59
0,0,192,0,0,0 8/1/2018 16:43:59
0,0,183,0,0,0 8/1/2018 16:43:59
0,0,176,0,0,0 8/1/2018 16:43:59
0,0,158,0,0,0 8/1/2018 16:44:0
0,0,148,0,0,0 8/1/2018 16:44:0
0,0,156,0,0,0 8/1/2018 16:44:0
0,0,168,0,0,0 8/1/2018 16:44:0
0,0,169,0,0,0 8/1/2018 16:44:0
0,0,167,0,0,0 8/1/2018 16:44:0
0,0,149,0,0,0 8/1/2018 16:44:0
0,0,130,0,0,0 8/1/2018 16:44:0
0,0,129,0,0,0 8/1/2018 16:44:0
0,0,127,0,0,0 8/1/2018 16:44:0
0,0,95,0,0,0 8/1/2018 16:44:0
0,0,93,0,0,0 8/1/2018 16:44:0
0,0,80,0,0,0 8/1/2018 16:44:0
0,0,73,0,0,0 8/1/2018 16:44:0
0,0,71,0,0,0 8/1/2018 16:44:0
0,0,78,0,0,0 8/1/2018 16:44:0
0,0,62,0,0,0 8/1/2018 16:44:0
0,0,2,0,0,0 8/1/2018 16:44:0
0,0,0,0,0,0 8/1/2018 16:44:0
0,0,2,0,0,0 8/1/2018 16:44:0
0,0,26,0,0,0 8/1/2018 16:44:0
0,0,18,0,0,0 8/1/2018 16:44:0
0,0,0,0,0,0 8/1/2018 16:44:0
0,0,0,0,0,0 8/1/2018 16:44:1
0,0,0,0,0,0 8/1/2018 16:44:1
0,0,0,0,0,0 8/1/2018 16:44:1
0,0,0,0,0,0 8/1/2018 16:44:1
0,0,0,0,0,0 8/1/2018 16:44:1
0,0,0,0,0,0 8/1/2018 16:44:1
0,0,0,0,0,0 8/1/2018 16:44:1
0,0,0,0,0,0 8/1/2018 16:44:1
0,0,0,0,0,0 8/1/2018 16:44:1
0,0,0,0,0,0 8/1/2018 16:44:1
0,0,0,0,0,0 8/1/2018 16:44:1
0,0,0,0,0,0 8/1/2018 16:44:1
0,0,0,0,0,0 8/1/2018 16:44:1
0,0,0,0,0,0 8/1/2018 16:44:1
0,0,0,0,0,0 8/1/2018 16:44:1
0,0,0,0,0,0 8/1/2018 16:44:1
0,0,0,0,0,0 8/1/2018 16:44:1
0,0,0,0,0,0 8/1/2018 16:44:1
0,0,0,0,0,0 8/1/2018 16:44:1
0,0,0,0,0,0 8/1/2018 16:44:1
0,0,0,0,0,0 8/1/2018 16:44:1
0,0,0,0,0,0 8/1/2018 16:44:1
0,0,0,0,0,0 8/1/2018 16:44:1
0,0,0,0,0,0 8/1/2018 16:44:2
0,0,0,0,0,0 8/1/2018 16:44:2
0,0,0,0,0,0 8/1/2018 16:44:2
0,0,0,0,0,0 8/1/2018 16:44:2
0,0,0,0,0,0 8/1/2018 16:44:2
0,0,0,0,0,0 8/1/2018 16:44:2
0,0,0,0,0,0 8/1/2018 16:44:2
0,0,0,0,0,0 8/1/2018 16:44:2
0,0,0,0,0,0 8/1/2018 16:44:2
0,0,0,0,0,0 8/1/2018 16:44:2
0,0,0,0,0,0 8/1/2018 16:44:2
0,0,0,0,0,0 8/1/2018 16:44:2
0,0,0,0,0,0 8/1/2018 16:44:2
0,0,0,0,0,0 8/1/2018 16:44:2
0,0,0,0,0,0 8/1/2018 16:44:2
