0,0,0,0,0,0 8/1/2018 16:44:51
0,0,0,0,0,0 8/1/2018 16:44:51
0,0,0,0,0,0 8/1/2018 16:44:51
0,0,0,0,0,0 8/1/2018 16:44:51
0,0,0,0,0,0 8/1/2018 16:44:51
0,0,0,0,0,0 8/1/2018 16:44:51
0,0,0,0,0,0 8/1/2018 16:44:51
0,0,0,0,0,0 8/1/2018 16:44:52
0,0,0,0,0,0 8/1/2018 16:44:52
0,0,0,0,0,0 8/1/2018 16:44:52
0,0,0,0,0,0 8/1/2018 16:44:52
0,0,0,0,0,0 8/1/2018 16:44:52
0,0,92,93,0,0 8/1/2018 16:44:52
0,0,132,135,0,0 8/1/2018 16:44:52
0,0,133,207,0,0 8/1/2018 16:44:52
0,0,168,97,0,0 8/1/2018 16:44:52
0,0,148,26,0,0 8/1/2018 16:44:52
0,0,175,0,0,0 8/1/2018 16:44:52
0,0,182,0,0,0 8/1/2018 16:44:52
0,0,194,0,0,0 8/1/2018 16:44:52
0,0,192,0,0,0 8/1/2018 16:44:52
0,0,236,0,0,0 8/1/2018 16:44:52
0,0,260,0,0,0 8/1/2018 16:44:52
0,0,263,0,0,0 8/1/2018 16:44:52
0,0,318,0,0,0 8/1/2018 16:44:52
0,0,371,0,0,0 8/1/2018 16:44:52
0,0,389,0,0,0 8/1/2018 16:44:52
0,0,414,0,0,0 8/1/2018 16:44:52
0,8,374,0,0,0 8/1/2018 16:44:52
0,8,179,0,0,0 8/1/2018 16:44:53
0,10,10,0,0,0 8/1/2018 16:44:53
0,0,0,0,0,0 8/1/2018 16:44:53
0,0,0,0,0,0 8/1/2018 16:44:53
0,0,0,0,0,0 8/1/2018 16:44:53
0,0,0,0,0,0 8/1/2018 16:44:53
0,0,0,0,0,0 8/1/2018 16:44:53
0,0,0,0,0,0 8/1/2018 16:44:53
0,0,0,0,0,0 8/1/2018 16:44:53
0,0,0,0,0,0 8/1/2018 16:44:53
0,0,11,0,0,0 8/1/2018 16:44:53
0,0,18,0,0,0 8/1/2018 16:44:53
0,0,34,0,0,0 8/1/2018 16:44:53
0,0,36,0,0,0 8/1/2018 16:44:53
0,0,106,14,0,0 8/1/2018 16:44:53
0,0,153,309,0,0 8/1/2018 16:44:53
0,0,176,561,0,0 8/1/2018 16:44:53
0,0,132,610,0,0 8/1/2018 16:44:53
0,0,110,587,0,0 8/1/2018 16:44:53
0,0,98,415,0,0 8/1/2018 16:44:53
0,0,40,130,0,0 8/1/2018 16:44:53
0,0,31,0,0,0 8/1/2018 16:44:53
0,0,19,0,0,0 8/1/2018 16:44:53
0,0,40,0,0,0 8/1/2018 16:44:54
0,0,36,0,0,0 8/1/2018 16:44:54
0,0,65,0,0,0 8/1/2018 16:44:54
0,0,65,0,0,0 8/1/2018 16:44:54
0,0,93,0,0,0 8/1/2018 16:44:54
0,0,141,0,0,0 8/1/2018 16:44:54
0,0,78,0,0,0 8/1/2018 16:44:54
0,0,105,0,0,0 8/1/2018 16:44:54
0,0,118,101,0,0 8/1/2018 16:44:54
0,0,120,263,0,0 8/1/2018 16:44:54
0,0,104,344,0,0 8/1/2018 16:44:54
0,0,90,434,0,0 8/1/2018 16:44:54
0,0,73,495,0,0 8/1/2018 16:44:54
0,0,85,491,0,0 8/1/2018 16:44:54
0,0,80,511,0,0 8/1/2018 16:44:54
0,0,19,471,0,0 8/1/2018 16:44:54
0,0,9,404,0,0 8/1/2018 16:44:54
0,0,8,233,0,0 8/1/2018 16:44:54
0,0,24,33,0,0 8/1/2018 16:44:54
0,0,55,0,0,0 8/1/2018 16:44:54
0,0,69,0,0,0 8/1/2018 16:44:54
0,0,103,0,0,0 8/1/2018 16:44:54
0,0,92,0,0,0 8/1/2018 16:44:54
0,0,46,0,0,0 8/1/2018 16:44:55
0,0,31,0,0,0 8/1/2018 16:44:55
0,0,38,0,0,0 8/1/2018 16:44:55
0,0,49,0,0,0 8/1/2018 16:44:55
0,0,52,0,0,0 8/1/2018 16:44:55
0,0,45,0,0,0 8/1/2018 16:44:55
0,0,36,0,0,0 8/1/2018 16:44:55
0,0,22,0,0,0 8/1/2018 16:44:55
0,0,64,0,0,0 8/1/2018 16:44:55
0,0,76,170,0,0 8/1/2018 16:44:55
0,0,49,430,0,0 8/1/2018 16:44:55
0,0,63,579,0,0 8/1/2018 16:44:55
0,0,75,685,0,0 8/1/2018 16:44:55
0,0,68,730,0,0 8/1/2018 16:44:55
0,0,61,744,0,0 8/1/2018 16:44:55
0,0,63,724,0,0 8/1/2018 16:44:55
0,0,69,703,0,0 8/1/2018 16:44:55
0,0,90,712,0,0 8/1/2018 16:44:55
0,0,100,576,0,0 8/1/2018 16:44:55
0,0,168,184,0,0 8/1/2018 16:44:55
0,0,103,0,0,0 8/1/2018 16:44:55
0,0,59,0,0,0 8/1/2018 16:44:55
0,0,18,0,0,0 8/1/2018 16:44:56
0,0,0,0,0,0 8/1/2018 16:44:56
0,0,28,0,0,0 8/1/2018 16:44:56
0,0,80,0,0,0 8/1/2018 16:44:56
0,0,107,118,0,0 8/1/2018 16:44:56
0,0,65,475,0,0 8/1/2018 16:44:56
0,0,2,644,0,0 8/1/2018 16:44:56
0,0,0,536,0,0 8/1/2018 16:44:56
0,0,0,308,0,0 8/1/2018 16:44:56
0,0,0,193,0,0 8/1/2018 16:44:56
0,0,0,188,0,0 8/1/2018 16:44:56
0,0,0,299,0,0 8/1/2018 16:44:56
0,0,0,529,0,0 8/1/2018 16:44:56
0,0,18,344,0,0 8/1/2018 16:44:56
0,0,19,0,0,0 8/1/2018 16:44:56
0,0,55,0,0,0 8/1/2018 16:44:56
0,0,41,0,0,0 8/1/2018 16:44:56
0,0,19,0,0,0 8/1/2018 16:44:56
0,0,37,0,0,0 8/1/2018 16:44:56
0,0,0,0,0,0 8/1/2018 16:44:56
0,0,0,0,0,0 8/1/2018 16:44:56
0,0,0,0,0,0 8/1/2018 16:44:56
0,0,0,0,0,0 8/1/2018 16:44:56
0,0,0,0,0,0 8/1/2018 16:44:57
0,0,0,0,0,0 8/1/2018 16:44:57
0,0,0,0,0,0 8/1/2018 16:44:57
0,0,0,0,0,0 8/1/2018 16:44:57
0,0,18,0,0,0 8/1/2018 16:44:57
0,0,79,0,0,0 8/1/2018 16:44:57
0,0,84,0,0,0 8/1/2018 16:44:57
0,0,94,0,0,0 8/1/2018 16:44:57
0,0,145,0,0,0 8/1/2018 16:44:57
0,0,144,0,0,0 8/1/2018 16:44:57
0,0,135,0,0,0 8/1/2018 16:44:57
0,0,92,38,0,0 8/1/2018 16:44:57
0,0,81,202,0,0 8/1/2018 16:44:57
0,0,57,424,0,0 8/1/2018 16:44:57
0,0,1,282,0,0 8/1/2018 16:44:57
0,0,0,94,0,0 8/1/2018 16:44:57
0,0,0,0,0,0 8/1/2018 16:44:57
0,0,0,0,0,0 8/1/2018 16:44:57
0,0,0,0,0,0 8/1/2018 16:44:57
0,0,0,0,0,0 8/1/2018 16:44:57
0,0,0,0,0,0 8/1/2018 16:44:57
0,0,0,0,0,0 8/1/2018 16:44:57
0,0,0,0,0,0 8/1/2018 16:44:57
0,0,0,0,0,0 8/1/2018 16:44:58
0,0,0,0,0,0 8/1/2018 16:44:58
0,0,0,0,0,0 8/1/2018 16:44:58
0,0,0,0,0,0 8/1/2018 16:44:58
0,0,2,0,0,0 8/1/2018 16:44:58
0,0,10,0,0,0 8/1/2018 16:44:58
0,0,1,0,0,0 8/1/2018 16:44:58
0,0,0,0,0,0 8/1/2018 16:44:58
0,0,0,0,0,0 8/1/2018 16:44:58
0,0,3,0,0,0 8/1/2018 16:44:58
0,0,45,0,0,0 8/1/2018 16:44:58
0,0,50,0,0,0 8/1/2018 16:44:58
0,0,24,0,0,0 8/1/2018 16:44:58
0,0,0,0,0,0 8/1/2018 16:44:58
0,0,0,0,0,0 8/1/2018 16:44:58
0,0,0,0,0,0 8/1/2018 16:44:58
0,0,0,0,0,0 8/1/2018 16:44:58
0,0,0,0,0,0 8/1/2018 16:44:58
0,0,0,0,0,0 8/1/2018 16:44:58
0,0,0,0,0,0 8/1/2018 16:44:58
0,0,0,0,0,0 8/1/2018 16:44:58
0,0,0,0,0,0 8/1/2018 16:44:58
0,0,0,0,0,0 8/1/2018 16:44:58
0,0,0,0,0,0 8/1/2018 16:44:59
0,0,0,0,0,0 8/1/2018 16:44:59
0,0,0,0,0,0 8/1/2018 16:44:59
0,0,0,0,0,0 8/1/2018 16:44:59
0,0,0,0,0,0 8/1/2018 16:44:59
0,0,0,0,0,0 8/1/2018 16:44:59
0,0,0,0,0,0 8/1/2018 16:44:59
0,0,0,0,0,0 8/1/2018 16:44:59
0,0,0,0,0,0 8/1/2018 16:44:59
0,0,0,0,0,0 8/1/2018 16:44:59
0,0,0,0,0,0 8/1/2018 16:44:59
0,0,0,0,0,0 8/1/2018 16:44:59
0,0,0,0,0,0 8/1/2018 16:44:59
0,0,0,0,0,0 8/1/2018 16:44:59
0,0,0,0,0,0 8/1/2018 16:44:59
0,0,0,0,0,0 8/1/2018 16:44:59
0,0,0,0,0,0 8/1/2018 16:44:59
0,0,0,0,0,0 8/1/2018 16:44:59
0,0,0,0,0,0 8/1/2018 16:44:59
0,0,0,0,0,0 8/1/2018 16:44:59
0,0,0,0,0,0 8/1/2018 16:44:59
0,0,0,0,0,0 8/1/2018 16:44:59
0,0,0,0,0,0 8/1/2018 16:45:0
0,0,0,0,0,0 8/1/2018 16:45:0
0,0,0,0,0,0 8/1/2018 16:45:0
0,0,0,0,0,0 8/1/2018 16:45:0
0,0,0,0,0,0 8/1/2018 16:45:0
0,0,0,0,0,0 8/1/2018 16:45:0
0,0,0,0,0,0 8/1/2018 16:45:0
0,0,0,0,0,0 8/1/2018 16:45:0
0,0,0,0,0,0 8/1/2018 16:45:0
0,0,0,0,0,0 8/1/2018 16:45:0
0,0,0,0,0,0 8/1/2018 16:45:0
0,0,0,0,0,0 8/1/2018 16:45:0
0,0,0,0,0,0 8/1/2018 16:45:0
0,0,0,0,0,0 8/1/2018 16:45:0
0,0,0,0,0,0 8/1/2018 16:45:0
0,0,0,0,0,0 8/1/2018 16:45:0
0,0,0,0,0,0 8/1/2018 16:45:0
0,0,0,0,0,0 8/1/2018 16:45:0
0,0,0,0,0,0 8/1/2018 16:45:0
0,0,0,0,0,0 8/1/2018 16:45:0
0,0,0,0,0,0 8/1/2018 16:45:0
0,0,0,0,0,0 8/1/2018 16:45:0
0,0,0,0,0,0 8/1/2018 16:45:0
0,0,0,0,0,0 8/1/2018 16:45:1
0,0,0,0,0,0 8/1/2018 16:45:1
0,0,0,0,0,0 8/1/2018 16:45:1
0,0,0,0,0,0 8/1/2018 16:45:1
0,0,0,0,0,0 8/1/2018 16:45:1
0,0,0,0,0,0 8/1/2018 16:45:1
