0,0,45,0,0,0 8/1/2018 16:45:49
0,0,48,0,0,0 8/1/2018 16:45:49
0,0,37,0,0,0 8/1/2018 16:45:49
0,0,38,0,0,0 8/1/2018 16:45:49
0,0,40,0,0,0 8/1/2018 16:45:49
0,0,39,0,0,0 8/1/2018 16:45:49
0,0,38,0,0,0 8/1/2018 16:45:49
0,0,42,0,0,0 8/1/2018 16:45:49
0,0,54,197,0,0 8/1/2018 16:45:49
0,0,53,190,0,0 8/1/2018 16:45:49
0,0,12,0,0,0 8/1/2018 16:45:49
0,0,0,0,0,0 8/1/2018 16:45:49
0,0,0,0,0,0 8/1/2018 16:45:49
0,0,0,0,0,0 8/1/2018 16:45:49
0,0,0,0,0,0 8/1/2018 16:45:49
0,0,0,0,0,0 8/1/2018 16:45:49
0,1,0,0,0,0 8/1/2018 16:45:50
0,0,0,0,0,0 8/1/2018 16:45:50
0,0,0,0,0,0 8/1/2018 16:45:50
0,0,0,0,0,0 8/1/2018 16:45:50
0,0,0,0,0,0 8/1/2018 16:45:50
0,0,0,0,0,0 8/1/2018 16:45:50
0,0,0,0,0,0 8/1/2018 16:45:50
0,0,0,0,0,0 8/1/2018 16:45:50
0,0,0,0,0,0 8/1/2018 16:45:50
0,0,0,0,0,0 8/1/2018 16:45:50
0,0,49,0,0,0 8/1/2018 16:45:50
0,0,52,172,0,0 8/1/2018 16:45:50
0,0,53,136,0,0 8/1/2018 16:45:50
0,0,50,85,0,0 8/1/2018 16:45:50
0,0,37,0,0,0 8/1/2018 16:45:50
0,0,34,57,0,0 8/1/2018 16:45:50
0,0,24,51,0,0 8/1/2018 16:45:50
0,0,0,0,0,0 8/1/2018 16:45:50
0,0,0,0,0,0 8/1/2018 16:45:50
0,0,14,0,0,0 8/1/2018 16:45:50
0,0,25,0,0,0 8/1/2018 16:45:50
0,0,0,0,0,0 8/1/2018 16:45:50
0,0,34,0,0,0 8/1/2018 16:45:50
0,0,38,0,0,0 8/1/2018 16:45:51
0,0,45,0,0,0 8/1/2018 16:45:51
0,0,31,0,0,0 8/1/2018 16:45:51
0,0,29,0,0,0 8/1/2018 16:45:51
0,0,52,0,0,0 8/1/2018 16:45:51
0,0,49,0,0,0 8/1/2018 16:45:51
0,0,49,0,0,0 8/1/2018 16:45:51
0,0,56,0,0,0 8/1/2018 16:45:51
0,0,52,0,0,0 8/1/2018 16:45:51
0,0,8,0,0,0 8/1/2018 16:45:51
0,0,30,56,0,0 8/1/2018 16:45:51
0,0,0,0,0,0 8/1/2018 16:45:51
0,0,0,0,0,0 8/1/2018 16:45:51
0,0,21,0,0,0 8/1/2018 16:45:51
0,0,1,0,0,0 8/1/2018 16:45:51
0,0,6,0,0,0 8/1/2018 16:45:51
0,0,44,0,0,0 8/1/2018 16:45:51
0,0,61,0,0,0 8/1/2018 16:45:51
0,0,62,19,0,0 8/1/2018 16:45:51
0,0,53,576,0,0 8/1/2018 16:45:51
0,0,0,343,0,0 8/1/2018 16:45:51
0,0,0,0,0,0 8/1/2018 16:45:51
0,0,0,0,0,0 8/1/2018 16:45:52
0,0,0,0,0,0 8/1/2018 16:45:52
0,0,0,0,0,0 8/1/2018 16:45:52
0,0,0,0,0,0 8/1/2018 16:45:52
0,0,0,0,0,0 8/1/2018 16:45:52
0,0,43,178,0,0 8/1/2018 16:45:52
0,0,10,71,0,0 8/1/2018 16:45:52
0,0,4,0,0,0 8/1/2018 16:45:52
0,0,0,0,0,0 8/1/2018 16:45:52
0,0,0,0,0,0 8/1/2018 16:45:52
0,0,0,0,0,0 8/1/2018 16:45:52
0,0,0,0,0,0 8/1/2018 16:45:52
0,0,0,0,0,0 8/1/2018 16:45:52
0,0,0,0,0,0 8/1/2018 16:45:52
0,0,0,0,0,0 8/1/2018 16:45:52
0,0,0,0,0,0 8/1/2018 16:45:52
0,0,0,0,0,0 8/1/2018 16:45:52
0,0,0,0,0,0 8/1/2018 16:45:52
0,0,0,0,0,0 8/1/2018 16:45:52
0,0,1,245,0,0 8/1/2018 16:45:52
0,0,0,480,0,0 8/1/2018 16:45:52
0,0,0,313,0,0 8/1/2018 16:45:52
0,0,0,0,0,0 8/1/2018 16:45:52
0,0,0,0,0,0 8/1/2018 16:45:53
0,0,0,0,0,0 8/1/2018 16:45:53
0,0,0,0,0,0 8/1/2018 16:45:53
0,0,0,0,0,0 8/1/2018 16:45:53
0,0,0,0,0,0 8/1/2018 16:45:53
0,0,0,0,0,0 8/1/2018 16:45:53
0,0,0,0,0,0 8/1/2018 16:45:53
0,0,0,168,0,0 8/1/2018 16:45:53
0,0,0,94,0,0 8/1/2018 16:45:53
0,0,0,0,0,0 8/1/2018 16:45:53
0,0,0,0,0,0 8/1/2018 16:45:53
0,0,0,0,0,0 8/1/2018 16:45:53
0,0,0,0,0,0 8/1/2018 16:45:53
0,0,0,0,0,0 8/1/2018 16:45:53
0,0,0,0,0,0 8/1/2018 16:45:53
0,0,0,0,0,0 8/1/2018 16:45:53
0,0,0,0,0,0 8/1/2018 16:45:53
0,0,0,0,0,0 8/1/2018 16:45:53
0,0,0,0,0,0 8/1/2018 16:45:53
0,0,5,0,0,0 8/1/2018 16:45:53
0,0,0,0,0,0 8/1/2018 16:45:53
0,0,0,0,0,0 8/1/2018 16:45:53
0,0,11,0,0,0 8/1/2018 16:45:53
0,0,20,0,0,0 8/1/2018 16:45:54
0,0,35,0,0,0 8/1/2018 16:45:54
0,0,24,0,0,0 8/1/2018 16:45:54
0,0,0,0,0,0 8/1/2018 16:45:54
0,0,0,0,0,0 8/1/2018 16:45:54
0,0,0,0,0,0 8/1/2018 16:45:54
0,0,0,237,0,0 8/1/2018 16:45:54
0,0,0,333,0,0 8/1/2018 16:45:54
0,0,0,391,0,0 8/1/2018 16:45:54
0,0,0,474,0,0 8/1/2018 16:45:54
0,0,0,368,0,0 8/1/2018 16:45:54
0,0,0,125,0,0 8/1/2018 16:45:54
0,0,0,0,0,0 8/1/2018 16:45:54
0,0,0,0,0,0 8/1/2018 16:45:54
0,0,0,0,0,0 8/1/2018 16:45:54
0,0,19,0,0,0 8/1/2018 16:45:54
0,0,50,0,0,0 8/1/2018 16:45:54
0,0,0,0,0,0 8/1/2018 16:45:54
0,0,0,0,0,0 8/1/2018 16:45:54
0,0,0,0,0,0 8/1/2018 16:45:54
0,0,0,0,0,0 8/1/2018 16:45:54
0,0,0,0,0,0 8/1/2018 16:45:54
0,0,0,0,0,0 8/1/2018 16:45:54
0,0,0,62,0,0 8/1/2018 16:45:55
0,0,0,406,0,0 8/1/2018 16:45:55
0,0,0,199,0,0 8/1/2018 16:45:55
0,0,0,0,0,0 8/1/2018 16:45:55
0,1,0,0,0,0 8/1/2018 16:45:55
0,0,0,0,0,0 8/1/2018 16:45:55
0,0,0,0,0,0 8/1/2018 16:45:55
0,0,0,0,0,0 8/1/2018 16:45:55
0,0,0,0,0,0 8/1/2018 16:45:55
0,0,0,0,0,0 8/1/2018 16:45:55
0,0,0,0,0,0 8/1/2018 16:45:55
0,0,0,0,0,0 8/1/2018 16:45:55
0,0,0,0,0,0 8/1/2018 16:45:55
0,0,0,0,0,0 8/1/2018 16:45:55
0,0,0,0,0,0 8/1/2018 16:45:55
0,0,0,0,0,0 8/1/2018 16:45:55
0,0,0,0,0,0 8/1/2018 16:45:55
0,0,0,0,0,0 8/1/2018 16:45:55
0,0,0,0,0,0 8/1/2018 16:45:55
0,0,0,0,0,0 8/1/2018 16:45:55
0,0,0,0,0,0 8/1/2018 16:45:55
0,0,0,0,0,0 8/1/2018 16:45:55
0,0,0,0,0,0 8/1/2018 16:45:56
0,0,0,229,0,0 8/1/2018 16:45:56
0,0,0,224,0,0 8/1/2018 16:45:56
0,0,0,243,0,0 8/1/2018 16:45:56
0,0,0,0,0,0 8/1/2018 16:45:56
0,0,0,0,1,0 8/1/2018 16:45:56
0,0,0,0,0,0 8/1/2018 16:45:56
0,0,0,0,0,0 8/1/2018 16:45:56
0,1,0,0,0,0 8/1/2018 16:45:56
0,1,0,0,0,0 8/1/2018 16:45:56
0,0,0,0,0,0 8/1/2018 16:45:56
0,0,0,0,0,0 8/1/2018 16:45:56
0,0,0,0,0,0 8/1/2018 16:45:56
0,0,0,0,0,0 8/1/2018 16:45:56
0,0,0,0,0,0 8/1/2018 16:45:56
0,0,0,0,0,0 8/1/2018 16:45:56
0,0,0,0,0,0 8/1/2018 16:45:56
0,0,0,0,0,0 8/1/2018 16:45:56
0,0,0,0,0,0 8/1/2018 16:45:56
0,0,0,263,0,0 8/1/2018 16:45:56
0,0,8,215,0,0 8/1/2018 16:45:56
0,0,11,163,0,0 8/1/2018 16:45:56
0,0,12,68,0,0 8/1/2018 16:45:56
0,0,0,216,0,0 8/1/2018 16:45:57
0,0,0,287,0,0 8/1/2018 16:45:57
0,0,0,427,0,0 8/1/2018 16:45:57
0,0,0,533,0,0 8/1/2018 16:45:57
0,0,0,481,0,0 8/1/2018 16:45:57
0,0,0,249,0,0 8/1/2018 16:45:57
0,0,0,33,0,0 8/1/2018 16:45:57
0,0,0,0,0,0 8/1/2018 16:45:57
0,0,0,0,0,0 8/1/2018 16:45:57
0,0,24,0,0,0 8/1/2018 16:45:57
0,0,13,0,0,0 8/1/2018 16:45:57
0,0,28,0,0,0 8/1/2018 16:45:57
0,0,33,0,0,0 8/1/2018 16:45:57
0,0,32,0,0,0 8/1/2018 16:45:57
0,0,31,0,0,0 8/1/2018 16:45:57
0,0,28,0,0,0 8/1/2018 16:45:57
0,0,21,0,0,0 8/1/2018 16:45:57
0,0,0,0,0,0 8/1/2018 16:45:57
0,0,0,0,0,0 8/1/2018 16:45:57
0,0,29,0,0,0 8/1/2018 16:45:57
0,0,3,0,0,0 8/1/2018 16:45:57
0,0,5,0,0,0 8/1/2018 16:45:57
0,0,1,0,0,0 8/1/2018 16:45:57
0,0,0,0,0,0 8/1/2018 16:45:58
0,0,0,0,0,0 8/1/2018 16:45:58
0,0,0,0,0,0 8/1/2018 16:45:58
0,0,0,0,0,0 8/1/2018 16:45:58
0,0,0,0,0,0 8/1/2018 16:45:58
0,0,0,0,0,0 8/1/2018 16:45:58
0,0,0,0,0,0 8/1/2018 16:45:58
0,0,0,0,0,0 8/1/2018 16:45:58
0,0,0,0,0,0 8/1/2018 16:45:58
0,0,0,0,0,0 8/1/2018 16:45:58
0,0,0,0,0,0 8/1/2018 16:45:58
0,0,0,0,0,0 8/1/2018 16:45:58
0,0,0,0,0,0 8/1/2018 16:45:58
0,0,0,0,0,0 8/1/2018 16:45:58
0,0,0,0,0,0 8/1/2018 16:45:58
0,0,0,0,0,0 8/1/2018 16:45:58
0,0,0,0,0,0 8/1/2018 16:45:58
0,0,0,0,0,0 8/1/2018 16:45:58
0,0,0,0,0,0 8/1/2018 16:45:58
0,0,53,0,0,0 8/1/2018 16:45:58
0,0,52,0,0,0 8/1/2018 16:45:58
0,0,17,0,0,0 8/1/2018 16:45:58
0,0,0,0,0,0 8/1/2018 16:45:59
0,0,0,0,0,0 8/1/2018 16:45:59
0,0,0,0,0,0 8/1/2018 16:45:59
0,0,17,0,0,0 8/1/2018 16:45:59
0,0,0,0,0,0 8/1/2018 16:45:59
0,0,0,0,0,0 8/1/2018 16:45:59
0,0,0,0,0,0 8/1/2018 16:45:59
0,0,0,0,0,0 8/1/2018 16:45:59
0,0,0,0,0,0 8/1/2018 16:45:59
0,0,0,0,0,0 8/1/2018 16:45:59
0,0,0,0,0,0 8/1/2018 16:45:59
0,0,0,0,0,0 8/1/2018 16:45:59
0,0,0,0,0,0 8/1/2018 16:45:59
0,0,1,0,0,0 8/1/2018 16:45:59
0,0,0,0,0,0 8/1/2018 16:45:59
0,0,1,0,0,0 8/1/2018 16:45:59
0,0,0,0,0,0 8/1/2018 16:45:59
0,0,0,0,0,0 8/1/2018 16:45:59
0,0,0,0,0,0 8/1/2018 16:45:59
0,0,0,0,0,0 8/1/2018 16:45:59
0,0,0,0,0,0 8/1/2018 16:45:59
0,0,4,0,0,0 8/1/2018 16:45:59
0,0,15,0,0,0 8/1/2018 16:45:59
0,0,6,0,0,0 8/1/2018 16:46:0
0,0,0,0,0,0 8/1/2018 16:46:0
0,0,0,0,0,0 8/1/2018 16:46:0
0,0,0,0,0,0 8/1/2018 16:46:0
0,0,0,0,0,0 8/1/2018 16:46:0
0,0,0,0,0,0 8/1/2018 16:46:0
0,0,0,0,0,0 8/1/2018 16:46:0
0,0,22,0,0,0 8/1/2018 16:46:0
0,0,23,0,0,0 8/1/2018 16:46:0
0,0,3,0,0,0 8/1/2018 16:46:0
0,0,9,39,0,0 8/1/2018 16:46:0
0,0,0,57,0,0 8/1/2018 16:46:0
0,0,0,95,0,0 8/1/2018 16:46:0
0,0,0,174,0,0 8/1/2018 16:46:0
0,0,0,330,0,0 8/1/2018 16:46:0
0,0,0,389,0,0 8/1/2018 16:46:0
0,0,0,0,0,0 8/1/2018 16:46:0
0,0,0,64,0,0 8/1/2018 16:46:0
0,0,0,258,0,0 8/1/2018 16:46:0
0,0,0,0,0,0 8/1/2018 16:46:0
0,0,0,0,0,0 8/1/2018 16:46:0
0,0,0,0,0,0 8/1/2018 16:46:0
0,0,0,0,0,0 8/1/2018 16:46:0
0,0,0,0,0,0 8/1/2018 16:46:1
0,0,0,0,0,0 8/1/2018 16:46:1
0,0,0,0,0,0 8/1/2018 16:46:1
0,0,0,0,0,0 8/1/2018 16:46:1
