0,2,0,0,0,0 8/1/2018 16:47:11
0,1,0,0,0,0 8/1/2018 16:47:11
0,1,0,0,0,0 8/1/2018 16:47:11
0,2,3,0,0,0 8/1/2018 16:47:11
0,0,4,0,0,0 8/1/2018 16:47:11
0,1,20,0,0,0 8/1/2018 16:47:11
0,1,22,0,0,0 8/1/2018 16:47:11
0,1,37,0,0,0 8/1/2018 16:47:11
0,1,46,0,0,0 8/1/2018 16:47:11
0,1,79,79,0,0 8/1/2018 16:47:11
0,2,65,114,0,0 8/1/2018 16:47:11
0,1,146,144,0,0 8/1/2018 16:47:11
0,1,223,174,0,0 8/1/2018 16:47:11
0,1,278,211,0,0 8/1/2018 16:47:11
0,2,292,240,0,0 8/1/2018 16:47:11
0,0,184,261,0,0 8/1/2018 16:47:11
0,1,139,265,0,0 8/1/2018 16:47:11
0,1,41,259,0,0 8/1/2018 16:47:11
0,0,7,232,0,0 8/1/2018 16:47:11
0,2,0,225,0,0 8/1/2018 16:47:11
0,1,2,197,0,0 8/1/2018 16:47:11
0,1,8,148,0,0 8/1/2018 16:47:12
0,1,0,97,0,0 8/1/2018 16:47:12
0,1,0,43,0,0 8/1/2018 16:47:12
0,1,0,0,0,0 8/1/2018 16:47:12
0,1,0,0,0,0 8/1/2018 16:47:12
0,0,0,0,0,0 8/1/2018 16:47:12
0,0,0,0,0,0 8/1/2018 16:47:12
0,0,0,0,0,0 8/1/2018 16:47:12
0,0,0,0,0,0 8/1/2018 16:47:12
0,0,0,0,0,0 8/1/2018 16:47:12
0,0,0,0,0,0 8/1/2018 16:47:12
0,0,0,0,0,0 8/1/2018 16:47:12
0,0,0,0,0,0 8/1/2018 16:47:12
0,0,0,0,0,0 8/1/2018 16:47:12
0,0,0,0,0,0 8/1/2018 16:47:12
0,0,0,0,0,0 8/1/2018 16:47:12
0,0,0,0,0,0 8/1/2018 16:47:12
0,0,0,0,0,0 8/1/2018 16:47:12
0,0,43,0,0,0 8/1/2018 16:47:12
0,0,80,0,0,0 8/1/2018 16:47:12
0,0,124,0,0,0 8/1/2018 16:47:12
0,0,137,0,0,0 8/1/2018 16:47:12
0,0,160,0,0,0 8/1/2018 16:47:12
0,0,113,0,0,0 8/1/2018 16:47:13
0,0,80,0,0,0 8/1/2018 16:47:13
0,0,5,0,0,0 8/1/2018 16:47:13
0,0,20,0,0,0 8/1/2018 16:47:13
0,0,22,0,0,0 8/1/2018 16:47:13
0,0,0,0,0,0 8/1/2018 16:47:13
0,1,0,0,0,0 8/1/2018 16:47:13
0,1,3,0,0,0 8/1/2018 16:47:13
0,0,0,0,0,0 8/1/2018 16:47:13
0,1,0,0,0,0 8/1/2018 16:47:13
0,1,0,0,0,0 8/1/2018 16:47:13
0,0,12,0,0,0 8/1/2018 16:47:13
0,1,0,0,0,0 8/1/2018 16:47:13
0,0,0,0,0,0 8/1/2018 16:47:13
0,1,0,0,0,0 8/1/2018 16:47:13
0,0,0,0,0,0 8/1/2018 16:47:13
0,0,0,0,0,0 8/1/2018 16:47:13
0,0,0,0,0,0 8/1/2018 16:47:13
0,0,40,0,0,0 8/1/2018 16:47:13
0,0,61,0,2,0 8/1/2018 16:47:13
0,0,85,0,0,0 8/1/2018 16:47:13
0,0,105,0,0,0 8/1/2018 16:47:13
0,0,64,0,0,0 8/1/2018 16:47:14
0,0,45,67,0,0 8/1/2018 16:47:14
0,0,20,218,0,0 8/1/2018 16:47:14
0,0,15,267,0,0 8/1/2018 16:47:14
0,0,97,237,0,0 8/1/2018 16:47:14
0,0,104,181,0,0 8/1/2018 16:47:14
0,0,39,55,0,0 8/1/2018 16:47:14
0,0,4,0,0,0 8/1/2018 16:47:14
0,0,0,0,0,0 8/1/2018 16:47:14
0,0,0,0,0,0 8/1/2018 16:47:14
0,0,0,0,0,0 8/1/2018 16:47:14
0,0,0,0,0,0 8/1/2018 16:47:14
0,0,0,0,0,0 8/1/2018 16:47:14
0,0,0,0,0,0 8/1/2018 16:47:14
0,0,2,0,0,0 8/1/2018 16:47:14
0,0,21,0,0,0 8/1/2018 16:47:14
0,0,22,0,0,0 8/1/2018 16:47:14
0,0,0,0,0,0 8/1/2018 16:47:14
0,0,0,0,0,0 8/1/2018 16:47:14
0,0,0,0,0,0 8/1/2018 16:47:14
0,0,2,0,0,0 8/1/2018 16:47:14
0,0,12,0,0,0 8/1/2018 16:47:14
0,0,0,0,0,0 8/1/2018 16:47:14
0,0,0,0,0,0 8/1/2018 16:47:15
0,0,0,0,0,0 8/1/2018 16:47:15
0,0,0,0,0,0 8/1/2018 16:47:15
0,0,1,0,0,0 8/1/2018 16:47:15
0,0,2,0,0,0 8/1/2018 16:47:15
0,0,17,0,0,0 8/1/2018 16:47:15
0,0,23,0,0,0 8/1/2018 16:47:15
0,0,61,0,0,0 8/1/2018 16:47:15
0,0,75,0,0,0 8/1/2018 16:47:15
0,0,78,0,0,0 8/1/2018 16:47:15
0,0,32,0,0,0 8/1/2018 16:47:15
0,0,26,0,0,0 8/1/2018 16:47:15
0,0,10,0,0,0 8/1/2018 16:47:15
0,0,23,0,0,0 8/1/2018 16:47:15
0,0,4,0,0,0 8/1/2018 16:47:15
0,0,22,0,0,0 8/1/2018 16:47:15
0,0,25,0,0,0 8/1/2018 16:47:15
0,0,25,0,0,0 8/1/2018 16:47:15
0,0,25,0,0,0 8/1/2018 16:47:15
0,0,24,0,0,0 8/1/2018 16:47:15
0,0,23,0,0,0 8/1/2018 16:47:15
0,0,27,0,0,0 8/1/2018 16:47:15
0,0,23,0,0,0 8/1/2018 16:47:15
0,0,0,0,0,0 8/1/2018 16:47:16
0,0,0,0,0,0 8/1/2018 16:47:16
0,0,0,0,0,0 8/1/2018 16:47:16
0,0,0,0,0,0 8/1/2018 16:47:16
0,0,0,0,0,0 8/1/2018 16:47:16
0,0,0,0,0,0 8/1/2018 16:47:16
0,0,0,0,0,0 8/1/2018 16:47:16
0,0,0,0,0,0 8/1/2018 16:47:16
0,0,0,0,0,0 8/1/2018 16:47:16
0,0,0,0,0,0 8/1/2018 16:47:16
0,0,0,0,0,0 8/1/2018 16:47:16
0,0,0,0,0,0 8/1/2018 16:47:16
0,0,0,0,0,0 8/1/2018 16:47:16
0,0,0,0,0,0 8/1/2018 16:47:16
0,0,0,0,0,0 8/1/2018 16:47:16
0,0,12,0,0,0 8/1/2018 16:47:16
0,0,30,0,0,0 8/1/2018 16:47:16
0,0,35,0,0,0 8/1/2018 16:47:16
0,0,42,0,0,0 8/1/2018 16:47:16
0,0,121,0,0,0 8/1/2018 16:47:16
0,0,121,0,0,0 8/1/2018 16:47:16
0,0,143,0,0,0 8/1/2018 16:47:16
0,0,156,0,0,0 8/1/2018 16:47:16
0,0,154,0,0,0 8/1/2018 16:47:17
0,0,170,0,0,0 8/1/2018 16:47:17
0,0,198,0,0,0 8/1/2018 16:47:17
0,0,165,0,0,0 8/1/2018 16:47:17
0,0,122,0,0,0 8/1/2018 16:47:17
0,0,46,0,0,0 8/1/2018 16:47:17
0,0,44,0,0,0 8/1/2018 16:47:17
0,0,10,0,0,0 8/1/2018 16:47:17
0,0,0,0,0,1 8/1/2018 16:47:17
0,0,0,83,0,0 8/1/2018 16:47:17
0,0,0,83,0,0 8/1/2018 16:47:17
0,0,0,107,0,0 8/1/2018 16:47:17
0,0,4,144,0,0 8/1/2018 16:47:17
0,0,44,250,0,0 8/1/2018 16:47:17
0,0,79,410,0,0 8/1/2018 16:47:17
0,0,78,447,0,0 8/1/2018 16:47:17
0,0,88,482,0,0 8/1/2018 16:47:17
0,0,94,532,0,0 8/1/2018 16:47:17
0,0,97,575,0,0 8/1/2018 16:47:17
0,0,102,599,0,0 8/1/2018 16:47:17
0,0,103,631,0,0 8/1/2018 16:47:17
0,0,110,650,0,0 8/1/2018 16:47:17
0,0,103,689,0,0 8/1/2018 16:47:18
0,0,101,711,0,0 8/1/2018 16:47:18
0,0,104,720,0,0 8/1/2018 16:47:18
0,0,109,710,0,0 8/1/2018 16:47:18
0,0,86,692,0,0 8/1/2018 16:47:18
0,0,56,640,0,0 8/1/2018 16:47:18
0,0,53,509,0,0 8/1/2018 16:47:18
0,0,0,259,0,0 8/1/2018 16:47:18
0,0,0,60,0,0 8/1/2018 16:47:18
0,0,0,0,0,0 8/1/2018 16:47:18
0,0,0,0,0,0 8/1/2018 16:47:18
0,0,0,0,0,0 8/1/2018 16:47:18
0,0,0,0,0,0 8/1/2018 16:47:18
0,0,0,0,0,0 8/1/2018 16:47:18
0,0,0,0,0,0 8/1/2018 16:47:18
0,0,0,0,0,0 8/1/2018 16:47:18
0,0,0,0,0,0 8/1/2018 16:47:18
0,0,0,0,0,0 8/1/2018 16:47:18
0,0,0,0,0,0 8/1/2018 16:47:18
0,0,0,0,0,0 8/1/2018 16:47:18
0,0,0,0,0,0 8/1/2018 16:47:18
0,0,0,0,0,0 8/1/2018 16:47:18
0,0,0,0,0,0 8/1/2018 16:47:18
0,0,0,0,0,0 8/1/2018 16:47:19
0,0,0,4,0,0 8/1/2018 16:47:19
0,0,0,0,0,0 8/1/2018 16:47:19
0,0,0,2,0,0 8/1/2018 16:47:19
0,0,3,40,0,0 8/1/2018 16:47:19
0,0,24,37,0,0 8/1/2018 16:47:19
0,0,24,29,0,0 8/1/2018 16:47:19
0,0,25,0,0,0 8/1/2018 16:47:19
0,0,24,0,0,0 8/1/2018 16:47:19
0,0,23,0,0,0 8/1/2018 16:47:19
0,0,21,0,0,0 8/1/2018 16:47:19
0,0,18,0,0,0 8/1/2018 16:47:19
0,0,2,0,0,0 8/1/2018 16:47:19
0,0,0,0,0,0 8/1/2018 16:47:19
0,0,0,0,0,0 8/1/2018 16:47:19
0,0,0,0,0,0 8/1/2018 16:47:19
0,0,0,0,0,0 8/1/2018 16:47:19
0,0,0,0,0,0 8/1/2018 16:47:19
0,0,0,0,0,0 8/1/2018 16:47:19
0,0,0,19,0,0 8/1/2018 16:47:19
0,0,0,30,0,0 8/1/2018 16:47:19
0,0,0,43,0,0 8/1/2018 16:47:19
0,0,0,42,0,0 8/1/2018 16:47:19
0,0,2,29,0,0 8/1/2018 16:47:20
0,0,35,0,0,0 8/1/2018 16:47:20
0,0,40,0,0,0 8/1/2018 16:47:20
0,0,39,0,0,0 8/1/2018 16:47:20
0,0,49,11,0,0 8/1/2018 16:47:20
0,0,44,20,0,0 8/1/2018 16:47:20
0,0,36,26,0,0 8/1/2018 16:47:20
0,0,29,20,0,0 8/1/2018 16:47:20
0,0,27,0,0,0 8/1/2018 16:47:20
0,0,24,0,0,0 8/1/2018 16:47:20
0,0,14,0,0,0 8/1/2018 16:47:20
0,0,0,0,0,0 8/1/2018 16:47:20
0,0,0,0,0,0 8/1/2018 16:47:20
0,0,0,0,0,0 8/1/2018 16:47:20
0,0,0,0,0,0 8/1/2018 16:47:20
0,0,0,0,0,0 8/1/2018 16:47:20
0,0,0,0,0,0 8/1/2018 16:47:20
0,0,0,0,0,0 8/1/2018 16:47:20
0,0,0,0,0,0 8/1/2018 16:47:20
0,0,0,0,0,0 8/1/2018 16:47:20
0,0,0,0,0,0 8/1/2018 16:47:20
0,0,0,0,0,0 8/1/2018 16:47:20
0,0,0,0,0,0 8/1/2018 16:47:21
0,0,0,0,0,0 8/1/2018 16:47:21
0,0,0,0,0,0 8/1/2018 16:47:21
0,0,0,0,0,0 8/1/2018 16:47:21
0,0,0,0,0,0 8/1/2018 16:47:21
0,0,0,0,0,0 8/1/2018 16:47:21
0,0,0,0,0,0 8/1/2018 16:47:21
0,0,0,0,0,0 8/1/2018 16:47:21
0,0,0,0,0,0 8/1/2018 16:47:21
0,0,0,0,0,0 8/1/2018 16:47:21
0,0,0,0,0,0 8/1/2018 16:47:21
