0,0,0,0,0,0 8/1/2018 16:48:19
0,0,0,0,0,0 8/1/2018 16:48:19
0,0,0,0,0,0 8/1/2018 16:48:19
0,0,0,0,0,0 8/1/2018 16:48:19
0,0,0,0,0,0 8/1/2018 16:48:19
0,0,0,0,0,0 8/1/2018 16:48:19
0,0,0,0,0,0 8/1/2018 16:48:19
0,0,0,0,0,0 8/1/2018 16:48:19
0,0,7,0,0,0 8/1/2018 16:48:19
0,0,5,0,0,0 8/1/2018 16:48:20
0,0,20,0,0,0 8/1/2018 16:48:20
0,0,23,0,0,0 8/1/2018 16:48:20
0,0,22,0,0,0 8/1/2018 16:48:20
0,0,21,0,0,0 8/1/2018 16:48:20
0,0,14,0,0,0 8/1/2018 16:48:20
0,0,0,0,0,0 8/1/2018 16:48:20
0,0,0,0,0,0 8/1/2018 16:48:20
0,0,0,0,0,0 8/1/2018 16:48:20
0,0,0,0,0,0 8/1/2018 16:48:20
0,0,0,0,0,0 8/1/2018 16:48:20
0,0,0,0,0,0 8/1/2018 16:48:20
0,0,5,0,0,0 8/1/2018 16:48:20
0,0,7,0,0,0 8/1/2018 16:48:20
0,0,15,0,0,0 8/1/2018 16:48:20
0,0,6,0,0,0 8/1/2018 16:48:20
0,0,8,0,0,3 8/1/2018 16:48:20
0,0,0,48,0,0 8/1/2018 16:48:20
0,0,0,68,0,0 8/1/2018 16:48:20
0,0,0,161,0,0 8/1/2018 16:48:20
0,0,0,225,0,0 8/1/2018 16:48:20
0,0,0,284,0,0 8/1/2018 16:48:20
0,0,0,242,0,0 8/1/2018 16:48:20
0,0,0,208,0,0 8/1/2018 16:48:21
0,0,0,112,0,0 8/1/2018 16:48:21
0,0,0,0,0,0 8/1/2018 16:48:21
0,0,0,0,0,0 8/1/2018 16:48:21
0,0,0,0,0,0 8/1/2018 16:48:21
0,0,5,0,0,0 8/1/2018 16:48:21
0,0,0,0,0,0 8/1/2018 16:48:21
0,0,3,0,0,0 8/1/2018 16:48:21
0,0,0,0,0,0 8/1/2018 16:48:21
0,0,13,0,0,0 8/1/2018 16:48:21
0,0,32,0,0,0 8/1/2018 16:48:21
0,0,50,41,0,0 8/1/2018 16:48:21
0,0,43,44,0,0 8/1/2018 16:48:21
0,0,45,66,0,0 8/1/2018 16:48:21
0,0,70,48,0,0 8/1/2018 16:48:21
0,0,74,30,0,0 8/1/2018 16:48:21
0,0,94,34,0,0 8/1/2018 16:48:21
0,0,136,23,0,0 8/1/2018 16:48:21
0,1,162,20,0,0 8/1/2018 16:48:21
0,1,177,1,0,0 8/1/2018 16:48:21
0,0,222,0,0,0 8/1/2018 16:48:21
0,0,92,0,0,0 8/1/2018 16:48:21
0,0,53,0,0,0 8/1/2018 16:48:21
0,0,59,0,0,0 8/1/2018 16:48:22
0,0,139,20,0,0 8/1/2018 16:48:22
0,0,126,49,0,0 8/1/2018 16:48:22
0,1,134,98,0,0 8/1/2018 16:48:22
0,1,115,157,0,0 8/1/2018 16:48:22
0,0,140,214,0,0 8/1/2018 16:48:22
0,0,175,310,0,0 8/1/2018 16:48:22
0,0,138,390,0,0 8/1/2018 16:48:22
0,0,133,442,0,0 8/1/2018 16:48:22
0,0,132,437,0,0 8/1/2018 16:48:22
0,0,140,449,0,0 8/1/2018 16:48:22
0,0,102,210,0,0 8/1/2018 16:48:22
0,0,74,0,0,0 8/1/2018 16:48:22
0,0,64,0,0,0 8/1/2018 16:48:22
0,0,58,0,0,0 8/1/2018 16:48:22
0,0,65,0,0,0 8/1/2018 16:48:22
0,0,75,0,0,0 8/1/2018 16:48:22
0,0,74,0,0,0 8/1/2018 16:48:22
0,0,73,0,0,0 8/1/2018 16:48:22
0,0,74,0,0,0 8/1/2018 16:48:22
0,0,75,0,0,0 8/1/2018 16:48:22
0,0,90,0,0,0 8/1/2018 16:48:22
0,0,95,0,0,0 8/1/2018 16:48:23
0,0,105,0,0,0 8/1/2018 16:48:23
0,0,105,0,0,0 8/1/2018 16:48:23
0,0,118,0,0,0 8/1/2018 16:48:23
0,0,130,0,0,0 8/1/2018 16:48:23
0,0,115,0,0,0 8/1/2018 16:48:23
0,0,80,0,0,0 8/1/2018 16:48:23
0,0,68,0,0,0 8/1/2018 16:48:23
0,0,40,0,0,0 8/1/2018 16:48:23
0,0,26,0,0,0 8/1/2018 16:48:23
0,1,31,0,0,0 8/1/2018 16:48:23
0,0,69,0,0,0 8/1/2018 16:48:23
0,0,76,0,0,0 8/1/2018 16:48:23
0,0,89,0,0,0 8/1/2018 16:48:23
0,1,123,0,0,0 8/1/2018 16:48:23
0,0,145,0,0,0 8/1/2018 16:48:23
0,0,138,0,0,0 8/1/2018 16:48:23
0,0,110,0,0,0 8/1/2018 16:48:23
0,0,84,0,0,0 8/1/2018 16:48:23
0,1,36,0,0,0 8/1/2018 16:48:23
0,0,13,0,0,0 8/1/2018 16:48:23
0,0,12,0,0,0 8/1/2018 16:48:23
0,0,0,0,0,0 8/1/2018 16:48:23
0,0,0,0,0,0 8/1/2018 16:48:24
0,0,0,14,0,0 8/1/2018 16:48:24
0,0,0,17,0,0 8/1/2018 16:48:24
0,0,0,34,0,0 8/1/2018 16:48:24
0,0,0,10,0,0 8/1/2018 16:48:24
0,0,0,0,0,0 8/1/2018 16:48:24
0,0,12,0,0,0 8/1/2018 16:48:24
0,0,0,0,0,0 8/1/2018 16:48:24
0,0,0,0,0,0 8/1/2018 16:48:24
0,0,0,0,0,0 8/1/2018 16:48:24
0,0,0,0,0,0 8/1/2018 16:48:24
0,0,0,0,0,0 8/1/2018 16:48:24
0,0,0,0,0,0 8/1/2018 16:48:24
0,0,0,0,0,0 8/1/2018 16:48:24
0,0,0,0,0,0 8/1/2018 16:48:24
0,0,0,0,0,0 8/1/2018 16:48:24
0,0,0,0,0,0 8/1/2018 16:48:24
0,0,0,0,0,0 8/1/2018 16:48:24
0,0,0,0,0,0 8/1/2018 16:48:24
0,0,2,0,0,0 8/1/2018 16:48:24
0,0,12,0,0,0 8/1/2018 16:48:24
0,0,32,0,0,0 8/1/2018 16:48:24
0,0,32,0,0,0 8/1/2018 16:48:24
0,0,30,0,0,0 8/1/2018 16:48:25
0,0,33,0,0,0 8/1/2018 16:48:25
0,0,31,0,0,0 8/1/2018 16:48:25
0,0,0,0,0,0 8/1/2018 16:48:25
0,0,0,0,0,0 8/1/2018 16:48:25
0,0,0,0,0,0 8/1/2018 16:48:25
0,0,0,0,0,0 8/1/2018 16:48:25
0,0,0,0,0,0 8/1/2018 16:48:25
0,0,0,0,0,0 8/1/2018 16:48:25
0,0,0,0,0,0 8/1/2018 16:48:25
0,0,0,0,0,0 8/1/2018 16:48:25
0,0,0,0,0,0 8/1/2018 16:48:25
0,0,0,0,0,0 8/1/2018 16:48:25
0,0,0,0,0,0 8/1/2018 16:48:25
0,0,0,0,0,0 8/1/2018 16:48:25
0,0,0,0,0,0 8/1/2018 16:48:25
0,0,0,0,0,0 8/1/2018 16:48:25
0,0,0,0,0,0 8/1/2018 16:48:25
0,0,0,0,0,0 8/1/2018 16:48:25
0,0,0,0,0,0 8/1/2018 16:48:25
0,0,0,0,0,0 8/1/2018 16:48:25
0,0,0,0,0,0 8/1/2018 16:48:25
0,0,0,0,0,0 8/1/2018 16:48:25
0,0,0,0,0,0 8/1/2018 16:48:26
0,0,0,0,0,0 8/1/2018 16:48:26
0,0,0,0,0,0 8/1/2018 16:48:26
0,0,0,57,0,0 8/1/2018 16:48:26
0,0,47,129,0,0 8/1/2018 16:48:26
0,0,45,146,0,0 8/1/2018 16:48:26
0,0,46,151,0,0 8/1/2018 16:48:26
0,0,49,140,0,0 8/1/2018 16:48:26
0,0,51,136,0,0 8/1/2018 16:48:26
0,0,55,62,0,0 8/1/2018 16:48:26
0,0,57,50,0,0 8/1/2018 16:48:26
0,0,0,81,0,0 8/1/2018 16:48:26
0,0,0,0,0,0 8/1/2018 16:48:26
0,0,0,0,0,0 8/1/2018 16:48:26
0,0,0,0,0,0 8/1/2018 16:48:26
0,0,0,0,0,0 8/1/2018 16:48:26
0,0,0,0,0,0 8/1/2018 16:48:26
0,0,0,0,0,0 8/1/2018 16:48:26
0,0,1,0,0,0 8/1/2018 16:48:26
0,0,9,0,0,0 8/1/2018 16:48:26
0,0,11,0,0,0 8/1/2018 16:48:26
0,0,4,0,0,0 8/1/2018 16:48:26
0,0,0,0,0,0 8/1/2018 16:48:27
0,0,43,116,0,0 8/1/2018 16:48:27
0,0,45,249,0,0 8/1/2018 16:48:27
0,0,46,276,0,0 8/1/2018 16:48:27
0,0,51,244,0,0 8/1/2018 16:48:27
0,0,50,243,0,0 8/1/2018 16:48:27
0,0,49,244,0,0 8/1/2018 16:48:27
0,0,47,470,0,0 8/1/2018 16:48:27
0,0,41,637,0,0 8/1/2018 16:48:27
0,0,44,392,0,0 8/1/2018 16:48:27
0,0,0,0,0,0 8/1/2018 16:48:27
0,0,0,0,0,0 8/1/2018 16:48:27
0,0,0,0,0,0 8/1/2018 16:48:27
0,0,5,0,0,0 8/1/2018 16:48:27
0,0,5,0,0,0 8/1/2018 16:48:27
0,0,0,0,0,0 8/1/2018 16:48:27
0,0,0,0,0,0 8/1/2018 16:48:27
0,0,0,0,0,0 8/1/2018 16:48:27
0,0,0,0,0,0 8/1/2018 16:48:27
0,0,0,0,0,0 8/1/2018 16:48:27
0,0,5,0,0,0 8/1/2018 16:48:27
0,0,14,0,0,0 8/1/2018 16:48:27
0,0,10,0,0,0 8/1/2018 16:48:27
0,0,8,0,0,0 8/1/2018 16:48:28
0,0,7,0,0,0 8/1/2018 16:48:28
0,0,16,0,0,0 8/1/2018 16:48:28
0,0,15,0,0,0 8/1/2018 16:48:28
0,0,5,0,0,0 8/1/2018 16:48:28
0,0,0,0,0,0 8/1/2018 16:48:28
0,0,0,0,0,0 8/1/2018 16:48:28
0,0,0,0,0,0 8/1/2018 16:48:28
0,0,6,0,0,0 8/1/2018 16:48:28
0,0,0,131,0,0 8/1/2018 16:48:28
0,0,47,38,0,0 8/1/2018 16:48:28
0,0,0,0,0,0 8/1/2018 16:48:28
0,0,0,0,0,0 8/1/2018 16:48:28
0,0,0,0,0,0 8/1/2018 16:48:28
0,0,2,453,0,0 8/1/2018 16:48:28
0,0,42,468,0,0 8/1/2018 16:48:28
0,0,10,0,0,0 8/1/2018 16:48:28
0,0,0,20,0,0 8/1/2018 16:48:28
0,0,0,44,0,0 8/1/2018 16:48:28
0,0,0,0,0,0 8/1/2018 16:48:28
0,0,16,0,0,0 8/1/2018 16:48:28
0,0,0,0,0,0 8/1/2018 16:48:28
0,0,0,0,0,0 8/1/2018 16:48:28
0,0,0,0,0,0 8/1/2018 16:48:29
0,0,0,0,0,0 8/1/2018 16:48:29
0,1,0,0,0,0 8/1/2018 16:48:29
0,0,39,0,0,0 8/1/2018 16:48:29
0,1,46,650,0,0 8/1/2018 16:48:29
0,0,9,568,0,0 8/1/2018 16:48:29
0,0,49,397,0,0 8/1/2018 16:48:29
0,0,49,388,0,0 8/1/2018 16:48:29
0,0,7,356,0,0 8/1/2018 16:48:29
0,0,0,0,0,0 8/1/2018 16:48:29
0,0,0,0,0,0 8/1/2018 16:48:29
0,0,0,0,0,0 8/1/2018 16:48:29
0,0,0,0,0,0 8/1/2018 16:48:29
0,0,0,0,0,0 8/1/2018 16:48:29
0,0,0,0,0,0 8/1/2018 16:48:29
0,0,0,0,0,0 8/1/2018 16:48:29
0,0,0,0,0,0 8/1/2018 16:48:29
0,0,0,0,0,0 8/1/2018 16:48:29
0,1,0,0,0,0 8/1/2018 16:48:29
0,0,0,0,0,0 8/1/2018 16:48:29
0,1,2,0,0,0 8/1/2018 16:48:29
0,1,2,354,0,0 8/1/2018 16:48:29
0,0,0,367,0,0 8/1/2018 16:48:30
0,0,0,0,0,0 8/1/2018 16:48:30
0,0,5,0,0,0 8/1/2018 16:48:30
0,0,17,0,0,0 8/1/2018 16:48:30
0,0,19,0,0,0 8/1/2018 16:48:30
0,0,16,0,0,0 8/1/2018 16:48:30
0,0,9,18,0,0 8/1/2018 16:48:30
0,0,45,373,0,0 8/1/2018 16:48:30
0,0,45,397,0,0 8/1/2018 16:48:30
0,1,46,277,0,0 8/1/2018 16:48:30
0,0,7,0,0,0 8/1/2018 16:48:30
0,0,0,0,0,0 8/1/2018 16:48:30
0,1,0,0,0,0 8/1/2018 16:48:30
0,2,0,0,0,0 8/1/2018 16:48:30
0,2,0,0,0,0 8/1/2018 16:48:30
0,0,0,0,0,0 8/1/2018 16:48:30
0,1,0,0,0,0 8/1/2018 16:48:30
0,1,1,0,0,0 8/1/2018 16:48:30
0,0,4,0,0,0 8/1/2018 16:48:30
0,0,0,0,0,0 8/1/2018 16:48:30
