0,0,0,98,0,0 8/1/2018 15:27:41
0,0,0,93,0,0 8/1/2018 15:27:41
0,0,0,0,0,0 8/1/2018 15:27:41
0,0,0,0,0,0 8/1/2018 15:27:41
0,0,0,0,0,0 8/1/2018 15:27:41
0,0,0,0,0,0 8/1/2018 15:27:41
0,0,0,0,0,0 8/1/2018 15:27:41
0,0,0,0,0,3 8/1/2018 15:27:41
0,0,0,0,0,0 8/1/2018 15:27:41
0,0,33,0,0,0 8/1/2018 15:27:41
0,0,50,88,0,0 8/1/2018 15:27:41
0,0,63,435,0,0 8/1/2018 15:27:41
0,0,73,594,0,0 8/1/2018 15:27:41
0,0,28,376,0,0 8/1/2018 15:27:41
0,0,0,646,0,0 8/1/2018 15:27:41
0,20,0,692,0,0 8/1/2018 15:27:41
0,22,0,690,0,0 8/1/2018 15:27:41
0,23,0,674,0,0 8/1/2018 15:27:41
0,31,0,654,0,0 8/1/2018 15:27:41
0,94,0,636,0,0 8/1/2018 15:27:41
0,164,0,633,0,0 8/1/2018 15:27:41
0,174,0,659,0,0 8/1/2018 15:27:41
0,148,0,670,0,0 8/1/2018 15:27:41
0,150,0,683,0,0 8/1/2018 15:27:42
0,59,83,671,0,0 8/1/2018 15:27:42
0,79,37,617,0,0 8/1/2018 15:27:42
0,0,0,542,0,0 8/1/2018 15:27:42
0,49,0,455,0,0 8/1/2018 15:27:42
0,3,0,252,0,0 8/1/2018 15:27:42
0,0,0,0,0,0 8/1/2018 15:27:42
0,0,0,0,0,0 8/1/2018 15:27:42
0,0,0,0,0,0 8/1/2018 15:27:42
0,0,0,0,0,0 8/1/2018 15:27:42
0,0,0,110,0,0 8/1/2018 15:27:42
0,0,0,260,0,0 8/1/2018 15:27:42
0,0,0,368,0,0 8/1/2018 15:27:42
0,0,0,531,0,0 8/1/2018 15:27:42
0,0,0,741,0,0 8/1/2018 15:27:42
0,0,0,740,0,0 8/1/2018 15:27:42
0,18,0,666,0,0 8/1/2018 15:27:42
0,152,0,657,0,0 8/1/2018 15:27:42
0,97,0,634,0,0 8/1/2018 15:27:42
0,37,0,597,0,0 8/1/2018 15:27:42
0,8,0,579,0,0 8/1/2018 15:27:42
0,0,0,335,0,0 8/1/2018 15:27:42
0,0,0,0,0,0 8/1/2018 15:27:42
0,0,0,0,0,0 8/1/2018 15:27:43
0,0,0,0,0,0 8/1/2018 15:27:43
0,0,0,0,0,0 8/1/2018 15:27:43
0,0,0,0,0,0 8/1/2018 15:27:43
0,0,0,0,0,0 8/1/2018 15:27:43
0,0,0,0,0,0 8/1/2018 15:27:43
0,0,0,0,0,0 8/1/2018 15:27:43
0,0,0,0,0,0 8/1/2018 15:27:43
0,0,0,0,0,0 8/1/2018 15:27:43
0,0,0,0,0,0 8/1/2018 15:27:43
0,0,0,0,0,0 8/1/2018 15:27:43
0,0,0,0,0,0 8/1/2018 15:27:43
0,0,0,0,0,0 8/1/2018 15:27:43
0,0,0,0,0,0 8/1/2018 15:27:43
0,0,0,0,0,0 8/1/2018 15:27:43
0,45,0,0,0,0 8/1/2018 15:27:43
0,0,0,0,0,0 8/1/2018 15:27:43
0,0,0,1,0,0 8/1/2018 15:27:43
0,31,0,0,0,0 8/1/2018 15:27:43
0,51,0,0,0,0 8/1/2018 15:27:43
0,92,0,0,0,0 8/1/2018 15:27:43
0,105,0,0,0,0 8/1/2018 15:27:43
0,177,4,204,0,0 8/1/2018 15:27:43
0,294,47,614,0,0 8/1/2018 15:27:44
0,354,102,768,0,0 8/1/2018 15:27:44
0,376,200,835,4,0 8/1/2018 15:27:44
0,394,272,830,0,0 8/1/2018 15:27:44
0,404,287,844,0,0 8/1/2018 15:27:44
0,410,306,845,0,0 8/1/2018 15:27:44
0,415,298,830,0,0 8/1/2018 15:27:44
0,352,257,823,0,0 8/1/2018 15:27:44
0,298,213,813,0,0 8/1/2018 15:27:44
0,304,218,804,0,0 8/1/2018 15:27:44
0,316,199,812,0,0 8/1/2018 15:27:44
0,364,196,810,0,0 8/1/2018 15:27:44
0,409,219,820,0,0 8/1/2018 15:27:44
0,470,202,813,0,0 8/1/2018 15:27:44
0,511,176,809,0,0 8/1/2018 15:27:44
0,528,127,812,0,0 8/1/2018 15:27:44
0,559,70,819,0,0 8/1/2018 15:27:44
0,578,53,831,0,0 8/1/2018 15:27:44
0,589,57,825,0,0 8/1/2018 15:27:44
0,598,71,825,0,0 8/1/2018 15:27:44
0,609,17,827,0,0 8/1/2018 15:27:44
0,612,8,827,0,0 8/1/2018 15:27:44
0,598,1,823,0,0 8/1/2018 15:27:45
0,542,0,815,0,0 8/1/2018 15:27:45
0,485,0,798,0,0 8/1/2018 15:27:45
0,378,0,773,0,0 8/1/2018 15:27:45
0,312,0,764,0,0 8/1/2018 15:27:45
0,294,0,765,0,0 8/1/2018 15:27:45
0,276,0,766,0,0 8/1/2018 15:27:45
0,271,0,772,0,0 8/1/2018 15:27:45
0,273,1,780,0,0 8/1/2018 15:27:45
0,307,0,779,0,0 8/1/2018 15:27:45
0,363,0,780,0,0 8/1/2018 15:27:45
0,387,0,787,0,0 8/1/2018 15:27:45
0,398,0,791,0,0 8/1/2018 15:27:45
0,430,20,784,0,0 8/1/2018 15:27:45
0,444,27,791,0,0 8/1/2018 15:27:45
0,438,30,786,0,0 8/1/2018 15:27:45
0,453,30,781,0,0 8/1/2018 15:27:45
0,455,12,785,0,0 8/1/2018 15:27:45
0,461,0,794,0,0 8/1/2018 15:27:45
0,466,0,791,0,0 8/1/2018 15:27:45
0,469,14,794,0,0 8/1/2018 15:27:45
0,465,18,792,0,0 8/1/2018 15:27:45
0,407,24,762,0,0 8/1/2018 15:27:45
0,337,0,734,0,0 8/1/2018 15:27:46
0,305,0,733,0,0 8/1/2018 15:27:46
0,272,7,741,0,0 8/1/2018 15:27:46
0,255,10,750,0,0 8/1/2018 15:27:46
0,246,13,756,0,0 8/1/2018 15:27:46
0,199,20,758,0,0 8/1/2018 15:27:46
0,142,35,760,0,0 8/1/2018 15:27:46
0,148,55,749,0,0 8/1/2018 15:27:46
0,147,65,770,0,0 8/1/2018 15:27:46
0,167,67,769,0,0 8/1/2018 15:27:46
0,197,67,782,0,0 8/1/2018 15:27:46
0,151,63,773,0,0 8/1/2018 15:27:46
0,151,67,773,0,0 8/1/2018 15:27:46
0,155,71,780,0,0 8/1/2018 15:27:46
0,155,75,780,0,0 8/1/2018 15:27:46
0,163,76,780,0,0 8/1/2018 15:27:46
0,173,75,782,0,0 8/1/2018 15:27:46
0,141,78,783,0,0 8/1/2018 15:27:46
0,101,72,787,0,0 8/1/2018 15:27:46
0,0,2,787,0,0 8/1/2018 15:27:46
0,0,60,785,0,0 8/1/2018 15:27:46
0,0,64,782,0,0 8/1/2018 15:27:46
0,0,63,791,0,0 8/1/2018 15:27:46
0,0,64,797,0,0 8/1/2018 15:27:47
0,0,66,796,0,0 8/1/2018 15:27:47
0,0,69,799,0,0 8/1/2018 15:27:47
0,0,65,799,0,0 8/1/2018 15:27:47
0,0,68,799,0,0 8/1/2018 15:27:47
0,0,13,795,0,0 8/1/2018 15:27:47
0,0,0,807,0,0 8/1/2018 15:27:47
0,0,0,805,0,0 8/1/2018 15:27:47
0,0,0,803,0,0 8/1/2018 15:27:47
0,5,0,800,0,0 8/1/2018 15:27:47
0,3,0,802,0,0 8/1/2018 15:27:47
0,7,0,804,0,0 8/1/2018 15:27:47
0,0,0,804,0,0 8/1/2018 15:27:47
0,0,0,801,0,0 8/1/2018 15:27:47
0,47,0,783,0,0 8/1/2018 15:27:47
0,62,0,790,0,0 8/1/2018 15:27:47
0,107,0,797,0,0 8/1/2018 15:27:47
0,158,0,793,0,0 8/1/2018 15:27:47
0,209,0,792,0,0 8/1/2018 15:27:47
0,219,0,794,0,0 8/1/2018 15:27:47
0,229,0,803,0,0 8/1/2018 15:27:47
0,241,0,795,0,0 8/1/2018 15:27:47
0,262,0,786,0,0 8/1/2018 15:27:48
0,264,0,782,0,0 8/1/2018 15:27:48
0,262,0,777,0,0 8/1/2018 15:27:48
0,249,0,784,0,0 8/1/2018 15:27:48
0,222,0,784,0,0 8/1/2018 15:27:48
0,163,0,800,0,0 8/1/2018 15:27:48
0,162,0,795,0,0 8/1/2018 15:27:48
0,192,0,798,0,0 8/1/2018 15:27:48
0,200,0,791,0,0 8/1/2018 15:27:48
0,203,0,796,0,0 8/1/2018 15:27:48
0,192,0,791,0,0 8/1/2018 15:27:48
0,177,0,788,0,0 8/1/2018 15:27:48
0,174,0,781,0,0 8/1/2018 15:27:48
0,183,0,780,0,0 8/1/2018 15:27:48
0,180,0,792,0,0 8/1/2018 15:27:48
0,169,0,793,0,0 8/1/2018 15:27:48
0,177,0,787,0,0 8/1/2018 15:27:48
0,235,0,775,0,0 8/1/2018 15:27:48
0,292,0,777,0,0 8/1/2018 15:27:48
0,347,0,783,0,0 8/1/2018 15:27:48
0,358,0,785,0,0 8/1/2018 15:27:48
0,380,0,785,0,0 8/1/2018 15:27:48
0,393,0,780,0,0 8/1/2018 15:27:48
0,437,0,776,0,0 8/1/2018 15:27:49
0,495,103,779,0,0 8/1/2018 15:27:49
0,534,170,776,0,0 8/1/2018 15:27:49
0,551,164,778,0,0 8/1/2018 15:27:49
0,537,163,779,0,0 8/1/2018 15:27:49
0,536,147,782,0,0 8/1/2018 15:27:49
0,540,100,781,0,0 8/1/2018 15:27:49
0,535,78,785,0,0 8/1/2018 15:27:49
0,528,48,776,0,0 8/1/2018 15:27:49
0,482,22,786,0,0 8/1/2018 15:27:49
0,457,0,789,0,0 8/1/2018 15:27:49
0,424,0,791,0,0 8/1/2018 15:27:49
0,388,0,788,0,0 8/1/2018 15:27:49
0,365,0,788,0,0 8/1/2018 15:27:49
0,367,0,787,0,0 8/1/2018 15:27:49
0,389,0,797,0,0 8/1/2018 15:27:49
0,406,1,798,0,0 8/1/2018 15:27:49
0,410,30,797,0,0 8/1/2018 15:27:49
0,380,46,791,0,0 8/1/2018 15:27:49
0,385,73,784,0,0 8/1/2018 15:27:49
0,385,88,783,0,0 8/1/2018 15:27:49
0,374,105,779,0,0 8/1/2018 15:27:49
0,377,129,779,0,0 8/1/2018 15:27:49
0,386,158,775,0,0 8/1/2018 15:27:50
0,385,170,767,0,0 8/1/2018 15:27:50
0,382,165,747,0,0 8/1/2018 15:27:50
0,376,174,717,0,0 8/1/2018 15:27:50
0,373,200,712,0,0 8/1/2018 15:27:50
0,378,211,724,0,0 8/1/2018 15:27:50
0,382,211,756,0,0 8/1/2018 15:27:50
0,370,181,777,0,0 8/1/2018 15:27:50
0,364,151,785,0,0 8/1/2018 15:27:50
0,359,79,784,0,0 8/1/2018 15:27:50
0,345,54,789,0,0 8/1/2018 15:27:50
0,329,23,796,0,0 8/1/2018 15:27:50
0,321,0,797,0,0 8/1/2018 15:27:50
0,273,0,802,0,0 8/1/2018 15:27:50
0,282,0,798,0,0 8/1/2018 15:27:50
0,275,0,799,0,0 8/1/2018 15:27:50
0,246,0,798,0,0 8/1/2018 15:27:50
0,235,0,800,0,0 8/1/2018 15:27:50
0,162,0,804,0,0 8/1/2018 15:27:50
0,81,0,804,0,0 8/1/2018 15:27:50
0,13,0,799,0,0 8/1/2018 15:27:50
0,6,0,784,0,0 8/1/2018 15:27:50
0,56,0,776,0,0 8/1/2018 15:27:50
0,0,0,778,0,0 8/1/2018 15:27:51
0,0,0,776,0,0 8/1/2018 15:27:51
0,0,0,778,0,0 8/1/2018 15:27:51
0,10,0,784,0,0 8/1/2018 15:27:51
0,165,0,785,0,0 8/1/2018 15:27:51
0,169,0,789,0,0 8/1/2018 15:27:51
0,189,0,791,0,0 8/1/2018 15:27:51
0,251,0,793,0,0 8/1/2018 15:27:51
0,258,0,793,0,0 8/1/2018 15:27:51
0,287,0,793,0,0 8/1/2018 15:27:51
0,285,0,793,0,0 8/1/2018 15:27:51
0,303,0,792,0,0 8/1/2018 15:27:51
0,319,0,791,0,0 8/1/2018 15:27:51
0,358,0,787,0,0 8/1/2018 15:27:51
0,346,0,778,0,0 8/1/2018 15:27:51
0,381,0,781,0,0 8/1/2018 15:27:51
0,393,0,787,0,0 8/1/2018 15:27:51
0,389,0,790,0,0 8/1/2018 15:27:51
0,404,0,787,0,0 8/1/2018 15:27:51
0,393,0,783,0,0 8/1/2018 15:27:51
0,415,0,787,0,0 8/1/2018 15:27:51
0,444,0,782,0,0 8/1/2018 15:27:51
0,478,0,754,0,0 8/1/2018 15:27:52
0,500,0,735,0,0 8/1/2018 15:27:52
0,502,0,716,0,0 8/1/2018 15:27:52
0,441,0,679,0,0 8/1/2018 15:27:52
0,284,0,679,0,0 8/1/2018 15:27:52
0,139,0,671,0,0 8/1/2018 15:27:52
0,0,0,688,0,0 8/1/2018 15:27:52
0,0,0,698,0,0 8/1/2018 15:27:52
0,0,0,710,0,0 8/1/2018 15:27:52
0,0,0,717,0,0 8/1/2018 15:27:52
0,0,0,738,0,0 8/1/2018 15:27:52
0,0,0,762,0,0 8/1/2018 15:27:52
0,0,0,776,0,0 8/1/2018 15:27:52
0,0,0,794,0,0 8/1/2018 15:27:52
0,0,0,797,0,0 8/1/2018 15:27:52
0,9,0,796,0,0 8/1/2018 15:27:52
0,84,0,801,0,0 8/1/2018 15:27:52
0,188,0,806,0,0 8/1/2018 15:27:52
0,238,0,805,0,0 8/1/2018 15:27:52
0,295,0,809,0,0 8/1/2018 15:27:52
0,325,0,817,0,0 8/1/2018 15:27:52
0,354,0,822,0,0 8/1/2018 15:27:52
0,384,0,827,0,0 8/1/2018 15:27:52
0,413,0,835,0,0 8/1/2018 15:27:53
0,437,0,838,0,0 8/1/2018 15:27:53
0,458,0,837,0,0 8/1/2018 15:27:53
0,472,0,838,0,0 8/1/2018 15:27:53
0,510,0,840,0,0 8/1/2018 15:27:53
0,516,0,838,0,0 8/1/2018 15:27:53
0,527,0,837,0,0 8/1/2018 15:27:53
0,534,0,841,0,0 8/1/2018 15:27:53
0,550,0,838,0,0 8/1/2018 15:27:53
0,560,0,835,0,0 8/1/2018 15:27:53
0,557,0,830,4,0 8/1/2018 15:27:53
0,564,0,825,0,0 8/1/2018 15:27:53
0,575,0,822,0,0 8/1/2018 15:27:53
0,588,0,814,0,0 8/1/2018 15:27:53
0,588,0,810,0,0 8/1/2018 15:27:53
0,587,0,810,0,0 8/1/2018 15:27:53
0,579,0,804,0,0 8/1/2018 15:27:53
0,560,0,797,0,0 8/1/2018 15:27:53
0,538,0,794,0,0 8/1/2018 15:27:53
0,471,0,792,0,0 8/1/2018 15:27:53
0,365,0,789,0,0 8/1/2018 15:27:53
0,219,0,784,0,0 8/1/2018 15:27:53
0,202,0,774,0,0 8/1/2018 15:27:53
0,209,0,767,0,0 8/1/2018 15:27:54
0,137,0,767,0,0 8/1/2018 15:27:54
0,90,0,766,0,0 8/1/2018 15:27:54
0,39,0,768,0,0 8/1/2018 15:27:54
0,107,0,775,0,0 8/1/2018 15:27:54
0,158,0,778,0,0 8/1/2018 15:27:54
0,228,0,779,0,0 8/1/2018 15:27:54
0,266,0,779,1,0 8/1/2018 15:27:54
0,231,0,778,0,0 8/1/2018 15:27:54
0,225,0,777,0,0 8/1/2018 15:27:54
0,278,41,775,0,0 8/1/2018 15:27:54
0,279,41,768,0,0 8/1/2018 15:27:54
0,250,30,769,0,0 8/1/2018 15:27:54
0,222,30,771,0,0 8/1/2018 15:27:54
0,239,29,771,0,0 8/1/2018 15:27:54
0,235,30,767,0,0 8/1/2018 15:27:54
0,235,29,756,0,0 8/1/2018 15:27:54
0,200,29,759,0,0 8/1/2018 15:27:54
0,219,29,762,0,0 8/1/2018 15:27:54
0,224,29,763,0,0 8/1/2018 15:27:54
0,234,29,768,0,0 8/1/2018 15:27:54
0,251,29,768,0,0 8/1/2018 15:27:54
0,272,30,770,0,0 8/1/2018 15:27:55
0,284,32,771,0,0 8/1/2018 15:27:55
0,285,36,778,0,0 8/1/2018 15:27:55
0,312,28,784,0,0 8/1/2018 15:27:55
0,328,39,791,0,0 8/1/2018 15:27:55
0,353,74,798,0,0 8/1/2018 15:27:55
0,364,90,794,0,0 8/1/2018 15:27:55
0,382,94,792,0,0 8/1/2018 15:27:55
0,337,84,785,0,0 8/1/2018 15:27:55
0,310,72,785,0,0 8/1/2018 15:27:55
0,291,14,780,0,0 8/1/2018 15:27:55
0,272,10,776,0,0 8/1/2018 15:27:55
0,252,0,770,0,0 8/1/2018 15:27:55
0,219,0,755,0,0 8/1/2018 15:27:55
0,270,0,724,0,0 8/1/2018 15:27:55
0,363,0,725,0,0 8/1/2018 15:27:55
0,391,0,736,0,0 8/1/2018 15:27:55
0,443,0,742,0,0 8/1/2018 15:27:55
0,441,0,745,0,0 8/1/2018 15:27:55
0,429,0,747,0,0 8/1/2018 15:27:55
0,458,0,752,0,0 8/1/2018 15:27:55
0,493,0,753,0,0 8/1/2018 15:27:55
0,559,0,751,0,0 8/1/2018 15:27:55
0,614,0,748,0,0 8/1/2018 15:27:56
0,608,0,748,0,0 8/1/2018 15:27:56
0,603,0,750,0,0 8/1/2018 15:27:56
0,597,0,754,0,0 8/1/2018 15:27:56
0,613,0,761,0,0 8/1/2018 15:27:56
0,627,0,764,0,0 8/1/2018 15:27:56
0,635,0,768,0,0 8/1/2018 15:27:56
0,635,0,768,0,0 8/1/2018 15:27:56
0,631,0,770,0,0 8/1/2018 15:27:56
0,607,0,772,0,0 8/1/2018 15:27:56
0,516,0,768,0,0 8/1/2018 15:27:56
0,385,0,771,0,0 8/1/2018 15:27:56
0,317,0,767,0,0 8/1/2018 15:27:56
0,170,0,768,0,0 8/1/2018 15:27:56
0,77,0,771,0,0 8/1/2018 15:27:56
0,62,0,769,0,0 8/1/2018 15:27:56
0,99,0,768,0,0 8/1/2018 15:27:56
0,60,13,768,0,0 8/1/2018 15:27:56
0,49,18,763,0,0 8/1/2018 15:27:56
0,56,6,765,0,0 8/1/2018 15:27:56
0,53,0,768,0,0 8/1/2018 15:27:56
0,70,0,764,0,0 8/1/2018 15:27:56
0,95,0,762,0,0 8/1/2018 15:27:56
0,193,0,760,0,0 8/1/2018 15:27:57
0,213,0,756,0,0 8/1/2018 15:27:57
0,234,0,744,0,0 8/1/2018 15:27:57
0,280,0,739,0,0 8/1/2018 15:27:57
0,279,0,745,0,0 8/1/2018 15:27:57
0,289,0,751,0,0 8/1/2018 15:27:57
0,351,0,754,0,0 8/1/2018 15:27:57
0,352,0,766,0,0 8/1/2018 15:27:57
0,337,0,769,0,0 8/1/2018 15:27:57
0,345,0,777,0,0 8/1/2018 15:27:57
0,354,0,781,0,0 8/1/2018 15:27:57
0,357,0,787,0,0 8/1/2018 15:27:57
0,357,0,786,0,0 8/1/2018 15:27:57
0,362,0,787,0,0 8/1/2018 15:27:57
0,375,0,787,0,0 8/1/2018 15:27:57
0,347,0,773,0,0 8/1/2018 15:27:57
0,315,0,758,0,0 8/1/2018 15:27:57
0,332,0,749,0,0 8/1/2018 15:27:57
0,333,0,748,0,0 8/1/2018 15:27:57
0,333,0,749,0,0 8/1/2018 15:27:57
0,329,0,750,0,0 8/1/2018 15:27:57
0,328,0,757,0,0 8/1/2018 15:27:57
0,319,0,764,0,0 8/1/2018 15:27:57
0,317,0,767,0,0 8/1/2018 15:27:58
0,295,0,768,0,0 8/1/2018 15:27:58
0,257,0,771,0,0 8/1/2018 15:27:58
0,177,0,773,0,0 8/1/2018 15:27:58
0,145,0,779,0,0 8/1/2018 15:27:58
0,0,0,779,0,0 8/1/2018 15:27:58
0,0,8,782,0,0 8/1/2018 15:27:58
0,0,12,773,0,0 8/1/2018 15:27:58
0,0,3,760,0,0 8/1/2018 15:27:58
0,0,0,743,0,0 8/1/2018 15:27:58
0,0,7,724,0,0 8/1/2018 15:27:58
0,0,16,699,0,0 8/1/2018 15:27:58
0,0,39,685,0,0 8/1/2018 15:27:58
0,0,44,649,0,0 8/1/2018 15:27:58
0,14,38,607,0,0 8/1/2018 15:27:58
0,53,42,605,0,0 8/1/2018 15:27:58
0,56,42,588,0,0 8/1/2018 15:27:58
0,56,51,579,0,0 8/1/2018 15:27:58
0,35,41,596,0,0 8/1/2018 15:27:58
0,42,43,599,0,0 8/1/2018 15:27:58
0,33,51,643,0,0 8/1/2018 15:27:58
0,62,54,719,0,0 8/1/2018 15:27:58
0,78,71,769,0,0 8/1/2018 15:27:59
0,113,78,793,0,0 8/1/2018 15:27:59
0,119,101,765,0,0 8/1/2018 15:27:59
0,62,104,759,0,0 8/1/2018 15:27:59
0,160,120,754,0,0 8/1/2018 15:27:59
0,227,110,767,0,0 8/1/2018 15:27:59
0,226,112,740,0,0 8/1/2018 15:27:59
0,237,121,753,0,0 8/1/2018 15:27:59
0,291,131,732,0,0 8/1/2018 15:27:59
0,226,137,713,0,0 8/1/2018 15:27:59
0,179,129,695,0,0 8/1/2018 15:27:59
0,96,98,703,0,0 8/1/2018 15:27:59
0,25,0,627,0,0 8/1/2018 15:27:59
0,127,298,509,0,0 8/1/2018 15:27:59
0,257,512,401,0,0 8/1/2018 15:27:59
0,343,563,148,0,0 8/1/2018 15:27:59
0,364,578,0,0,0 8/1/2018 15:27:59
0,336,531,0,0,0 8/1/2018 15:27:59
0,246,357,0,0,0 8/1/2018 15:27:59
0,117,253,0,0,0 8/1/2018 15:27:59
0,21,176,0,0,0 8/1/2018 15:27:59
0,0,57,0,0,0 8/1/2018 15:27:59
0,0,30,0,0,0 8/1/2018 15:27:59
0,0,13,0,0,0 8/1/2018 15:28:0
0,0,33,0,0,0 8/1/2018 15:28:0
0,0,34,0,0,0 8/1/2018 15:28:0
0,7,33,0,0,0 8/1/2018 15:28:0
0,55,24,0,0,0 8/1/2018 15:28:0
0,60,0,0,0,0 8/1/2018 15:28:0
0,124,11,14,0,0 8/1/2018 15:28:0
0,159,0,45,0,0 8/1/2018 15:28:0
0,173,0,40,0,0 8/1/2018 15:28:0
0,210,0,27,0,0 8/1/2018 15:28:0
0,259,173,0,0,0 8/1/2018 15:28:0
0,248,393,0,0,0 8/1/2018 15:28:0
0,227,462,0,0,0 8/1/2018 15:28:0
0,253,498,0,0,0 8/1/2018 15:28:0
0,246,505,0,0,0 8/1/2018 15:28:0
0,176,478,0,0,0 8/1/2018 15:28:0
0,148,426,119,0,0 8/1/2018 15:28:0
0,134,407,427,0,0 8/1/2018 15:28:0
0,86,277,678,0,0 8/1/2018 15:28:0
0,73,102,729,0,0 8/1/2018 15:28:0
0,104,88,756,0,0 8/1/2018 15:28:0
0,110,52,768,0,0 8/1/2018 15:28:0
0,181,83,767,0,0 8/1/2018 15:28:0
0,401,63,763,0,0 8/1/2018 15:28:1
0,427,50,755,0,0 8/1/2018 15:28:1
0,348,72,726,0,0 8/1/2018 15:28:1
0,280,31,693,0,0 8/1/2018 15:28:1
0,308,25,685,0,0 8/1/2018 15:28:1
0,373,0,727,0,0 8/1/2018 15:28:1
0,406,0,752,0,0 8/1/2018 15:28:1
0,408,0,768,0,0 8/1/2018 15:28:1
0,452,0,789,0,0 8/1/2018 15:28:1
0,485,0,795,0,0 8/1/2018 15:28:1
0,496,0,799,0,0 8/1/2018 15:28:1
0,514,0,798,0,0 8/1/2018 15:28:1
0,526,0,798,0,0 8/1/2018 15:28:1
0,519,0,804,0,0 8/1/2018 15:28:1
0,498,0,808,0,0 8/1/2018 15:28:1
0,494,0,812,0,0 8/1/2018 15:28:1
0,482,16,817,0,0 8/1/2018 15:28:1
0,490,30,817,0,0 8/1/2018 15:28:1
0,496,36,822,0,0 8/1/2018 15:28:1
0,452,34,823,0,0 8/1/2018 15:28:1
0,413,15,824,0,0 8/1/2018 15:28:1
0,412,11,825,0,0 8/1/2018 15:28:1
0,394,13,825,0,0 8/1/2018 15:28:2
0,444,26,822,0,0 8/1/2018 15:28:2
0,441,31,823,0,0 8/1/2018 15:28:2
0,461,29,823,0,0 8/1/2018 15:28:2
0,459,26,822,0,0 8/1/2018 15:28:2
0,492,0,812,0,0 8/1/2018 15:28:2
0,531,0,793,0,0 8/1/2018 15:28:2
0,569,0,771,0,0 8/1/2018 15:28:2
0,586,0,770,0,0 8/1/2018 15:28:2
0,595,0,778,0,0 8/1/2018 15:28:2
0,596,0,782,0,0 8/1/2018 15:28:2
0,590,0,789,0,0 8/1/2018 15:28:2
0,582,0,800,0,0 8/1/2018 15:28:2
0,569,0,805,0,0 8/1/2018 15:28:2
0,541,0,809,0,0 8/1/2018 15:28:2
0,545,0,813,0,0 8/1/2018 15:28:2
0,548,0,817,0,0 8/1/2018 15:28:2
0,557,0,822,0,0 8/1/2018 15:28:2
0,554,0,824,0,0 8/1/2018 15:28:2
0,561,0,827,0,0 8/1/2018 15:28:2
0,577,0,831,0,0 8/1/2018 15:28:2
0,592,0,831,0,0 8/1/2018 15:28:2
0,598,0,834,0,0 8/1/2018 15:28:2
0,595,0,833,0,0 8/1/2018 15:28:3
0,607,0,829,0,0 8/1/2018 15:28:3
0,613,0,824,0,0 8/1/2018 15:28:3
0,621,0,802,0,0 8/1/2018 15:28:3
0,628,0,780,0,0 8/1/2018 15:28:3
0,633,0,776,0,0 8/1/2018 15:28:3
0,637,0,764,0,0 8/1/2018 15:28:3
0,635,0,755,0,0 8/1/2018 15:28:3
0,629,0,738,0,0 8/1/2018 15:28:3
0,609,0,746,0,0 8/1/2018 15:28:3
0,587,0,751,0,0 8/1/2018 15:28:3
0,583,0,770,0,0 8/1/2018 15:28:3
0,590,0,784,0,0 8/1/2018 15:28:3
0,587,0,797,0,0 8/1/2018 15:28:3
0,588,0,804,0,0 8/1/2018 15:28:3
0,595,0,800,0,0 8/1/2018 15:28:3
0,606,0,811,0,0 8/1/2018 15:28:3
0,618,0,816,0,0 8/1/2018 15:28:3
0,615,0,816,0,0 8/1/2018 15:28:3
0,612,0,820,0,0 8/1/2018 15:28:3
0,612,0,822,0,0 8/1/2018 15:28:3
0,606,0,823,0,0 8/1/2018 15:28:3
0,615,0,823,0,0 8/1/2018 15:28:3
0,613,0,826,0,0 8/1/2018 15:28:4
0,611,0,821,0,0 8/1/2018 15:28:4
0,611,0,821,0,0 8/1/2018 15:28:4
0,609,0,820,0,0 8/1/2018 15:28:4
0,607,0,820,0,0 8/1/2018 15:28:4
0,601,0,823,0,0 8/1/2018 15:28:4
0,597,0,825,0,0 8/1/2018 15:28:4
0,583,0,827,0,0 8/1/2018 15:28:4
0,555,0,826,0,0 8/1/2018 15:28:4
0,535,0,827,0,0 8/1/2018 15:28:4
0,483,0,826,0,0 8/1/2018 15:28:4
0,431,0,824,0,0 8/1/2018 15:28:4
0,423,0,823,0,0 8/1/2018 15:28:4
0,404,0,822,0,0 8/1/2018 15:28:4
0,408,0,825,0,0 8/1/2018 15:28:4
0,400,0,827,0,0 8/1/2018 15:28:4
0,415,0,826,0,0 8/1/2018 15:28:4
0,394,0,826,0,0 8/1/2018 15:28:4
0,393,0,828,0,0 8/1/2018 15:28:4
0,378,0,829,0,0 8/1/2018 15:28:4
0,400,0,829,0,0 8/1/2018 15:28:4
0,405,0,829,0,0 8/1/2018 15:28:4
0,398,0,829,0,0 8/1/2018 15:28:4
0,401,0,830,0,0 8/1/2018 15:28:5
0,408,0,830,0,0 8/1/2018 15:28:5
0,418,0,830,0,0 8/1/2018 15:28:5
0,403,0,829,0,0 8/1/2018 15:28:5
0,403,0,830,0,0 8/1/2018 15:28:5
0,411,0,829,0,0 8/1/2018 15:28:5
0,398,0,829,0,0 8/1/2018 15:28:5
0,409,0,827,0,2 8/1/2018 15:28:5
0,420,10,827,0,0 8/1/2018 15:28:5
0,432,25,828,0,0 8/1/2018 15:28:5
0,409,19,829,0,0 8/1/2018 15:28:5
0,386,0,829,0,0 8/1/2018 15:28:5
0,379,0,827,0,0 8/1/2018 15:28:5
0,340,0,831,0,0 8/1/2018 15:28:5
0,334,0,830,0,0 8/1/2018 15:28:5
0,389,0,829,0,0 8/1/2018 15:28:5
0,449,0,831,0,0 8/1/2018 15:28:5
0,484,0,830,0,0 8/1/2018 15:28:5
0,493,0,827,0,0 8/1/2018 15:28:5
0,494,0,824,0,0 8/1/2018 15:28:5
0,497,0,820,0,0 8/1/2018 15:28:5
0,456,0,816,0,0 8/1/2018 15:28:5
0,436,0,808,0,0 8/1/2018 15:28:6
0,444,20,809,0,0 8/1/2018 15:28:6
0,499,33,815,0,0 8/1/2018 15:28:6
0,557,0,818,0,0 8/1/2018 15:28:6
0,595,2,820,0,0 8/1/2018 15:28:6
0,600,0,822,0,0 8/1/2018 15:28:6
0,593,0,825,0,0 8/1/2018 15:28:6
0,595,0,826,0,0 8/1/2018 15:28:6
0,568,0,826,0,0 8/1/2018 15:28:6
0,541,0,825,0,0 8/1/2018 15:28:6
0,538,0,824,0,0 8/1/2018 15:28:6
0,519,8,823,0,0 8/1/2018 15:28:6
0,501,12,822,0,0 8/1/2018 15:28:6
0,495,13,822,0,0 8/1/2018 15:28:6
0,477,13,822,0,0 8/1/2018 15:28:6
0,436,34,820,0,0 8/1/2018 15:28:6
0,429,17,822,0,0 8/1/2018 15:28:6
0,427,42,823,0,0 8/1/2018 15:28:6
0,439,31,825,0,0 8/1/2018 15:28:6
0,420,29,827,0,0 8/1/2018 15:28:6
0,422,44,830,0,0 8/1/2018 15:28:6
0,403,37,833,0,0 8/1/2018 15:28:6
0,383,4,833,0,0 8/1/2018 15:28:6
0,393,0,834,0,0 8/1/2018 15:28:7
0,410,0,834,0,0 8/1/2018 15:28:7
0,415,0,836,0,0 8/1/2018 15:28:7
0,434,0,836,0,0 8/1/2018 15:28:7
0,439,0,836,0,0 8/1/2018 15:28:7
0,447,0,836,0,0 8/1/2018 15:28:7
0,444,0,837,0,0 8/1/2018 15:28:7
0,473,0,836,0,0 8/1/2018 15:28:7
0,482,0,835,0,0 8/1/2018 15:28:7
0,482,0,836,0,0 8/1/2018 15:28:7
0,481,0,834,0,0 8/1/2018 15:28:7
0,482,0,834,0,0 8/1/2018 15:28:7
0,489,0,836,0,0 8/1/2018 15:28:7
0,489,0,833,0,0 8/1/2018 15:28:7
0,491,0,834,0,0 8/1/2018 15:28:7
0,503,0,834,0,0 8/1/2018 15:28:7
0,507,0,835,0,0 8/1/2018 15:28:7
0,517,0,842,0,0 8/1/2018 15:28:7
0,520,0,836,0,0 8/1/2018 15:28:7
0,525,0,835,0,0 8/1/2018 15:28:7
0,523,0,835,0,0 8/1/2018 15:28:7
0,526,0,837,0,0 8/1/2018 15:28:7
0,521,0,837,0,0 8/1/2018 15:28:7
0,516,0,836,0,0 8/1/2018 15:28:8
0,519,0,836,0,0 8/1/2018 15:28:8
0,520,0,837,0,0 8/1/2018 15:28:8
0,518,0,837,0,0 8/1/2018 15:28:8
0,527,0,836,0,0 8/1/2018 15:28:8
0,523,0,837,0,0 8/1/2018 15:28:8
0,521,0,836,0,0 8/1/2018 15:28:8
0,522,0,837,0,0 8/1/2018 15:28:8
0,516,0,839,0,0 8/1/2018 15:28:8
0,512,0,838,0,0 8/1/2018 15:28:8
0,521,0,837,0,0 8/1/2018 15:28:8
0,515,0,837,0,0 8/1/2018 15:28:8
0,508,0,837,0,0 8/1/2018 15:28:8
0,511,0,838,0,0 8/1/2018 15:28:8
0,521,0,837,0,0 8/1/2018 15:28:8
0,516,0,838,0,0 8/1/2018 15:28:8
0,516,0,838,0,0 8/1/2018 15:28:8
0,517,0,837,0,0 8/1/2018 15:28:8
0,510,0,837,0,0 8/1/2018 15:28:8
0,511,0,837,0,0 8/1/2018 15:28:8
0,507,0,835,0,0 8/1/2018 15:28:8
0,509,0,834,0,0 8/1/2018 15:28:8
0,505,0,834,0,0 8/1/2018 15:28:8
0,495,0,834,0,0 8/1/2018 15:28:9
0,484,0,831,0,0 8/1/2018 15:28:9
0,493,0,832,0,0 8/1/2018 15:28:9
0,489,0,832,0,0 8/1/2018 15:28:9
0,478,0,831,0,0 8/1/2018 15:28:9
0,466,0,829,0,0 8/1/2018 15:28:9
0,462,0,830,0,0 8/1/2018 15:28:9
0,465,0,830,0,0 8/1/2018 15:28:9
0,457,0,831,0,0 8/1/2018 15:28:9
0,466,0,831,0,0 8/1/2018 15:28:9
0,471,0,831,0,0 8/1/2018 15:28:9
0,477,0,833,0,0 8/1/2018 15:28:9
0,485,0,834,0,0 8/1/2018 15:28:9
0,501,44,836,0,0 8/1/2018 15:28:9
0,508,40,836,1,0 8/1/2018 15:28:9
0,517,41,835,0,0 8/1/2018 15:28:9
0,521,55,836,0,0 8/1/2018 15:28:9
0,523,66,837,0,0 8/1/2018 15:28:9
0,532,76,837,0,0 8/1/2018 15:28:9
0,541,78,837,0,0 8/1/2018 15:28:9
0,542,54,838,0,0 8/1/2018 15:28:9
0,523,5,836,0,0 8/1/2018 15:28:9
0,478,0,833,0,0 8/1/2018 15:28:10
0,452,0,832,0,0 8/1/2018 15:28:10
0,432,0,831,0,0 8/1/2018 15:28:10
0,436,0,832,0,0 8/1/2018 15:28:10
0,439,0,831,0,0 8/1/2018 15:28:10
0,427,0,829,0,0 8/1/2018 15:28:10
0,438,0,830,0,0 8/1/2018 15:28:10
0,427,0,831,0,0 8/1/2018 15:28:10
0,440,0,830,0,0 8/1/2018 15:28:10
0,395,0,826,0,0 8/1/2018 15:28:10
0,388,0,822,0,0 8/1/2018 15:28:10
0,356,0,815,0,0 8/1/2018 15:28:10
0,356,0,815,0,0 8/1/2018 15:28:10
0,340,0,815,0,0 8/1/2018 15:28:10
0,341,0,813,0,0 8/1/2018 15:28:10
0,358,0,818,0,0 8/1/2018 15:28:10
0,353,0,824,0,0 8/1/2018 15:28:10
0,347,0,822,0,0 8/1/2018 15:28:10
0,345,0,822,0,0 8/1/2018 15:28:10
0,369,0,820,0,0 8/1/2018 15:28:10
0,353,0,814,0,0 8/1/2018 15:28:10
0,348,0,808,0,0 8/1/2018 15:28:10
0,335,0,798,0,0 8/1/2018 15:28:10
0,330,0,779,0,0 8/1/2018 15:28:11
0,305,0,770,0,0 8/1/2018 15:28:11
0,302,0,768,0,0 8/1/2018 15:28:11
0,279,0,757,0,0 8/1/2018 15:28:11
0,294,0,759,0,0 8/1/2018 15:28:11
0,270,0,761,0,0 8/1/2018 15:28:11
0,249,0,784,0,0 8/1/2018 15:28:11
0,251,22,792,0,0 8/1/2018 15:28:11
0,268,27,797,0,0 8/1/2018 15:28:11
0,252,29,786,0,0 8/1/2018 15:28:11
0,259,35,775,0,0 8/1/2018 15:28:11
0,273,34,768,0,0 8/1/2018 15:28:11
0,269,33,761,0,0 8/1/2018 15:28:11
0,269,24,751,0,0 8/1/2018 15:28:11
0,262,28,742,0,0 8/1/2018 15:28:11
0,269,29,705,0,0 8/1/2018 15:28:11
0,277,28,655,0,0 8/1/2018 15:28:11
0,275,29,674,0,0 8/1/2018 15:28:11
0,267,29,661,0,0 8/1/2018 15:28:11
0,275,28,654,0,0 8/1/2018 15:28:11
0,270,25,664,0,0 8/1/2018 15:28:11
0,293,31,639,0,0 8/1/2018 15:28:11
0,316,29,636,0,0 8/1/2018 15:28:11
0,333,27,632,0,0 8/1/2018 15:28:12
0,339,27,638,0,0 8/1/2018 15:28:12
0,355,26,661,0,0 8/1/2018 15:28:12
0,367,42,690,0,0 8/1/2018 15:28:12
0,372,38,702,0,0 8/1/2018 15:28:12
0,404,33,730,0,0 8/1/2018 15:28:12
0,386,46,737,0,0 8/1/2018 15:28:12
0,408,53,778,0,0 8/1/2018 15:28:12
0,421,53,812,0,0 8/1/2018 15:28:12
0,447,57,833,0,0 8/1/2018 15:28:12
0,467,53,850,0,0 8/1/2018 15:28:12
0,400,49,858,0,0 8/1/2018 15:28:12
0,343,60,858,0,0 8/1/2018 15:28:12
0,270,106,844,0,0 8/1/2018 15:28:12
0,239,249,796,0,0 8/1/2018 15:28:12
0,245,331,755,0,0 8/1/2018 15:28:12
0,306,343,741,0,0 8/1/2018 15:28:12
0,375,327,724,0,0 8/1/2018 15:28:12
0,392,329,680,0,0 8/1/2018 15:28:12
0,384,302,666,0,0 8/1/2018 15:28:12
0,386,274,679,0,0 8/1/2018 15:28:12
0,364,213,705,0,0 8/1/2018 15:28:12
0,312,145,746,0,0 8/1/2018 15:28:13
0,277,190,782,0,0 8/1/2018 15:28:13
0,291,191,804,0,0 8/1/2018 15:28:13
0,310,247,833,0,0 8/1/2018 15:28:13
0,348,334,845,0,0 8/1/2018 15:28:13
0,353,352,855,0,0 8/1/2018 15:28:13
0,382,348,853,0,0 8/1/2018 15:28:13
0,427,418,852,0,0 8/1/2018 15:28:13
0,464,428,854,0,0 8/1/2018 15:28:13
0,474,415,852,0,0 8/1/2018 15:28:13
0,494,397,841,0,0 8/1/2018 15:28:13
0,463,344,788,0,0 8/1/2018 15:28:13
0,454,335,740,0,0 8/1/2018 15:28:13
0,439,312,731,0,0 8/1/2018 15:28:13
0,433,325,734,0,0 8/1/2018 15:28:13
0,434,377,741,0,0 8/1/2018 15:28:13
0,462,404,743,0,0 8/1/2018 15:28:13
0,470,420,744,0,0 8/1/2018 15:28:13
0,439,452,733,0,0 8/1/2018 15:28:13
0,437,485,726,0,0 8/1/2018 15:28:13
0,395,507,725,0,0 8/1/2018 15:28:13
0,420,520,720,0,0 8/1/2018 15:28:13
0,412,519,695,0,0 8/1/2018 15:28:13
0,398,498,710,0,0 8/1/2018 15:28:14
0,377,462,740,0,0 8/1/2018 15:28:14
0,352,392,776,0,0 8/1/2018 15:28:14
0,316,338,808,0,0 8/1/2018 15:28:14
0,277,291,818,0,0 8/1/2018 15:28:14
0,227,216,825,0,0 8/1/2018 15:28:14
0,227,117,826,0,0 8/1/2018 15:28:14
0,198,70,816,0,0 8/1/2018 15:28:14
0,196,68,802,0,0 8/1/2018 15:28:14
0,150,64,785,0,0 8/1/2018 15:28:14
0,160,36,776,0,0 8/1/2018 15:28:14
0,193,37,782,0,0 8/1/2018 15:28:14
0,161,40,781,0,0 8/1/2018 15:28:14
0,159,45,786,0,0 8/1/2018 15:28:14
0,152,68,777,0,0 8/1/2018 15:28:14
0,159,246,765,0,0 8/1/2018 15:28:14
0,143,354,742,0,0 8/1/2018 15:28:14
0,181,424,713,0,0 8/1/2018 15:28:14
0,239,436,670,0,0 8/1/2018 15:28:14
0,283,418,635,0,0 8/1/2018 15:28:14
0,293,383,613,0,0 8/1/2018 15:28:14
0,293,276,592,0,0 8/1/2018 15:28:14
0,230,195,619,0,0 8/1/2018 15:28:14
0,183,51,637,0,0 8/1/2018 15:28:15
0,222,37,667,0,0 8/1/2018 15:28:15
0,196,0,685,0,0 8/1/2018 15:28:15
0,190,0,688,0,0 8/1/2018 15:28:15
0,201,0,671,0,0 8/1/2018 15:28:15
0,202,20,618,0,0 8/1/2018 15:28:15
0,195,31,560,0,0 8/1/2018 15:28:15
0,190,31,498,0,0 8/1/2018 15:28:15
0,189,1,461,0,0 8/1/2018 15:28:15
0,180,0,462,0,0 8/1/2018 15:28:15
0,187,1,461,0,0 8/1/2018 15:28:15
0,205,5,473,0,0 8/1/2018 15:28:15
0,218,19,493,0,0 8/1/2018 15:28:15
0,229,33,524,0,0 8/1/2018 15:28:15
0,250,48,565,0,0 8/1/2018 15:28:15
0,254,54,599,0,0 8/1/2018 15:28:15
0,246,79,706,0,0 8/1/2018 15:28:15
0,259,81,754,0,0 8/1/2018 15:28:15
0,257,92,774,0,0 8/1/2018 15:28:15
0,239,106,770,0,0 8/1/2018 15:28:15
0,246,117,778,0,0 8/1/2018 15:28:15
0,250,117,778,0,0 8/1/2018 15:28:15
0,252,116,773,0,0 8/1/2018 15:28:15
0,253,104,768,0,0 8/1/2018 15:28:16
0,259,104,737,0,0 8/1/2018 15:28:16
0,226,103,728,0,0 8/1/2018 15:28:16
0,232,102,741,0,0 8/1/2018 15:28:16
0,237,98,747,0,0 8/1/2018 15:28:16
0,248,102,748,0,0 8/1/2018 15:28:16
0,250,104,752,0,0 8/1/2018 15:28:16
0,265,113,757,0,0 8/1/2018 15:28:16
0,266,111,756,0,0 8/1/2018 15:28:16
0,268,104,758,0,0 8/1/2018 15:28:16
0,272,105,760,0,0 8/1/2018 15:28:16
0,269,106,761,0,0 8/1/2018 15:28:16
0,269,112,765,0,0 8/1/2018 15:28:16
0,272,112,766,0,0 8/1/2018 15:28:16
0,273,115,768,0,0 8/1/2018 15:28:16
