0,0,29,0,0,0 8/1/2018 15:54:50
0,0,0,0,0,0 8/1/2018 15:54:50
0,0,0,0,0,0 8/1/2018 15:54:50
0,0,0,0,0,0 8/1/2018 15:54:50
0,5,0,0,0,0 8/1/2018 15:54:50
0,7,0,0,0,0 8/1/2018 15:54:50
0,1,0,0,0,0 8/1/2018 15:54:50
0,5,7,0,0,0 8/1/2018 15:54:50
0,6,43,0,0,0 8/1/2018 15:54:50
0,4,165,0,0,0 8/1/2018 15:54:50
0,4,245,0,0,0 8/1/2018 15:54:50
0,5,219,0,0,0 8/1/2018 15:54:50
0,0,202,97,0,0 8/1/2018 15:54:50
0,8,211,397,0,0 8/1/2018 15:54:50
0,1,188,548,0,0 8/1/2018 15:54:50
0,20,227,532,0,0 8/1/2018 15:54:50
0,20,222,444,0,0 8/1/2018 15:54:51
0,20,172,120,0,0 8/1/2018 15:54:51
0,0,136,43,0,0 8/1/2018 15:54:51
0,0,48,0,0,0 8/1/2018 15:54:51
0,0,31,0,0,0 8/1/2018 15:54:51
0,0,31,0,0,0 8/1/2018 15:54:51
0,2,34,0,0,0 8/1/2018 15:54:51
0,10,21,0,0,0 8/1/2018 15:54:51
0,16,0,0,0,0 8/1/2018 15:54:51
0,0,0,0,0,0 8/1/2018 15:54:51
0,0,0,0,0,0 8/1/2018 15:54:51
0,0,48,0,0,0 8/1/2018 15:54:51
0,0,38,0,0,0 8/1/2018 15:54:51
0,0,244,0,0,0 8/1/2018 15:54:51
0,0,287,0,0,0 8/1/2018 15:54:51
0,0,202,1,0,0 8/1/2018 15:54:51
0,0,52,0,0,0 8/1/2018 15:54:51
0,0,0,0,0,0 8/1/2018 15:54:51
0,0,56,0,0,0 8/1/2018 15:54:51
0,0,113,0,0,0 8/1/2018 15:54:51
0,19,141,0,0,0 8/1/2018 15:54:51
0,22,156,0,0,0 8/1/2018 15:54:51
0,10,163,0,0,0 8/1/2018 15:54:51
0,0,157,0,0,0 8/1/2018 15:54:52
0,0,144,0,0,0 8/1/2018 15:54:52
0,0,155,0,0,0 8/1/2018 15:54:52
0,0,90,0,0,0 8/1/2018 15:54:52
0,0,49,0,0,0 8/1/2018 15:54:52
0,0,58,0,0,0 8/1/2018 15:54:52
0,0,56,0,0,0 8/1/2018 15:54:52
0,0,38,0,0,0 8/1/2018 15:54:52
0,0,19,0,0,0 8/1/2018 15:54:52
0,0,15,0,0,0 8/1/2018 15:54:52
0,0,0,0,0,0 8/1/2018 15:54:52
0,9,0,0,0,0 8/1/2018 15:54:52
0,7,97,0,0,0 8/1/2018 15:54:52
0,163,136,0,0,0 8/1/2018 15:54:52
0,202,132,0,0,0 8/1/2018 15:54:52
0,204,105,0,0,0 8/1/2018 15:54:52
0,210,129,190,0,0 8/1/2018 15:54:52
0,211,121,749,0,0 8/1/2018 15:54:52
0,214,130,802,0,0 8/1/2018 15:54:52
0,217,157,837,0,0 8/1/2018 15:54:52
0,208,131,815,0,0 8/1/2018 15:54:52
0,210,65,745,0,0 8/1/2018 15:54:52
0,18,69,718,0,0 8/1/2018 15:54:52
0,57,69,555,0,0 8/1/2018 15:54:53
0,49,54,402,0,0 8/1/2018 15:54:53
0,0,0,635,0,0 8/1/2018 15:54:53
0,0,0,616,0,0 8/1/2018 15:54:53
0,0,0,447,0,0 8/1/2018 15:54:53
0,0,0,184,0,0 8/1/2018 15:54:53
0,0,0,0,0,0 8/1/2018 15:54:53
0,0,0,0,0,0 8/1/2018 15:54:53
0,0,0,0,0,0 8/1/2018 15:54:53
0,0,0,0,0,0 8/1/2018 15:54:53
0,0,0,0,0,0 8/1/2018 15:54:53
0,0,0,0,0,0 8/1/2018 15:54:53
0,0,0,0,0,0 8/1/2018 15:54:53
0,0,0,0,0,0 8/1/2018 15:54:53
0,0,0,210,0,0 8/1/2018 15:54:53
0,0,0,469,0,0 8/1/2018 15:54:53
0,0,0,511,0,0 8/1/2018 15:54:53
0,0,0,460,0,0 8/1/2018 15:54:53
0,0,74,0,0,0 8/1/2018 15:54:53
0,0,122,0,0,0 8/1/2018 15:54:53
0,0,126,0,0,0 8/1/2018 15:54:53
0,0,133,0,0,0 8/1/2018 15:54:53
0,0,93,0,0,0 8/1/2018 15:54:53
0,0,63,0,0,0 8/1/2018 15:54:54
0,0,5,0,0,0 8/1/2018 15:54:54
0,0,0,0,0,0 8/1/2018 15:54:54
0,0,0,0,0,0 8/1/2018 15:54:54
0,0,0,97,0,0 8/1/2018 15:54:54
0,0,0,38,0,0 8/1/2018 15:54:54
0,0,0,0,0,0 8/1/2018 15:54:54
0,0,0,0,0,0 8/1/2018 15:54:54
0,0,0,0,0,0 8/1/2018 15:54:54
0,0,0,0,0,0 8/1/2018 15:54:54
0,0,29,0,0,0 8/1/2018 15:54:54
0,0,44,0,0,0 8/1/2018 15:54:54
0,0,40,0,0,0 8/1/2018 15:54:54
0,0,38,0,0,0 8/1/2018 15:54:54
0,0,36,0,0,0 8/1/2018 15:54:54
0,0,25,0,0,0 8/1/2018 15:54:54
0,0,46,0,0,0 8/1/2018 15:54:54
0,0,43,0,0,0 8/1/2018 15:54:54
0,0,71,0,0,0 8/1/2018 15:54:54
0,0,47,0,0,0 8/1/2018 15:54:54
0,0,0,0,0,0 8/1/2018 15:54:54
0,0,41,0,0,0 8/1/2018 15:54:54
0,0,48,0,0,0 8/1/2018 15:54:55
0,0,0,0,0,0 8/1/2018 15:54:55
0,0,5,671,0,0 8/1/2018 15:54:55
0,0,7,524,0,0 8/1/2018 15:54:55
0,0,0,0,0,0 8/1/2018 15:54:55
0,0,0,0,0,0 8/1/2018 15:54:55
0,0,0,0,0,0 8/1/2018 15:54:55
0,0,0,0,0,0 8/1/2018 15:54:55
0,0,0,0,0,0 8/1/2018 15:54:55
0,0,0,0,0,0 8/1/2018 15:54:55
0,0,0,0,0,0 8/1/2018 15:54:55
0,0,0,0,0,0 8/1/2018 15:54:55
0,0,13,0,0,0 8/1/2018 15:54:55
0,0,29,0,0,0 8/1/2018 15:54:55
0,0,0,0,0,0 8/1/2018 15:54:55
0,0,0,0,0,0 8/1/2018 15:54:55
0,0,0,0,0,0 8/1/2018 15:54:55
0,0,0,0,0,0 8/1/2018 15:54:55
0,0,0,0,0,0 8/1/2018 15:54:55
0,0,0,0,0,0 8/1/2018 15:54:55
0,0,0,0,0,0 8/1/2018 15:54:55
0,0,0,0,0,0 8/1/2018 15:54:55
0,0,0,0,0,0 8/1/2018 15:54:55
0,0,0,0,0,0 8/1/2018 15:54:56
0,0,47,0,0,0 8/1/2018 15:54:56
0,0,68,0,0,0 8/1/2018 15:54:56
0,0,98,0,0,0 8/1/2018 15:54:56
0,108,108,0,0,0 8/1/2018 15:54:56
0,86,128,0,0,0 8/1/2018 15:54:56
0,139,173,0,0,0 8/1/2018 15:54:56
0,159,185,114,0,0 8/1/2018 15:54:56
0,161,229,227,0,0 8/1/2018 15:54:56
0,166,234,253,0,0 8/1/2018 15:54:56
0,174,222,292,0,0 8/1/2018 15:54:56
0,158,146,311,0,0 8/1/2018 15:54:56
0,0,73,463,0,0 8/1/2018 15:54:56
0,0,57,432,0,0 8/1/2018 15:54:56
0,0,31,311,0,0 8/1/2018 15:54:56
0,0,0,0,0,0 8/1/2018 15:54:56
0,0,0,0,0,0 8/1/2018 15:54:56
0,0,84,0,0,0 8/1/2018 15:54:56
0,0,387,0,0,0 8/1/2018 15:54:56
0,0,476,0,0,0 8/1/2018 15:54:56
0,0,490,0,0,0 8/1/2018 15:54:56
0,0,401,0,0,0 8/1/2018 15:54:56
0,0,203,0,0,0 8/1/2018 15:54:56
0,0,0,0,0,0 8/1/2018 15:54:57
0,0,22,0,0,0 8/1/2018 15:54:57
0,0,0,0,0,0 8/1/2018 15:54:57
0,0,0,0,0,0 8/1/2018 15:54:57
0,0,0,0,0,0 8/1/2018 15:54:57
0,0,0,3,0,0 8/1/2018 15:54:57
0,0,2,213,0,0 8/1/2018 15:54:57
0,0,43,295,0,0 8/1/2018 15:54:57
0,0,50,307,0,0 8/1/2018 15:54:57
0,0,7,293,0,0 8/1/2018 15:54:57
0,0,7,321,0,0 8/1/2018 15:54:57
0,0,0,344,0,0 8/1/2018 15:54:57
0,0,0,324,0,0 8/1/2018 15:54:57
0,0,0,348,0,0 8/1/2018 15:54:57
0,0,0,326,0,0 8/1/2018 15:54:57
0,0,0,308,0,0 8/1/2018 15:54:57
0,0,0,297,0,0 8/1/2018 15:54:57
0,0,0,303,0,0 8/1/2018 15:54:57
0,0,0,297,0,0 8/1/2018 15:54:57
0,0,0,311,0,0 8/1/2018 15:54:57
0,0,0,328,0,0 8/1/2018 15:54:57
0,0,0,345,0,0 8/1/2018 15:54:57
0,0,0,408,0,0 8/1/2018 15:54:58
0,0,15,417,0,0 8/1/2018 15:54:58
0,0,24,422,0,0 8/1/2018 15:54:58
0,0,43,454,0,0 8/1/2018 15:54:58
0,0,63,439,0,0 8/1/2018 15:54:58
0,0,99,434,0,0 8/1/2018 15:54:58
0,0,46,0,0,0 8/1/2018 15:54:58
0,0,7,0,0,0 8/1/2018 15:54:58
0,1,0,0,0,0 8/1/2018 15:54:58
0,0,0,0,0,0 8/1/2018 15:54:58
0,0,0,0,0,0 8/1/2018 15:54:58
0,0,0,0,0,0 8/1/2018 15:54:58
0,0,0,224,0,0 8/1/2018 15:54:58
0,0,11,366,0,0 8/1/2018 15:54:58
0,0,35,468,0,0 8/1/2018 15:54:58
0,0,67,535,0,0 8/1/2018 15:54:58
0,0,151,455,0,0 8/1/2018 15:54:58
0,0,259,338,0,0 8/1/2018 15:54:58
0,0,384,249,0,0 8/1/2018 15:54:58
0,0,484,323,0,0 8/1/2018 15:54:58
0,0,535,413,0,0 8/1/2018 15:54:58
0,0,566,396,0,0 8/1/2018 15:54:58
0,0,588,384,0,0 8/1/2018 15:54:58
0,0,603,337,0,0 8/1/2018 15:54:59
0,0,549,291,0,0 8/1/2018 15:54:59
0,0,415,365,0,0 8/1/2018 15:54:59
0,0,253,407,0,0 8/1/2018 15:54:59
0,0,67,383,0,0 8/1/2018 15:54:59
0,0,38,289,0,0 8/1/2018 15:54:59
0,0,30,39,0,0 8/1/2018 15:54:59
0,0,30,0,0,0 8/1/2018 15:54:59
0,0,6,143,0,0 8/1/2018 15:54:59
0,0,0,382,0,0 8/1/2018 15:54:59
0,0,0,371,0,0 8/1/2018 15:54:59
0,0,0,420,0,0 8/1/2018 15:54:59
0,0,0,238,0,0 8/1/2018 15:54:59
0,0,0,0,0,0 8/1/2018 15:54:59
0,0,0,0,0,0 8/1/2018 15:54:59
0,0,0,0,0,0 8/1/2018 15:54:59
0,0,30,0,0,0 8/1/2018 15:54:59
0,0,76,0,0,0 8/1/2018 15:54:59
0,0,69,36,0,0 8/1/2018 15:54:59
0,0,103,122,0,0 8/1/2018 15:54:59
0,0,137,192,0,0 8/1/2018 15:54:59
0,0,199,278,0,0 8/1/2018 15:54:59
0,0,147,356,0,0 8/1/2018 15:54:59
0,0,14,460,0,0 8/1/2018 15:55:0
0,0,0,571,0,0 8/1/2018 15:55:0
0,0,0,609,0,0 8/1/2018 15:55:0
0,0,0,642,0,0 8/1/2018 15:55:0
0,0,0,675,0,0 8/1/2018 15:55:0
0,0,30,687,0,0 8/1/2018 15:55:0
0,0,52,694,0,0 8/1/2018 15:55:0
0,0,72,692,0,0 8/1/2018 15:55:0
0,0,111,714,0,0 8/1/2018 15:55:0
0,0,111,712,0,0 8/1/2018 15:55:0
0,0,33,647,0,0 8/1/2018 15:55:0
0,0,0,354,0,0 8/1/2018 15:55:0
0,0,0,0,0,0 8/1/2018 15:55:0
0,0,0,48,0,0 8/1/2018 15:55:0
0,0,0,115,0,0 8/1/2018 15:55:0
0,0,0,122,0,0 8/1/2018 15:55:0
0,0,0,94,0,0 8/1/2018 15:55:0
0,0,0,42,0,0 8/1/2018 15:55:0
0,0,0,11,0,0 8/1/2018 15:55:0
0,0,0,12,0,0 8/1/2018 15:55:0
0,0,14,22,0,0 8/1/2018 15:55:0
0,0,48,120,0,0 8/1/2018 15:55:0
0,0,61,217,0,0 8/1/2018 15:55:0
0,0,116,261,0,0 8/1/2018 15:55:1
0,0,201,304,0,0 8/1/2018 15:55:1
0,0,257,273,0,0 8/1/2018 15:55:1
0,0,265,323,0,0 8/1/2018 15:55:1
0,0,253,363,0,0 8/1/2018 15:55:1
0,0,207,387,0,0 8/1/2018 15:55:1
0,0,198,310,0,0 8/1/2018 15:55:1
0,0,187,302,0,0 8/1/2018 15:55:1
0,0,164,241,0,0 8/1/2018 15:55:1
0,0,184,285,0,0 8/1/2018 15:55:1
0,0,175,399,0,0 8/1/2018 15:55:1
0,0,143,436,0,0 8/1/2018 15:55:1
0,0,0,362,0,0 8/1/2018 15:55:1
0,0,0,228,0,0 8/1/2018 15:55:1
0,0,0,159,0,0 8/1/2018 15:55:1
0,0,0,73,0,0 8/1/2018 15:55:1
0,0,0,21,0,0 8/1/2018 15:55:1
0,0,5,0,0,0 8/1/2018 15:55:1
0,0,0,0,0,0 8/1/2018 15:55:1
0,0,7,0,0,0 8/1/2018 15:55:1
0,0,82,0,0,0 8/1/2018 15:55:1
0,0,328,0,0,0 8/1/2018 15:55:1
0,0,412,0,0,0 8/1/2018 15:55:2
0,0,580,0,0,0 8/1/2018 15:55:2
0,0,691,0,0,0 8/1/2018 15:55:2
0,0,717,0,0,0 8/1/2018 15:55:2
0,0,716,0,0,0 8/1/2018 15:55:2
0,0,721,0,0,0 8/1/2018 15:55:2
0,0,699,0,0,0 8/1/2018 15:55:2
0,0,601,0,0,0 8/1/2018 15:55:2
0,0,621,0,0,0 8/1/2018 15:55:2
0,0,655,0,0,0 8/1/2018 15:55:2
0,0,664,113,0,0 8/1/2018 15:55:2
0,0,649,469,0,0 8/1/2018 15:55:2
0,0,642,516,0,0 8/1/2018 15:55:2
0,0,622,465,0,0 8/1/2018 15:55:2
0,0,651,487,0,0 8/1/2018 15:55:2
0,0,662,493,0,0 8/1/2018 15:55:2
0,0,673,528,0,0 8/1/2018 15:55:2
0,0,655,582,0,0 8/1/2018 15:55:2
0,0,645,584,0,0 8/1/2018 15:55:2
0,0,512,469,0,0 8/1/2018 15:55:2
