0,0,0,0,0,0 8/3/2018 12:23:20
0,0,0,0,0,0 8/3/2018 12:23:20
0,0,0,0,0,0 8/3/2018 12:23:20
0,0,0,0,0,0 8/3/2018 12:23:20
0,0,0,0,0,0 8/3/2018 12:23:20
0,0,0,0,0,0 8/3/2018 12:23:20
0,0,0,0,0,0 8/3/2018 12:23:20
0,0,0,0,0,0 8/3/2018 12:23:20
0,0,0,0,0,0 8/3/2018 12:23:20
0,0,0,0,0,0 8/3/2018 12:23:20
0,0,19,0,0,0 8/3/2018 12:23:20
0,0,17,0,0,0 8/3/2018 12:23:20
0,0,28,0,0,0 8/3/2018 12:23:20
0,0,29,0,0,0 8/3/2018 12:23:20
0,0,24,0,0,0 8/3/2018 12:23:20
0,0,33,0,0,0 8/3/2018 12:23:20
0,0,37,0,0,0 8/3/2018 12:23:21
0,0,46,0,0,0 8/3/2018 12:23:21
0,0,87,0,0,0 8/3/2018 12:23:21
0,0,156,0,0,0 8/3/2018 12:23:21
0,0,202,0,0,0 8/3/2018 12:23:21
0,0,143,0,0,0 8/3/2018 12:23:21
0,0,109,0,0,0 8/3/2018 12:23:21
0,0,36,0,0,0 8/3/2018 12:23:21
0,0,21,0,0,0 8/3/2018 12:23:21
0,0,14,0,0,0 8/3/2018 12:23:21
0,0,37,0,0,0 8/3/2018 12:23:21
0,0,50,0,0,0 8/3/2018 12:23:21
0,0,55,0,0,0 8/3/2018 12:23:21
0,0,74,0,0,0 8/3/2018 12:23:21
0,0,41,0,0,0 8/3/2018 12:23:21
0,0,23,0,0,0 8/3/2018 12:23:21
0,0,22,0,0,0 8/3/2018 12:23:21
0,0,0,0,0,0 8/3/2018 12:23:21
0,0,1,0,0,0 8/3/2018 12:23:21
0,0,1,0,0,0 8/3/2018 12:23:21
0,0,1,0,0,0 8/3/2018 12:23:21
0,0,0,0,0,0 8/3/2018 12:23:21
0,0,0,0,0,0 8/3/2018 12:23:21
0,0,0,0,0,0 8/3/2018 12:23:22
0,0,0,0,0,0 8/3/2018 12:23:22
0,0,1,0,0,0 8/3/2018 12:23:22
0,0,1,0,0,0 8/3/2018 12:23:22
0,0,5,0,0,0 8/3/2018 12:23:22
0,0,30,0,0,0 8/3/2018 12:23:22
0,0,14,0,0,0 8/3/2018 12:23:22
0,0,74,0,0,0 8/3/2018 12:23:22
0,0,101,0,0,0 8/3/2018 12:23:22
0,0,119,0,0,0 8/3/2018 12:23:22
0,0,120,0,0,0 8/3/2018 12:23:22
0,0,143,0,0,0 8/3/2018 12:23:22
0,0,147,0,0,0 8/3/2018 12:23:22
0,0,207,7,0,0 8/3/2018 12:23:22
0,0,184,5,0,0 8/3/2018 12:23:22
0,0,204,80,0,0 8/3/2018 12:23:22
0,0,231,63,0,0 8/3/2018 12:23:22
0,0,175,121,0,0 8/3/2018 12:23:22
0,0,202,105,0,0 8/3/2018 12:23:22
0,0,124,132,0,0 8/3/2018 12:23:22
0,0,76,157,0,0 8/3/2018 12:23:22
0,0,62,54,0,0 8/3/2018 12:23:22
0,0,12,44,0,0 8/3/2018 12:23:22
0,0,10,0,0,0 8/3/2018 12:23:23
0,0,20,0,0,2 8/3/2018 12:23:23
0,0,88,0,0,0 8/3/2018 12:23:23
0,0,138,0,0,0 8/3/2018 12:23:23
0,0,131,0,0,0 8/3/2018 12:23:23
0,0,110,0,0,0 8/3/2018 12:23:23
0,0,60,0,0,0 8/3/2018 12:23:23
0,0,51,0,0,0 8/3/2018 12:23:23
0,0,12,0,0,0 8/3/2018 12:23:23
0,0,0,0,0,0 8/3/2018 12:23:23
0,0,0,0,0,0 8/3/2018 12:23:23
0,0,0,0,0,0 8/3/2018 12:23:23
0,0,50,0,0,0 8/3/2018 12:23:23
0,0,61,0,0,0 8/3/2018 12:23:23
0,0,38,0,0,0 8/3/2018 12:23:23
0,0,6,0,0,0 8/3/2018 12:23:23
0,0,16,0,0,0 8/3/2018 12:23:23
0,0,20,0,0,0 8/3/2018 12:23:23
0,0,21,0,0,0 8/3/2018 12:23:23
0,0,24,0,0,0 8/3/2018 12:23:23
0,0,34,0,0,0 8/3/2018 12:23:23
0,0,40,0,0,0 8/3/2018 12:23:23
0,0,33,0,0,0 8/3/2018 12:23:24
0,0,37,0,0,0 8/3/2018 12:23:24
0,0,44,0,0,0 8/3/2018 12:23:24
0,0,46,0,0,0 8/3/2018 12:23:24
0,0,47,0,0,0 8/3/2018 12:23:24
0,0,12,0,0,0 8/3/2018 12:23:24
0,0,0,0,0,0 8/3/2018 12:23:24
0,0,0,0,0,0 8/3/2018 12:23:24
0,0,11,0,0,0 8/3/2018 12:23:24
0,0,4,0,0,0 8/3/2018 12:23:24
0,0,0,0,0,0 8/3/2018 12:23:24
0,0,0,0,0,0 8/3/2018 12:23:24
0,0,0,0,3,0 8/3/2018 12:23:24
0,0,0,0,0,0 8/3/2018 12:23:24
0,0,0,0,0,0 8/3/2018 12:23:24
0,0,0,0,0,0 8/3/2018 12:23:24
0,0,0,0,0,0 8/3/2018 12:23:24
0,0,0,0,0,0 8/3/2018 12:23:24
0,0,0,0,0,0 8/3/2018 12:23:24
0,0,0,0,0,0 8/3/2018 12:23:24
0,0,0,0,0,0 8/3/2018 12:23:24
0,0,0,0,0,0 8/3/2018 12:23:24
0,0,0,0,0,0 8/3/2018 12:23:24
0,0,0,0,0,0 8/3/2018 12:23:25
0,0,0,0,0,0 8/3/2018 12:23:25
0,0,15,0,0,0 8/3/2018 12:23:25
0,0,22,0,0,0 8/3/2018 12:23:25
0,0,23,0,0,0 8/3/2018 12:23:25
0,0,24,0,0,0 8/3/2018 12:23:25
0,0,12,0,0,0 8/3/2018 12:23:25
0,0,20,65,0,0 8/3/2018 12:23:25
0,0,25,52,0,0 8/3/2018 12:23:25
0,0,24,161,0,0 8/3/2018 12:23:25
0,0,17,209,0,0 8/3/2018 12:23:25
0,0,30,262,0,0 8/3/2018 12:23:25
0,0,26,306,0,0 8/3/2018 12:23:25
0,0,53,346,0,0 8/3/2018 12:23:25
0,0,80,389,0,0 8/3/2018 12:23:25
0,0,88,384,0,0 8/3/2018 12:23:25
0,0,91,355,0,0 8/3/2018 12:23:25
0,0,88,344,0,0 8/3/2018 12:23:25
0,0,103,323,0,0 8/3/2018 12:23:25
0,0,74,336,0,0 8/3/2018 12:23:25
0,0,40,300,0,0 8/3/2018 12:23:25
0,0,22,180,0,0 8/3/2018 12:23:25
0,0,47,94,0,0 8/3/2018 12:23:25
0,0,5,0,0,0 8/3/2018 12:23:26
0,0,0,0,0,0 8/3/2018 12:23:26
0,0,0,0,0,0 8/3/2018 12:23:26
0,0,0,0,0,0 8/3/2018 12:23:26
0,0,0,0,0,0 8/3/2018 12:23:26
0,0,0,0,0,0 8/3/2018 12:23:26
0,0,0,0,0,0 8/3/2018 12:23:26
0,0,0,0,0,0 8/3/2018 12:23:26
0,0,0,0,0,0 8/3/2018 12:23:26
0,0,0,0,0,0 8/3/2018 12:23:26
0,0,0,0,0,0 8/3/2018 12:23:26
0,0,0,0,0,0 8/3/2018 12:23:26
0,0,15,0,0,0 8/3/2018 12:23:26
0,0,55,0,0,0 8/3/2018 12:23:26
0,0,56,0,0,0 8/3/2018 12:23:26
0,0,81,0,0,0 8/3/2018 12:23:26
0,0,76,0,0,0 8/3/2018 12:23:26
0,0,47,0,0,0 8/3/2018 12:23:26
0,0,33,0,0,0 8/3/2018 12:23:26
0,0,15,0,0,0 8/3/2018 12:23:26
0,0,58,0,0,0 8/3/2018 12:23:26
0,0,59,0,0,0 8/3/2018 12:23:26
0,0,60,0,0,0 8/3/2018 12:23:27
0,0,52,0,0,0 8/3/2018 12:23:27
0,0,34,0,0,0 8/3/2018 12:23:27
0,0,22,0,0,0 8/3/2018 12:23:27
0,0,0,0,0,0 8/3/2018 12:23:27
0,0,0,0,0,0 8/3/2018 12:23:27
0,0,0,0,0,0 8/3/2018 12:23:27
0,0,0,0,0,0 8/3/2018 12:23:27
0,0,0,0,0,0 8/3/2018 12:23:27
0,0,0,0,0,0 8/3/2018 12:23:27
0,0,0,0,0,0 8/3/2018 12:23:27
0,0,56,0,0,0 8/3/2018 12:23:27
0,0,120,0,0,0 8/3/2018 12:23:27
0,0,26,0,0,0 8/3/2018 12:23:27
0,0,36,0,0,0 8/3/2018 12:23:27
0,0,25,0,0,1 8/3/2018 12:23:27
0,0,20,0,0,0 8/3/2018 12:23:27
0,0,9,0,0,0 8/3/2018 12:23:27
0,0,17,0,0,0 8/3/2018 12:23:27
0,0,61,0,0,0 8/3/2018 12:23:27
0,0,112,0,0,0 8/3/2018 12:23:27
0,0,138,0,0,0 8/3/2018 12:23:27
0,0,147,0,0,0 8/3/2018 12:23:27
0,0,159,0,0,0 8/3/2018 12:23:28
0,0,174,0,0,0 8/3/2018 12:23:28
0,0,255,0,0,0 8/3/2018 12:23:28
0,0,196,0,0,0 8/3/2018 12:23:28
0,0,203,0,0,0 8/3/2018 12:23:28
0,0,234,0,0,0 8/3/2018 12:23:28
0,0,210,0,0,0 8/3/2018 12:23:28
0,0,205,0,0,0 8/3/2018 12:23:28
0,0,47,0,0,0 8/3/2018 12:23:28
0,0,56,0,0,0 8/3/2018 12:23:28
0,0,47,0,0,0 8/3/2018 12:23:28
0,0,2,0,0,0 8/3/2018 12:23:28
0,0,0,0,0,0 8/3/2018 12:23:28
0,0,0,0,0,0 8/3/2018 12:23:28
0,0,0,0,0,0 8/3/2018 12:23:28
0,0,0,0,0,0 8/3/2018 12:23:28
0,0,0,0,0,0 8/3/2018 12:23:28
0,0,0,0,0,0 8/3/2018 12:23:28
0,0,0,0,0,0 8/3/2018 12:23:28
0,0,0,0,0,0 8/3/2018 12:23:28
0,0,0,0,0,0 8/3/2018 12:23:28
0,0,1,0,0,0 8/3/2018 12:23:28
0,0,17,0,0,0 8/3/2018 12:23:28
0,0,19,0,0,0 8/3/2018 12:23:29
0,0,0,0,0,0 8/3/2018 12:23:29
0,0,1,0,0,0 8/3/2018 12:23:29
0,0,14,0,0,0 8/3/2018 12:23:29
0,0,9,0,0,0 8/3/2018 12:23:29
0,0,12,0,0,0 8/3/2018 12:23:29
0,0,11,0,0,0 8/3/2018 12:23:29
0,0,10,0,0,0 8/3/2018 12:23:29
0,0,12,0,0,0 8/3/2018 12:23:29
0,0,12,0,0,0 8/3/2018 12:23:29
0,0,15,0,0,0 8/3/2018 12:23:29
0,0,11,0,0,0 8/3/2018 12:23:29
0,0,13,0,0,0 8/3/2018 12:23:29
0,0,11,0,0,0 8/3/2018 12:23:29
0,0,16,0,0,0 8/3/2018 12:23:29
0,0,17,0,0,0 8/3/2018 12:23:29
0,0,17,0,0,0 8/3/2018 12:23:29
0,0,17,0,0,0 8/3/2018 12:23:29
0,0,17,0,0,0 8/3/2018 12:23:29
0,0,18,0,0,0 8/3/2018 12:23:29
0,0,17,0,0,0 8/3/2018 12:23:29
0,0,12,0,0,0 8/3/2018 12:23:29
0,0,14,0,0,0 8/3/2018 12:23:29
0,0,14,0,0,0 8/3/2018 12:23:30
0,0,13,0,0,0 8/3/2018 12:23:30
0,0,13,0,0,0 8/3/2018 12:23:30
0,0,13,0,0,0 8/3/2018 12:23:30
0,0,12,0,0,0 8/3/2018 12:23:30
0,0,14,0,0,0 8/3/2018 12:23:30
0,0,14,0,0,0 8/3/2018 12:23:30
0,0,15,0,0,0 8/3/2018 12:23:30
0,0,14,0,0,0 8/3/2018 12:23:30
0,0,14,0,0,0 8/3/2018 12:23:30
0,0,14,0,0,0 8/3/2018 12:23:30
0,0,14,0,0,0 8/3/2018 12:23:30
0,0,16,0,0,0 8/3/2018 12:23:30
0,0,13,0,0,0 8/3/2018 12:23:30
0,0,15,0,0,0 8/3/2018 12:23:30
0,0,15,0,0,0 8/3/2018 12:23:30
0,0,17,0,0,0 8/3/2018 12:23:30
0,0,17,0,0,0 8/3/2018 12:23:30
0,0,14,0,0,0 8/3/2018 12:23:30
