0,0,0,0,0,0 8/3/2018 12:24:29
0,0,0,0,0,0 8/3/2018 12:24:29
0,0,0,0,0,0 8/3/2018 12:24:29
0,0,0,0,0,0 8/3/2018 12:24:29
0,0,0,0,0,0 8/3/2018 12:24:29
0,0,0,0,0,0 8/3/2018 12:24:29
0,0,0,0,0,0 8/3/2018 12:24:29
0,0,0,0,0,0 8/3/2018 12:24:29
0,0,0,0,0,0 8/3/2018 12:24:29
0,0,0,0,0,0 8/3/2018 12:24:29
0,0,0,0,0,0 8/3/2018 12:24:29
0,0,0,0,0,0 8/3/2018 12:24:29
0,0,0,0,0,0 8/3/2018 12:24:29
0,0,0,0,0,0 8/3/2018 12:24:29
0,0,0,0,0,0 8/3/2018 12:24:29
0,0,0,0,0,0 8/3/2018 12:24:29
0,0,0,0,0,0 8/3/2018 12:24:29
0,0,0,0,0,0 8/3/2018 12:24:29
0,0,0,0,0,0 8/3/2018 12:24:29
0,0,0,0,0,0 8/3/2018 12:24:29
0,0,0,0,0,0 8/3/2018 12:24:30
0,0,15,0,0,0 8/3/2018 12:24:30
0,0,27,0,0,0 8/3/2018 12:24:30
0,0,49,0,0,0 8/3/2018 12:24:30
0,0,48,0,0,0 8/3/2018 12:24:30
0,0,16,0,0,0 8/3/2018 12:24:30
0,0,28,0,0,0 8/3/2018 12:24:30
0,0,38,0,0,0 8/3/2018 12:24:30
0,0,53,0,0,0 8/3/2018 12:24:30
0,0,56,0,0,0 8/3/2018 12:24:30
0,0,53,0,0,0 8/3/2018 12:24:30
0,0,60,0,0,0 8/3/2018 12:24:30
0,0,52,0,0,0 8/3/2018 12:24:30
0,0,46,0,0,0 8/3/2018 12:24:30
0,0,24,0,0,0 8/3/2018 12:24:30
0,0,11,0,0,0 8/3/2018 12:24:30
0,0,12,0,0,0 8/3/2018 12:24:30
0,0,0,0,0,0 8/3/2018 12:24:30
0,0,0,0,0,0 8/3/2018 12:24:30
0,0,0,0,0,0 8/3/2018 12:24:30
0,0,0,0,0,0 8/3/2018 12:24:30
0,0,0,0,0,0 8/3/2018 12:24:30
0,0,0,0,0,0 8/3/2018 12:24:31
0,0,0,0,0,0 8/3/2018 12:24:31
0,0,0,0,0,0 8/3/2018 12:24:31
0,0,0,0,0,0 8/3/2018 12:24:31
0,0,0,0,0,0 8/3/2018 12:24:31
0,0,0,0,0,0 8/3/2018 12:24:31
0,0,0,0,0,0 8/3/2018 12:24:31
0,0,92,0,0,0 8/3/2018 12:24:31
0,0,147,0,0,0 8/3/2018 12:24:31
0,0,196,0,0,0 8/3/2018 12:24:31
0,0,188,0,0,0 8/3/2018 12:24:31
0,0,196,0,0,0 8/3/2018 12:24:31
0,0,216,0,0,0 8/3/2018 12:24:31
0,0,254,0,0,0 8/3/2018 12:24:31
0,0,284,0,0,0 8/3/2018 12:24:31
0,0,272,0,0,0 8/3/2018 12:24:31
0,0,289,0,0,0 8/3/2018 12:24:31
0,0,283,6,0,0 8/3/2018 12:24:31
0,0,260,7,0,0 8/3/2018 12:24:31
0,0,262,8,0,0 8/3/2018 12:24:31
0,0,198,0,0,0 8/3/2018 12:24:31
0,0,125,0,0,0 8/3/2018 12:24:31
0,0,39,0,0,0 8/3/2018 12:24:31
0,0,0,0,0,0 8/3/2018 12:24:32
0,0,0,0,0,0 8/3/2018 12:24:32
0,0,0,0,0,0 8/3/2018 12:24:32
0,0,0,0,0,0 8/3/2018 12:24:32
0,0,0,0,0,0 8/3/2018 12:24:32
0,0,0,0,0,0 8/3/2018 12:24:32
0,0,0,0,0,0 8/3/2018 12:24:32
0,0,49,0,0,0 8/3/2018 12:24:32
0,0,225,0,0,0 8/3/2018 12:24:32
0,0,424,0,0,0 8/3/2018 12:24:32
0,0,589,0,0,0 8/3/2018 12:24:32
0,0,656,0,0,0 8/3/2018 12:24:32
0,0,732,0,0,0 8/3/2018 12:24:32
0,0,741,0,0,0 8/3/2018 12:24:32
0,0,737,0,0,0 8/3/2018 12:24:32
0,0,708,0,0,0 8/3/2018 12:24:32
0,0,540,0,0,0 8/3/2018 12:24:32
0,0,275,0,0,0 8/3/2018 12:24:32
0,0,168,0,0,0 8/3/2018 12:24:32
0,0,143,0,0,0 8/3/2018 12:24:32
0,0,103,0,0,0 8/3/2018 12:24:32
0,0,5,0,0,0 8/3/2018 12:24:32
0,0,37,0,0,0 8/3/2018 12:24:32
0,0,36,0,0,0 8/3/2018 12:24:33
0,0,0,0,0,0 8/3/2018 12:24:33
0,0,2,0,0,0 8/3/2018 12:24:33
0,0,3,0,0,0 8/3/2018 12:24:33
0,0,2,0,0,0 8/3/2018 12:24:33
0,0,3,0,0,0 8/3/2018 12:24:33
0,0,0,0,0,0 8/3/2018 12:24:33
0,0,0,0,0,0 8/3/2018 12:24:33
0,0,0,0,0,0 8/3/2018 12:24:33
0,0,0,0,0,0 8/3/2018 12:24:33
0,0,76,0,0,0 8/3/2018 12:24:33
0,0,186,0,0,0 8/3/2018 12:24:33
0,0,315,0,0,0 8/3/2018 12:24:33
0,0,426,0,0,0 8/3/2018 12:24:33
0,0,473,0,0,0 8/3/2018 12:24:33
0,0,516,0,0,0 8/3/2018 12:24:33
0,0,537,0,0,0 8/3/2018 12:24:33
0,0,515,0,0,0 8/3/2018 12:24:33
0,0,430,0,0,0 8/3/2018 12:24:33
0,0,423,0,0,0 8/3/2018 12:24:33
0,0,423,0,0,0 8/3/2018 12:24:33
0,0,441,0,0,0 8/3/2018 12:24:33
0,0,434,0,0,0 8/3/2018 12:24:33
0,0,358,0,0,0 8/3/2018 12:24:34
0,0,203,0,0,0 8/3/2018 12:24:34
0,0,51,0,0,0 8/3/2018 12:24:34
0,0,0,0,0,0 8/3/2018 12:24:34
0,0,0,0,0,0 8/3/2018 12:24:34
0,0,10,0,0,0 8/3/2018 12:24:34
0,0,29,0,0,0 8/3/2018 12:24:34
0,0,14,0,0,0 8/3/2018 12:24:34
0,0,0,0,0,0 8/3/2018 12:24:34
0,0,0,0,0,0 8/3/2018 12:24:34
0,0,0,0,0,0 8/3/2018 12:24:34
0,0,0,0,0,0 8/3/2018 12:24:34
0,0,0,0,0,0 8/3/2018 12:24:34
0,0,0,131,0,0 8/3/2018 12:24:34
0,0,0,257,0,0 8/3/2018 12:24:34
0,0,0,308,0,0 8/3/2018 12:24:34
0,0,0,382,0,0 8/3/2018 12:24:34
0,0,0,411,0,0 8/3/2018 12:24:34
0,0,0,445,0,0 8/3/2018 12:24:34
0,0,0,475,0,0 8/3/2018 12:24:34
0,0,0,494,0,0 8/3/2018 12:24:34
0,0,0,508,0,0 8/3/2018 12:24:34
0,0,0,529,0,0 8/3/2018 12:24:35
0,0,0,539,0,0 8/3/2018 12:24:35
0,0,0,491,0,0 8/3/2018 12:24:35
0,0,0,358,0,0 8/3/2018 12:24:35
0,0,0,273,0,0 8/3/2018 12:24:35
0,0,0,231,0,0 8/3/2018 12:24:35
0,0,0,2,0,0 8/3/2018 12:24:35
0,0,0,0,0,0 8/3/2018 12:24:35
0,0,0,0,0,0 8/3/2018 12:24:35
0,0,1,0,0,0 8/3/2018 12:24:35
0,0,0,0,0,0 8/3/2018 12:24:35
0,0,1,0,0,0 8/3/2018 12:24:35
0,0,1,0,0,0 8/3/2018 12:24:35
0,0,1,0,0,0 8/3/2018 12:24:35
0,0,0,0,0,0 8/3/2018 12:24:35
0,0,0,0,0,0 8/3/2018 12:24:35
0,0,0,0,0,0 8/3/2018 12:24:35
0,0,1,0,0,0 8/3/2018 12:24:35
0,0,20,0,0,0 8/3/2018 12:24:35
0,0,13,0,0,0 8/3/2018 12:24:35
0,0,39,0,0,0 8/3/2018 12:24:35
0,0,63,0,0,0 8/3/2018 12:24:35
0,0,89,0,0,0 8/3/2018 12:24:35
0,0,131,0,0,0 8/3/2018 12:24:36
0,0,104,0,0,0 8/3/2018 12:24:36
0,0,114,0,0,0 8/3/2018 12:24:36
0,0,139,0,0,0 8/3/2018 12:24:36
0,0,150,0,0,0 8/3/2018 12:24:36
0,0,147,0,0,0 8/3/2018 12:24:36
0,0,160,0,0,0 8/3/2018 12:24:36
0,0,156,0,0,0 8/3/2018 12:24:36
0,0,100,0,0,0 8/3/2018 12:24:36
0,0,0,0,0,0 8/3/2018 12:24:36
0,0,0,0,0,0 8/3/2018 12:24:36
0,0,0,0,0,0 8/3/2018 12:24:36
0,0,0,0,0,0 8/3/2018 12:24:36
0,0,0,0,0,0 8/3/2018 12:24:36
0,0,0,0,0,0 8/3/2018 12:24:36
0,0,0,0,0,0 8/3/2018 12:24:36
0,0,3,0,0,0 8/3/2018 12:24:36
0,0,4,0,0,0 8/3/2018 12:24:36
0,0,16,0,0,0 8/3/2018 12:24:36
0,0,16,0,0,0 8/3/2018 12:24:36
0,0,60,0,0,0 8/3/2018 12:24:36
0,0,58,0,0,0 8/3/2018 12:24:36
0,0,130,0,0,0 8/3/2018 12:24:36
0,0,0,0,0,0 8/3/2018 12:24:37
0,0,0,0,0,0 8/3/2018 12:24:37
0,0,0,0,0,0 8/3/2018 12:24:37
0,0,0,0,0,0 8/3/2018 12:24:37
0,0,0,0,0,0 8/3/2018 12:24:37
0,0,0,0,0,0 8/3/2018 12:24:37
0,0,0,0,0,0 8/3/2018 12:24:37
0,0,0,0,0,0 8/3/2018 12:24:37
0,0,0,0,0,0 8/3/2018 12:24:37
0,0,0,0,0,0 8/3/2018 12:24:37
0,0,0,0,0,0 8/3/2018 12:24:37
0,0,0,0,0,0 8/3/2018 12:24:37
0,0,0,0,0,0 8/3/2018 12:24:37
0,0,0,0,0,0 8/3/2018 12:24:37
0,0,0,0,0,0 8/3/2018 12:24:37
0,0,0,0,0,0 8/3/2018 12:24:37
0,0,0,0,0,0 8/3/2018 12:24:37
0,0,0,0,0,0 8/3/2018 12:24:37
0,0,0,0,0,0 8/3/2018 12:24:37
0,0,0,0,0,0 8/3/2018 12:24:37
0,0,0,0,0,0 8/3/2018 12:24:37
0,0,0,0,0,0 8/3/2018 12:24:37
0,0,36,0,0,0 8/3/2018 12:24:37
0,0,87,0,0,0 8/3/2018 12:24:38
0,0,151,0,0,0 8/3/2018 12:24:38
0,0,141,0,0,0 8/3/2018 12:24:38
0,0,166,0,0,0 8/3/2018 12:24:38
0,0,173,0,0,0 8/3/2018 12:24:38
0,0,174,0,0,0 8/3/2018 12:24:38
0,0,184,0,0,0 8/3/2018 12:24:38
0,0,177,0,0,0 8/3/2018 12:24:38
0,0,131,0,0,0 8/3/2018 12:24:38
0,0,19,0,0,0 8/3/2018 12:24:38
0,0,0,0,0,0 8/3/2018 12:24:38
0,0,0,0,0,0 8/3/2018 12:24:38
0,0,0,0,0,0 8/3/2018 12:24:38
0,0,0,0,0,0 8/3/2018 12:24:38
0,0,0,0,0,0 8/3/2018 12:24:38
0,0,0,0,0,0 8/3/2018 12:24:38
0,0,0,0,0,0 8/3/2018 12:24:38
0,0,0,0,0,0 8/3/2018 12:24:38
0,0,0,0,0,0 8/3/2018 12:24:38
0,0,0,0,0,0 8/3/2018 12:24:38
0,0,0,0,0,0 8/3/2018 12:24:38
0,0,0,0,0,0 8/3/2018 12:24:38
0,0,0,0,0,0 8/3/2018 12:24:39
0,0,0,0,0,0 8/3/2018 12:24:39
0,0,0,0,0,0 8/3/2018 12:24:39
0,0,0,0,0,0 8/3/2018 12:24:39
0,0,0,0,0,0 8/3/2018 12:24:39
0,0,0,0,0,0 8/3/2018 12:24:39
0,0,0,0,0,0 8/3/2018 12:24:39
0,0,0,0,0,0 8/3/2018 12:24:39
0,0,0,0,0,0 8/3/2018 12:24:39
0,0,0,0,0,0 8/3/2018 12:24:39
0,0,0,0,0,0 8/3/2018 12:24:39
0,0,0,0,0,0 8/3/2018 12:24:39
0,0,0,0,0,0 8/3/2018 12:24:39
0,0,0,0,0,0 8/3/2018 12:24:39
0,0,0,0,0,0 8/3/2018 12:24:39
0,0,0,0,0,0 8/3/2018 12:24:39
0,0,0,0,0,0 8/3/2018 12:24:39
0,0,0,0,0,0 8/3/2018 12:24:39
0,0,0,0,0,0 8/3/2018 12:24:39
0,0,0,0,0,0 8/3/2018 12:24:39
0,0,0,0,0,0 8/3/2018 12:24:39
0,0,0,0,0,0 8/3/2018 12:24:39
0,0,0,0,0,0 8/3/2018 12:24:39
0,0,0,0,0,0 8/3/2018 12:24:40
0,0,0,0,0,0 8/3/2018 12:24:40
0,0,0,0,0,0 8/3/2018 12:24:40
0,0,0,0,0,0 8/3/2018 12:24:40
0,0,0,0,0,0 8/3/2018 12:24:40
0,0,0,0,0,0 8/3/2018 12:24:40
