0,0,0,0,0,0 8/3/2018 12:25:21
0,0,0,0,0,0 8/3/2018 12:25:21
0,0,0,0,0,0 8/3/2018 12:25:21
0,0,0,0,0,0 8/3/2018 12:25:21
0,0,0,0,0,0 8/3/2018 12:25:21
0,0,0,0,0,0 8/3/2018 12:25:21
0,0,0,0,0,0 8/3/2018 12:25:21
0,0,0,0,0,0 8/3/2018 12:25:22
0,0,0,0,0,0 8/3/2018 12:25:22
0,0,0,0,0,0 8/3/2018 12:25:22
0,0,0,0,0,0 8/3/2018 12:25:22
0,0,0,0,0,0 8/3/2018 12:25:22
0,0,0,0,0,0 8/3/2018 12:25:22
0,0,4,0,0,0 8/3/2018 12:25:22
0,0,22,0,0,0 8/3/2018 12:25:22
0,0,38,111,0,0 8/3/2018 12:25:22
0,0,43,267,0,0 8/3/2018 12:25:22
0,0,61,344,0,0 8/3/2018 12:25:22
0,0,51,446,0,0 8/3/2018 12:25:22
0,0,78,536,0,0 8/3/2018 12:25:22
0,0,38,579,0,0 8/3/2018 12:25:22
0,0,20,587,0,0 8/3/2018 12:25:22
0,0,12,616,0,0 8/3/2018 12:25:22
0,0,0,613,0,0 8/3/2018 12:25:22
0,0,0,586,0,0 8/3/2018 12:25:22
0,0,3,374,0,0 8/3/2018 12:25:22
0,0,3,0,0,0 8/3/2018 12:25:22
0,0,25,0,0,0 8/3/2018 12:25:22
0,0,49,0,0,0 8/3/2018 12:25:22
0,0,32,0,0,0 8/3/2018 12:25:22
0,0,32,0,0,0 8/3/2018 12:25:23
0,0,12,0,0,0 8/3/2018 12:25:23
0,0,13,0,0,0 8/3/2018 12:25:23
0,0,14,0,0,0 8/3/2018 12:25:23
0,0,12,0,0,0 8/3/2018 12:25:23
0,0,0,0,0,0 8/3/2018 12:25:23
0,0,0,0,0,0 8/3/2018 12:25:23
0,0,0,0,1,0 8/3/2018 12:25:23
0,0,0,0,0,0 8/3/2018 12:25:23
0,0,0,0,0,0 8/3/2018 12:25:23
0,0,0,0,0,0 8/3/2018 12:25:23
0,0,0,0,0,0 8/3/2018 12:25:23
0,0,0,0,0,0 8/3/2018 12:25:23
0,0,0,0,0,0 8/3/2018 12:25:23
0,0,0,0,0,0 8/3/2018 12:25:23
0,0,0,0,0,0 8/3/2018 12:25:23
0,0,0,0,0,0 8/3/2018 12:25:23
0,0,3,0,0,0 8/3/2018 12:25:23
0,0,4,0,0,0 8/3/2018 12:25:23
0,0,13,0,0,0 8/3/2018 12:25:23
0,0,13,0,0,0 8/3/2018 12:25:23
0,0,7,0,0,0 8/3/2018 12:25:23
0,0,0,0,0,0 8/3/2018 12:25:23
0,0,0,0,0,0 8/3/2018 12:25:24
0,0,0,0,0,0 8/3/2018 12:25:24
0,0,0,0,0,0 8/3/2018 12:25:24
0,0,0,0,0,0 8/3/2018 12:25:24
0,0,1,0,0,0 8/3/2018 12:25:24
0,0,8,0,0,0 8/3/2018 12:25:24
0,0,23,0,0,0 8/3/2018 12:25:24
0,0,17,0,0,0 8/3/2018 12:25:24
0,0,12,0,0,0 8/3/2018 12:25:24
0,0,11,0,0,0 8/3/2018 12:25:24
0,0,0,0,0,0 8/3/2018 12:25:24
0,0,0,0,0,0 8/3/2018 12:25:24
0,0,0,0,0,0 8/3/2018 12:25:24
0,0,0,0,0,0 8/3/2018 12:25:24
0,0,0,0,0,0 8/3/2018 12:25:24
0,0,0,0,0,0 8/3/2018 12:25:24
0,0,1,0,0,0 8/3/2018 12:25:24
0,0,0,0,0,0 8/3/2018 12:25:24
0,0,0,0,0,0 8/3/2018 12:25:24
0,0,33,0,0,0 8/3/2018 12:25:24
0,0,53,94,0,0 8/3/2018 12:25:24
0,0,46,413,0,0 8/3/2018 12:25:24
0,0,0,440,0,0 8/3/2018 12:25:25
0,0,0,412,0,0 8/3/2018 12:25:25
0,0,0,392,0,0 8/3/2018 12:25:25
0,0,0,0,0,0 8/3/2018 12:25:25
0,0,0,0,0,0 8/3/2018 12:25:25
0,0,0,0,0,0 8/3/2018 12:25:25
0,0,0,0,0,0 8/3/2018 12:25:25
0,0,0,0,0,0 8/3/2018 12:25:25
0,0,0,0,0,0 8/3/2018 12:25:25
0,0,0,0,0,0 8/3/2018 12:25:25
0,0,0,0,0,0 8/3/2018 12:25:25
0,0,0,0,0,0 8/3/2018 12:25:25
0,0,0,0,0,0 8/3/2018 12:25:25
0,0,7,0,0,0 8/3/2018 12:25:25
0,0,27,0,0,0 8/3/2018 12:25:25
0,0,26,0,0,0 8/3/2018 12:25:25
0,0,24,0,0,0 8/3/2018 12:25:25
0,0,22,0,0,0 8/3/2018 12:25:25
0,2,5,0,0,0 8/3/2018 12:25:25
0,0,14,0,0,0 8/3/2018 12:25:25
0,0,24,0,0,0 8/3/2018 12:25:25
0,0,33,0,0,0 8/3/2018 12:25:25
0,0,33,0,0,0 8/3/2018 12:25:25
0,0,21,0,0,0 8/3/2018 12:25:26
0,0,28,0,0,0 8/3/2018 12:25:26
0,0,38,0,0,0 8/3/2018 12:25:26
0,0,38,0,0,0 8/3/2018 12:25:26
0,0,21,0,0,0 8/3/2018 12:25:26
0,0,42,0,0,0 8/3/2018 12:25:26
0,0,31,0,0,0 8/3/2018 12:25:26
0,0,26,0,0,0 8/3/2018 12:25:26
0,0,37,0,0,0 8/3/2018 12:25:26
0,0,33,0,0,0 8/3/2018 12:25:26
0,0,21,0,0,0 8/3/2018 12:25:26
0,0,37,0,0,0 8/3/2018 12:25:26
0,0,31,0,0,0 8/3/2018 12:25:26
0,0,35,0,0,0 8/3/2018 12:25:26
0,0,26,0,0,0 8/3/2018 12:25:26
0,0,18,0,0,0 8/3/2018 12:25:26
0,0,19,0,0,0 8/3/2018 12:25:26
0,0,8,0,0,0 8/3/2018 12:25:26
0,0,4,0,0,0 8/3/2018 12:25:26
0,0,6,0,0,0 8/3/2018 12:25:26
0,0,9,0,0,0 8/3/2018 12:25:26
0,0,18,0,0,0 8/3/2018 12:25:26
0,0,7,0,0,0 8/3/2018 12:25:26
0,0,6,0,0,0 8/3/2018 12:25:27
0,0,4,0,0,0 8/3/2018 12:25:27
0,0,24,266,0,0 8/3/2018 12:25:27
0,0,26,549,0,0 8/3/2018 12:25:27
0,0,19,602,0,0 8/3/2018 12:25:27
0,0,13,522,0,0 8/3/2018 12:25:27
0,0,18,49,0,0 8/3/2018 12:25:27
0,0,0,0,0,0 8/3/2018 12:25:27
0,0,5,0,0,0 8/3/2018 12:25:27
0,0,4,0,0,0 8/3/2018 12:25:27
0,0,6,0,0,0 8/3/2018 12:25:27
0,0,11,0,0,0 8/3/2018 12:25:27
0,0,5,0,0,0 8/3/2018 12:25:27
0,0,25,0,0,0 8/3/2018 12:25:27
0,0,20,0,0,0 8/3/2018 12:25:27
0,0,16,0,0,0 8/3/2018 12:25:27
0,0,25,0,0,0 8/3/2018 12:25:27
0,0,31,0,0,0 8/3/2018 12:25:27
0,0,25,0,0,0 8/3/2018 12:25:27
0,0,11,0,0,0 8/3/2018 12:25:27
0,0,4,0,0,0 8/3/2018 12:25:27
0,0,18,0,0,0 8/3/2018 12:25:27
0,0,51,0,0,0 8/3/2018 12:25:27
0,0,22,0,0,0 8/3/2018 12:25:28
0,0,0,0,0,0 8/3/2018 12:25:28
0,0,13,0,0,0 8/3/2018 12:25:28
0,0,39,0,0,0 8/3/2018 12:25:28
0,0,59,0,0,0 8/3/2018 12:25:28
0,0,69,0,0,0 8/3/2018 12:25:28
0,0,101,0,0,0 8/3/2018 12:25:28
0,0,106,0,0,0 8/3/2018 12:25:28
0,0,97,0,0,0 8/3/2018 12:25:28
0,0,110,0,0,0 8/3/2018 12:25:28
0,0,105,0,0,0 8/3/2018 12:25:28
0,0,131,0,0,0 8/3/2018 12:25:28
0,0,132,0,0,0 8/3/2018 12:25:28
0,0,129,0,0,0 8/3/2018 12:25:28
0,0,132,0,0,0 8/3/2018 12:25:28
0,0,127,0,0,0 8/3/2018 12:25:28
0,0,147,0,0,0 8/3/2018 12:25:28
0,0,138,0,0,0 8/3/2018 12:25:28
0,0,131,0,0,0 8/3/2018 12:25:28
0,0,105,0,0,0 8/3/2018 12:25:28
0,0,97,0,0,0 8/3/2018 12:25:28
0,0,111,0,0,0 8/3/2018 12:25:28
0,0,82,0,0,0 8/3/2018 12:25:29
0,0,69,0,0,0 8/3/2018 12:25:29
0,0,58,0,0,0 8/3/2018 12:25:29
0,0,48,0,0,0 8/3/2018 12:25:29
0,0,41,0,0,0 8/3/2018 12:25:29
0,0,37,0,0,0 8/3/2018 12:25:29
0,0,37,0,0,0 8/3/2018 12:25:29
0,0,29,0,0,0 8/3/2018 12:25:29
0,0,7,0,0,0 8/3/2018 12:25:29
0,0,0,0,0,0 8/3/2018 12:25:29
0,0,4,0,0,0 8/3/2018 12:25:29
0,0,13,0,0,0 8/3/2018 12:25:29
0,0,12,241,0,0 8/3/2018 12:25:29
0,0,14,32,0,0 8/3/2018 12:25:29
0,0,18,0,0,0 8/3/2018 12:25:29
0,0,22,0,0,0 8/3/2018 12:25:29
0,0,15,0,0,0 8/3/2018 12:25:29
0,0,12,0,0,0 8/3/2018 12:25:29
0,0,13,0,0,0 8/3/2018 12:25:29
0,0,23,0,0,0 8/3/2018 12:25:29
0,0,32,0,0,0 8/3/2018 12:25:29
0,0,38,0,0,0 8/3/2018 12:25:29
0,0,42,0,0,0 8/3/2018 12:25:29
0,0,47,0,0,0 8/3/2018 12:25:30
0,0,49,0,0,0 8/3/2018 12:25:30
0,0,48,0,0,0 8/3/2018 12:25:30
0,0,45,0,0,0 8/3/2018 12:25:30
0,0,47,0,0,0 8/3/2018 12:25:30
0,0,33,0,0,0 8/3/2018 12:25:30
0,0,28,0,0,0 8/3/2018 12:25:30
0,0,36,0,0,0 8/3/2018 12:25:30
0,0,22,0,0,0 8/3/2018 12:25:30
0,0,16,0,0,0 8/3/2018 12:25:30
0,0,9,0,0,0 8/3/2018 12:25:30
0,0,0,0,0,0 8/3/2018 12:25:30
0,0,0,0,0,0 8/3/2018 12:25:30
0,0,7,0,0,0 8/3/2018 12:25:30
0,0,12,0,0,0 8/3/2018 12:25:30
0,0,9,0,0,0 8/3/2018 12:25:30
0,0,10,0,0,0 8/3/2018 12:25:30
0,0,1,0,0,0 8/3/2018 12:25:30
0,0,24,0,0,0 8/3/2018 12:25:30
0,0,14,0,0,0 8/3/2018 12:25:30
0,0,24,0,0,0 8/3/2018 12:25:30
0,0,55,0,0,0 8/3/2018 12:25:30
0,0,71,0,0,0 8/3/2018 12:25:30
0,0,66,0,0,0 8/3/2018 12:25:31
0,0,70,0,0,0 8/3/2018 12:25:31
0,0,73,0,0,0 8/3/2018 12:25:31
0,0,71,0,0,0 8/3/2018 12:25:31
0,0,84,0,0,0 8/3/2018 12:25:31
0,0,79,0,0,0 8/3/2018 12:25:31
0,0,105,0,0,0 8/3/2018 12:25:31
0,0,95,0,0,0 8/3/2018 12:25:31
0,0,93,0,0,0 8/3/2018 12:25:31
0,0,74,0,0,0 8/3/2018 12:25:31
0,0,45,0,0,0 8/3/2018 12:25:31
0,0,34,0,0,0 8/3/2018 12:25:31
0,0,26,0,0,0 8/3/2018 12:25:31
0,0,16,0,0,0 8/3/2018 12:25:31
0,0,0,0,0,0 8/3/2018 12:25:31
0,0,0,0,0,0 8/3/2018 12:25:31
0,0,0,0,0,0 8/3/2018 12:25:31
0,0,0,0,0,0 8/3/2018 12:25:31
0,0,7,0,0,0 8/3/2018 12:25:31
0,0,0,0,0,0 8/3/2018 12:25:31
0,0,0,0,0,0 8/3/2018 12:25:31
0,0,0,0,0,0 8/3/2018 12:25:31
0,0,0,0,0,0 8/3/2018 12:25:32
0,0,0,0,0,0 8/3/2018 12:25:32
0,0,0,0,0,0 8/3/2018 12:25:32
0,0,0,0,0,0 8/3/2018 12:25:32
0,0,0,0,0,0 8/3/2018 12:25:32
0,0,0,0,0,0 8/3/2018 12:25:32
0,0,0,0,0,0 8/3/2018 12:25:32
0,0,0,0,0,0 8/3/2018 12:25:32
0,0,0,0,0,0 8/3/2018 12:25:32
0,0,0,0,0,0 8/3/2018 12:25:32
0,0,0,0,0,0 8/3/2018 12:25:32
0,0,0,0,0,0 8/3/2018 12:25:32
0,0,0,0,0,0 8/3/2018 12:25:32
