0,0,0,0,0,0 8/3/2018 12:26:22
0,0,0,0,0,0 8/3/2018 12:26:22
0,0,0,0,0,0 8/3/2018 12:26:22
0,0,0,0,0,0 8/3/2018 12:26:22
0,0,0,0,0,0 8/3/2018 12:26:22
0,0,0,0,0,0 8/3/2018 12:26:22
0,0,0,0,0,0 8/3/2018 12:26:22
0,0,0,0,0,0 8/3/2018 12:26:22
0,0,0,0,0,0 8/3/2018 12:26:22
0,0,0,0,0,0 8/3/2018 12:26:22
0,0,0,0,0,0 8/3/2018 12:26:22
0,0,0,0,0,0 8/3/2018 12:26:22
0,0,0,0,0,0 8/3/2018 12:26:22
0,0,0,0,0,0 8/3/2018 12:26:23
0,0,1,0,0,0 8/3/2018 12:26:23
0,0,0,0,0,0 8/3/2018 12:26:23
0,0,0,0,0,0 8/3/2018 12:26:23
0,0,2,0,0,0 8/3/2018 12:26:23
0,0,4,0,0,0 8/3/2018 12:26:23
0,0,6,1,0,0 8/3/2018 12:26:23
0,0,4,0,0,0 8/3/2018 12:26:23
0,0,5,0,0,0 8/3/2018 12:26:23
0,0,10,0,0,0 8/3/2018 12:26:23
0,0,3,0,0,0 8/3/2018 12:26:23
0,0,11,0,0,0 8/3/2018 12:26:23
0,0,14,0,0,0 8/3/2018 12:26:23
0,0,5,0,0,0 8/3/2018 12:26:23
0,0,0,0,0,0 8/3/2018 12:26:23
0,0,0,0,0,0 8/3/2018 12:26:23
0,0,0,0,0,0 8/3/2018 12:26:23
0,0,0,0,0,0 8/3/2018 12:26:23
0,0,0,0,0,0 8/3/2018 12:26:23
0,0,0,0,0,0 8/3/2018 12:26:23
0,0,0,0,0,0 8/3/2018 12:26:23
0,0,0,0,0,0 8/3/2018 12:26:23
0,0,0,0,0,0 8/3/2018 12:26:23
0,0,0,0,0,0 8/3/2018 12:26:24
0,0,6,0,0,0 8/3/2018 12:26:24
0,0,0,4,0,0 8/3/2018 12:26:24
0,0,0,12,0,0 8/3/2018 12:26:24
0,0,28,0,0,0 8/3/2018 12:26:24
0,0,179,0,0,0 8/3/2018 12:26:24
0,0,369,0,0,0 8/3/2018 12:26:24
0,0,351,0,0,0 8/3/2018 12:26:24
0,0,302,0,0,0 8/3/2018 12:26:24
0,0,307,2,0,0 8/3/2018 12:26:24
0,0,266,12,0,0 8/3/2018 12:26:24
0,0,167,0,0,0 8/3/2018 12:26:24
0,0,85,0,0,0 8/3/2018 12:26:24
0,0,19,0,0,0 8/3/2018 12:26:24
0,0,22,5,0,0 8/3/2018 12:26:24
0,0,20,39,0,0 8/3/2018 12:26:24
0,0,0,47,0,0 8/3/2018 12:26:24
0,0,0,68,0,0 8/3/2018 12:26:24
0,0,0,71,0,0 8/3/2018 12:26:24
0,0,0,74,0,0 8/3/2018 12:26:24
0,0,0,92,0,0 8/3/2018 12:26:24
0,0,0,96,0,0 8/3/2018 12:26:24
0,0,0,72,0,0 8/3/2018 12:26:24
0,0,0,81,0,0 8/3/2018 12:26:25
0,0,0,65,0,0 8/3/2018 12:26:25
0,0,0,42,0,0 8/3/2018 12:26:25
0,0,0,15,0,0 8/3/2018 12:26:25
0,0,0,0,0,0 8/3/2018 12:26:25
0,0,0,0,0,0 8/3/2018 12:26:25
0,0,0,0,0,0 8/3/2018 12:26:25
0,0,0,0,0,0 8/3/2018 12:26:25
0,0,0,0,0,0 8/3/2018 12:26:25
0,0,0,0,0,0 8/3/2018 12:26:25
0,0,0,0,0,0 8/3/2018 12:26:25
0,0,0,0,0,0 8/3/2018 12:26:25
0,0,0,0,0,0 8/3/2018 12:26:25
0,0,0,0,0,0 8/3/2018 12:26:25
0,0,0,0,0,0 8/3/2018 12:26:25
0,0,0,0,0,0 8/3/2018 12:26:25
0,0,0,0,0,0 8/3/2018 12:26:25
0,0,0,0,0,0 8/3/2018 12:26:25
0,0,0,0,0,0 8/3/2018 12:26:25
0,0,0,0,0,0 8/3/2018 12:26:25
0,0,0,0,0,0 8/3/2018 12:26:25
0,0,0,34,0,0 8/3/2018 12:26:25
0,0,0,40,0,0 8/3/2018 12:26:26
0,0,0,66,0,0 8/3/2018 12:26:26
0,0,0,72,0,0 8/3/2018 12:26:26
0,0,0,16,0,0 8/3/2018 12:26:26
0,0,0,0,0,0 8/3/2018 12:26:26
0,0,0,0,0,0 8/3/2018 12:26:26
0,0,0,0,0,0 8/3/2018 12:26:26
0,0,0,0,0,0 8/3/2018 12:26:26
0,0,0,0,0,0 8/3/2018 12:26:26
0,0,0,0,0,0 8/3/2018 12:26:26
0,0,0,0,0,0 8/3/2018 12:26:26
0,0,0,0,0,0 8/3/2018 12:26:26
0,0,0,0,0,0 8/3/2018 12:26:26
0,0,0,0,0,0 8/3/2018 12:26:26
0,0,0,0,0,0 8/3/2018 12:26:26
0,0,0,0,0,0 8/3/2018 12:26:26
0,0,0,0,0,0 8/3/2018 12:26:26
0,0,0,0,0,0 8/3/2018 12:26:26
0,0,0,0,0,0 8/3/2018 12:26:26
0,0,0,0,0,0 8/3/2018 12:26:26
0,0,0,0,0,0 8/3/2018 12:26:26
0,0,0,0,0,0 8/3/2018 12:26:26
0,0,0,0,0,0 8/3/2018 12:26:26
0,0,33,0,0,0 8/3/2018 12:26:27
0,0,0,0,0,0 8/3/2018 12:26:27
0,0,0,0,0,0 8/3/2018 12:26:27
0,0,0,0,0,0 8/3/2018 12:26:27
0,0,0,0,0,0 8/3/2018 12:26:27
0,0,0,0,0,0 8/3/2018 12:26:27
0,0,0,0,0,0 8/3/2018 12:26:27
0,0,0,0,0,0 8/3/2018 12:26:27
0,0,0,0,0,0 8/3/2018 12:26:27
0,0,0,0,0,0 8/3/2018 12:26:27
0,0,0,0,0,0 8/3/2018 12:26:27
0,0,0,0,0,0 8/3/2018 12:26:27
0,0,0,0,0,0 8/3/2018 12:26:27
0,0,0,0,0,0 8/3/2018 12:26:27
0,0,0,0,0,0 8/3/2018 12:26:27
0,0,0,0,0,0 8/3/2018 12:26:27
0,0,0,0,0,0 8/3/2018 12:26:27
0,0,0,0,0,0 8/3/2018 12:26:27
0,0,0,0,0,0 8/3/2018 12:26:27
0,0,0,0,0,0 8/3/2018 12:26:27
0,0,0,0,0,0 8/3/2018 12:26:27
0,0,0,0,0,0 8/3/2018 12:26:27
0,0,0,0,0,0 8/3/2018 12:26:27
0,0,0,0,0,0 8/3/2018 12:26:28
0,0,0,0,0,0 8/3/2018 12:26:28
0,0,0,0,0,0 8/3/2018 12:26:28
0,0,0,0,0,0 8/3/2018 12:26:28
0,0,0,0,0,0 8/3/2018 12:26:28
0,0,0,0,0,0 8/3/2018 12:26:28
0,0,0,0,0,0 8/3/2018 12:26:28
0,0,0,0,0,0 8/3/2018 12:26:28
0,0,0,0,0,0 8/3/2018 12:26:28
0,0,0,0,0,0 8/3/2018 12:26:28
0,0,0,0,0,0 8/3/2018 12:26:28
0,0,0,0,0,0 8/3/2018 12:26:28
0,0,0,0,0,0 8/3/2018 12:26:28
0,0,0,0,0,0 8/3/2018 12:26:28
0,0,0,0,0,0 8/3/2018 12:26:28
0,0,0,0,0,0 8/3/2018 12:26:28
0,0,0,0,0,0 8/3/2018 12:26:28
0,0,0,0,0,0 8/3/2018 12:26:28
0,0,0,0,0,0 8/3/2018 12:26:28
0,0,0,0,0,0 8/3/2018 12:26:28
0,0,0,0,0,0 8/3/2018 12:26:28
0,0,0,0,0,0 8/3/2018 12:26:28
0,0,0,0,0,0 8/3/2018 12:26:29
0,0,0,0,0,0 8/3/2018 12:26:29
0,0,0,78,0,0 8/3/2018 12:26:29
0,0,0,168,0,0 8/3/2018 12:26:29
0,0,0,237,0,0 8/3/2018 12:26:29
0,0,0,289,0,0 8/3/2018 12:26:29
0,0,0,326,0,0 8/3/2018 12:26:29
0,0,0,323,0,0 8/3/2018 12:26:29
0,0,0,236,0,0 8/3/2018 12:26:29
0,0,0,80,0,2 8/3/2018 12:26:29
0,0,0,46,0,0 8/3/2018 12:26:29
0,0,0,32,0,0 8/3/2018 12:26:29
0,0,0,0,0,0 8/3/2018 12:26:29
0,0,0,0,0,0 8/3/2018 12:26:29
0,0,0,0,0,0 8/3/2018 12:26:29
0,0,0,0,0,0 8/3/2018 12:26:29
0,0,0,0,0,0 8/3/2018 12:26:29
0,0,0,0,0,0 8/3/2018 12:26:29
0,0,0,0,0,0 8/3/2018 12:26:29
0,0,0,0,0,0 8/3/2018 12:26:29
0,0,0,0,0,0 8/3/2018 12:26:29
0,0,0,0,0,0 8/3/2018 12:26:29
0,0,0,0,0,0 8/3/2018 12:26:29
0,0,0,0,0,0 8/3/2018 12:26:30
0,0,0,0,0,0 8/3/2018 12:26:30
0,0,0,0,0,0 8/3/2018 12:26:30
0,0,0,0,0,0 8/3/2018 12:26:30
0,0,0,0,0,0 8/3/2018 12:26:30
0,0,0,0,0,0 8/3/2018 12:26:30
0,0,0,0,0,0 8/3/2018 12:26:30
0,0,0,0,0,0 8/3/2018 12:26:30
0,0,0,0,0,0 8/3/2018 12:26:30
0,0,0,0,0,0 8/3/2018 12:26:30
0,0,0,0,0,0 8/3/2018 12:26:30
0,0,0,0,0,0 8/3/2018 12:26:30
0,0,0,0,0,0 8/3/2018 12:26:30
0,0,0,0,0,0 8/3/2018 12:26:30
0,0,0,0,0,0 8/3/2018 12:26:30
0,0,0,0,0,0 8/3/2018 12:26:30
0,0,0,0,0,0 8/3/2018 12:26:30
0,0,0,0,0,0 8/3/2018 12:26:30
0,0,0,0,0,0 8/3/2018 12:26:30
0,0,0,0,0,0 8/3/2018 12:26:30
0,0,0,0,0,0 8/3/2018 12:26:30
0,0,0,0,0,0 8/3/2018 12:26:30
0,0,0,0,0,0 8/3/2018 12:26:30
0,0,0,0,0,0 8/3/2018 12:26:31
0,0,0,0,0,0 8/3/2018 12:26:31
0,0,0,0,0,0 8/3/2018 12:26:31
0,0,0,0,0,0 8/3/2018 12:26:31
0,0,0,0,0,0 8/3/2018 12:26:31
0,0,0,0,0,0 8/3/2018 12:26:31
0,0,0,0,0,0 8/3/2018 12:26:31
0,0,0,0,0,0 8/3/2018 12:26:31
0,0,0,0,0,0 8/3/2018 12:26:31
0,0,0,0,0,0 8/3/2018 12:26:31
0,0,0,0,0,0 8/3/2018 12:26:31
0,0,0,0,0,0 8/3/2018 12:26:31
0,0,0,0,0,0 8/3/2018 12:26:31
0,0,0,0,0,0 8/3/2018 12:26:31
0,0,0,0,0,0 8/3/2018 12:26:31
0,0,0,0,0,0 8/3/2018 12:26:31
0,0,0,0,0,0 8/3/2018 12:26:31
0,0,0,0,0,0 8/3/2018 12:26:31
0,0,0,0,0,0 8/3/2018 12:26:31
0,0,0,0,0,0 8/3/2018 12:26:31
0,0,0,0,0,0 8/3/2018 12:26:31
0,0,0,0,0,0 8/3/2018 12:26:31
0,0,0,0,0,0 8/3/2018 12:26:31
0,0,0,0,0,0 8/3/2018 12:26:32
0,0,0,0,0,0 8/3/2018 12:26:32
0,0,0,0,0,0 8/3/2018 12:26:32
0,0,0,0,0,0 8/3/2018 12:26:32
0,0,0,0,0,0 8/3/2018 12:26:32
0,0,0,0,0,0 8/3/2018 12:26:32
0,0,0,0,0,0 8/3/2018 12:26:32
0,0,0,0,0,0 8/3/2018 12:26:32
0,0,0,0,0,0 8/3/2018 12:26:32
0,0,0,0,0,0 8/3/2018 12:26:32
0,0,0,0,0,0 8/3/2018 12:26:32
0,0,0,0,0,0 8/3/2018 12:26:32
0,0,0,0,0,0 8/3/2018 12:26:32
0,0,0,0,0,0 8/3/2018 12:26:32
0,0,0,0,0,0 8/3/2018 12:26:32
0,0,0,0,0,0 8/3/2018 12:26:32
0,0,0,0,0,0 8/3/2018 12:26:32
0,0,0,0,0,0 8/3/2018 12:26:32
0,0,0,0,0,0 8/3/2018 12:26:32
0,0,0,0,0,0 8/3/2018 12:26:32
0,0,0,0,0,0 8/3/2018 12:26:32
0,0,0,0,0,0 8/3/2018 12:26:32
0,0,0,0,0,0 8/3/2018 12:26:33
0,0,0,0,0,0 8/3/2018 12:26:33
0,0,0,0,0,0 8/3/2018 12:26:33
0,0,0,0,0,0 8/3/2018 12:26:33
0,0,0,0,0,0 8/3/2018 12:26:33
0,0,0,0,0,0 8/3/2018 12:26:33
0,0,0,0,0,0 8/3/2018 12:26:33
0,0,0,0,0,0 8/3/2018 12:26:33
0,0,0,0,0,0 8/3/2018 12:26:33
0,0,0,0,0,0 8/3/2018 12:26:33
