0,0,0,0,0,0 8/3/2018 12:28:10
0,0,0,0,0,0 8/3/2018 12:28:10
0,0,0,0,0,0 8/3/2018 12:28:10
0,0,0,0,0,0 8/3/2018 12:28:10
0,0,0,0,0,0 8/3/2018 12:28:10
0,0,0,0,0,0 8/3/2018 12:28:10
0,0,0,0,0,0 8/3/2018 12:28:10
0,0,0,0,0,0 8/3/2018 12:28:10
0,0,0,0,0,0 8/3/2018 12:28:10
0,0,0,0,0,0 8/3/2018 12:28:10
0,0,0,0,0,0 8/3/2018 12:28:10
0,0,0,0,0,0 8/3/2018 12:28:10
0,0,0,0,0,0 8/3/2018 12:28:10
0,0,0,0,0,0 8/3/2018 12:28:10
0,0,0,0,0,0 8/3/2018 12:28:11
0,0,0,0,0,0 8/3/2018 12:28:11
0,0,0,0,0,0 8/3/2018 12:28:11
0,0,0,0,0,0 8/3/2018 12:28:11
0,0,0,0,0,0 8/3/2018 12:28:11
0,0,0,0,0,0 8/3/2018 12:28:11
0,0,0,0,0,0 8/3/2018 12:28:11
0,0,0,0,0,0 8/3/2018 12:28:11
0,0,0,0,0,0 8/3/2018 12:28:11
0,0,0,0,0,0 8/3/2018 12:28:11
0,0,0,0,0,0 8/3/2018 12:28:11
0,0,0,0,0,0 8/3/2018 12:28:11
0,0,0,0,0,0 8/3/2018 12:28:11
0,0,0,0,0,0 8/3/2018 12:28:11
0,0,0,0,0,0 8/3/2018 12:28:11
0,0,0,0,0,0 8/3/2018 12:28:11
0,0,0,0,0,0 8/3/2018 12:28:11
0,0,3,0,0,0 8/3/2018 12:28:11
0,0,0,0,0,0 8/3/2018 12:28:11
0,0,0,0,0,0 8/3/2018 12:28:11
0,0,0,0,0,0 8/3/2018 12:28:11
0,0,0,0,0,0 8/3/2018 12:28:11
0,0,0,0,0,0 8/3/2018 12:28:12
0,0,0,0,0,0 8/3/2018 12:28:12
0,0,0,0,0,0 8/3/2018 12:28:12
0,0,0,0,0,0 8/3/2018 12:28:12
0,0,0,0,0,0 8/3/2018 12:28:12
0,0,0,0,0,0 8/3/2018 12:28:12
0,0,0,0,0,0 8/3/2018 12:28:12
0,0,0,0,0,0 8/3/2018 12:28:12
0,0,0,0,0,0 8/3/2018 12:28:12
0,0,0,0,0,0 8/3/2018 12:28:12
0,0,0,0,0,0 8/3/2018 12:28:12
0,0,0,0,0,0 8/3/2018 12:28:12
0,0,0,0,0,0 8/3/2018 12:28:12
0,0,0,0,0,0 8/3/2018 12:28:12
0,0,0,0,0,0 8/3/2018 12:28:12
0,0,0,0,0,0 8/3/2018 12:28:12
0,0,0,0,0,0 8/3/2018 12:28:12
0,0,0,0,0,0 8/3/2018 12:28:12
0,0,0,0,0,0 8/3/2018 12:28:12
0,0,0,0,0,0 8/3/2018 12:28:12
0,0,0,0,0,0 8/3/2018 12:28:12
0,0,0,0,0,0 8/3/2018 12:28:12
0,0,0,0,0,0 8/3/2018 12:28:12
0,0,0,0,0,0 8/3/2018 12:28:13
0,0,0,0,0,0 8/3/2018 12:28:13
0,0,0,0,0,0 8/3/2018 12:28:13
0,0,0,0,0,0 8/3/2018 12:28:13
0,0,0,0,0,0 8/3/2018 12:28:13
0,0,0,0,0,0 8/3/2018 12:28:13
0,0,0,0,0,0 8/3/2018 12:28:13
0,0,0,0,0,0 8/3/2018 12:28:13
0,0,0,0,0,0 8/3/2018 12:28:13
0,0,0,0,0,0 8/3/2018 12:28:13
0,0,0,0,0,0 8/3/2018 12:28:13
0,0,0,0,0,0 8/3/2018 12:28:13
0,0,0,0,0,0 8/3/2018 12:28:13
0,0,0,0,0,0 8/3/2018 12:28:13
0,0,0,0,0,0 8/3/2018 12:28:13
0,0,0,0,0,0 8/3/2018 12:28:13
0,0,0,0,0,0 8/3/2018 12:28:13
0,0,0,0,0,0 8/3/2018 12:28:13
0,0,0,0,0,0 8/3/2018 12:28:13
0,0,0,0,0,0 8/3/2018 12:28:13
0,0,0,0,0,0 8/3/2018 12:28:13
0,0,0,0,0,0 8/3/2018 12:28:13
0,0,0,0,0,0 8/3/2018 12:28:13
0,0,0,0,0,0 8/3/2018 12:28:14
0,0,0,0,0,0 8/3/2018 12:28:14
0,0,0,0,0,0 8/3/2018 12:28:14
0,0,0,0,0,0 8/3/2018 12:28:14
0,0,0,0,0,0 8/3/2018 12:28:14
0,0,0,0,0,0 8/3/2018 12:28:14
0,0,0,0,0,0 8/3/2018 12:28:14
0,0,0,0,0,0 8/3/2018 12:28:14
0,0,0,0,0,0 8/3/2018 12:28:14
0,0,0,0,0,0 8/3/2018 12:28:14
0,0,0,0,0,0 8/3/2018 12:28:14
0,0,0,0,0,0 8/3/2018 12:28:14
0,0,0,0,0,0 8/3/2018 12:28:14
0,0,0,0,0,0 8/3/2018 12:28:14
0,0,0,0,0,0 8/3/2018 12:28:14
0,0,0,0,0,0 8/3/2018 12:28:14
0,0,0,0,0,0 8/3/2018 12:28:14
0,0,0,0,0,0 8/3/2018 12:28:14
0,0,0,0,0,0 8/3/2018 12:28:14
0,0,0,0,0,0 8/3/2018 12:28:14
0,0,0,0,0,0 8/3/2018 12:28:14
0,0,0,0,0,0 8/3/2018 12:28:14
0,0,0,0,0,0 8/3/2018 12:28:14
0,0,0,0,0,0 8/3/2018 12:28:15
0,0,0,0,0,0 8/3/2018 12:28:15
0,0,0,0,0,0 8/3/2018 12:28:15
0,0,0,0,0,0 8/3/2018 12:28:15
0,0,0,0,0,0 8/3/2018 12:28:15
0,0,0,0,0,0 8/3/2018 12:28:15
0,0,0,0,0,0 8/3/2018 12:28:15
0,0,21,0,0,0 8/3/2018 12:28:15
0,0,5,0,0,0 8/3/2018 12:28:15
0,0,6,0,0,0 8/3/2018 12:28:15
0,0,12,0,0,0 8/3/2018 12:28:15
0,0,8,0,0,0 8/3/2018 12:28:15
0,0,8,0,0,0 8/3/2018 12:28:15
0,0,5,0,0,0 8/3/2018 12:28:15
0,0,7,0,0,0 8/3/2018 12:28:15
0,0,12,0,0,0 8/3/2018 12:28:15
0,0,12,0,0,0 8/3/2018 12:28:15
0,0,10,0,0,0 8/3/2018 12:28:15
0,0,0,0,0,0 8/3/2018 12:28:15
0,0,22,0,0,0 8/3/2018 12:28:15
0,0,0,0,0,0 8/3/2018 12:28:15
0,0,0,0,0,0 8/3/2018 12:28:15
0,0,0,0,0,0 8/3/2018 12:28:16
0,0,0,0,0,0 8/3/2018 12:28:16
0,0,0,0,0,0 8/3/2018 12:28:16
0,0,0,0,0,0 8/3/2018 12:28:16
0,0,0,0,0,0 8/3/2018 12:28:16
0,0,0,0,0,0 8/3/2018 12:28:16
0,0,0,0,0,0 8/3/2018 12:28:16
0,0,0,0,0,0 8/3/2018 12:28:16
0,0,0,0,0,0 8/3/2018 12:28:16
0,0,35,0,0,0 8/3/2018 12:28:16
0,0,3,0,0,0 8/3/2018 12:28:16
0,0,15,0,0,0 8/3/2018 12:28:16
0,0,25,0,0,0 8/3/2018 12:28:16
0,0,29,0,0,0 8/3/2018 12:28:16
0,0,29,0,0,0 8/3/2018 12:28:16
0,0,32,0,0,0 8/3/2018 12:28:16
0,0,32,0,0,0 8/3/2018 12:28:16
0,0,31,0,0,0 8/3/2018 12:28:16
0,0,31,0,0,0 8/3/2018 12:28:16
0,0,33,0,0,0 8/3/2018 12:28:16
0,0,26,0,0,0 8/3/2018 12:28:16
0,0,26,0,0,0 8/3/2018 12:28:16
0,0,25,0,0,0 8/3/2018 12:28:16
0,0,26,0,0,0 8/3/2018 12:28:17
0,0,28,0,0,0 8/3/2018 12:28:17
0,0,25,0,0,0 8/3/2018 12:28:17
0,0,22,0,0,0 8/3/2018 12:28:17
0,1,23,0,0,0 8/3/2018 12:28:17
0,0,24,0,0,0 8/3/2018 12:28:17
0,0,24,0,0,0 8/3/2018 12:28:17
0,0,24,0,0,0 8/3/2018 12:28:17
0,0,25,0,0,0 8/3/2018 12:28:17
0,0,30,0,0,0 8/3/2018 12:28:17
0,0,32,0,0,0 8/3/2018 12:28:17
0,0,33,0,0,0 8/3/2018 12:28:17
0,0,30,0,0,0 8/3/2018 12:28:17
0,0,31,0,0,0 8/3/2018 12:28:17
0,0,33,0,0,0 8/3/2018 12:28:17
0,0,22,0,0,0 8/3/2018 12:28:17
0,0,26,0,0,0 8/3/2018 12:28:17
0,0,29,0,0,0 8/3/2018 12:28:17
0,0,27,0,0,0 8/3/2018 12:28:17
0,0,23,0,0,0 8/3/2018 12:28:17
0,0,26,0,0,0 8/3/2018 12:28:17
0,0,29,0,0,0 8/3/2018 12:28:17
0,0,28,0,0,0 8/3/2018 12:28:17
0,0,32,0,0,0 8/3/2018 12:28:18
0,0,35,0,0,0 8/3/2018 12:28:18
0,0,34,0,0,0 8/3/2018 12:28:18
0,0,24,0,0,0 8/3/2018 12:28:18
0,0,30,0,0,0 8/3/2018 12:28:18
0,0,37,0,0,0 8/3/2018 12:28:18
0,0,38,0,0,0 8/3/2018 12:28:18
0,0,33,0,0,0 8/3/2018 12:28:18
0,0,36,0,0,0 8/3/2018 12:28:18
0,0,32,0,0,0 8/3/2018 12:28:18
0,0,34,0,0,0 8/3/2018 12:28:18
0,0,26,0,0,0 8/3/2018 12:28:18
0,0,25,0,0,0 8/3/2018 12:28:18
0,0,27,0,0,0 8/3/2018 12:28:18
0,0,28,0,1,0 8/3/2018 12:28:18
0,0,26,0,0,0 8/3/2018 12:28:18
0,0,27,0,0,0 8/3/2018 12:28:18
0,0,29,0,0,0 8/3/2018 12:28:18
0,0,29,0,0,0 8/3/2018 12:28:18
0,0,29,0,0,0 8/3/2018 12:28:18
0,0,29,0,0,0 8/3/2018 12:28:18
0,0,28,0,0,0 8/3/2018 12:28:18
0,0,29,0,0,0 8/3/2018 12:28:18
0,0,31,0,0,0 8/3/2018 12:28:19
0,0,31,0,0,0 8/3/2018 12:28:19
0,0,25,0,0,0 8/3/2018 12:28:19
0,0,29,0,0,0 8/3/2018 12:28:19
0,0,33,0,0,0 8/3/2018 12:28:19
0,0,32,0,0,0 8/3/2018 12:28:19
0,0,31,0,0,0 8/3/2018 12:28:19
0,0,34,0,0,0 8/3/2018 12:28:19
0,0,33,0,0,0 8/3/2018 12:28:19
0,0,34,0,0,0 8/3/2018 12:28:19
0,0,37,0,0,0 8/3/2018 12:28:19
0,0,35,0,0,0 8/3/2018 12:28:19
0,0,36,0,0,0 8/3/2018 12:28:19
0,0,35,0,0,0 8/3/2018 12:28:19
0,0,33,0,0,0 8/3/2018 12:28:19
0,0,33,0,0,0 8/3/2018 12:28:19
0,0,33,0,0,0 8/3/2018 12:28:19
0,0,35,0,0,0 8/3/2018 12:28:19
0,0,37,0,0,0 8/3/2018 12:28:19
0,0,36,0,0,0 8/3/2018 12:28:19
0,0,35,0,0,0 8/3/2018 12:28:19
0,0,36,0,0,0 8/3/2018 12:28:19
0,0,38,0,0,0 8/3/2018 12:28:20
0,0,40,0,0,0 8/3/2018 12:28:20
0,0,38,0,0,0 8/3/2018 12:28:20
0,0,31,0,0,0 8/3/2018 12:28:20
0,0,31,0,0,0 8/3/2018 12:28:20
0,0,31,0,0,0 8/3/2018 12:28:20
0,0,34,0,0,0 8/3/2018 12:28:20
0,0,35,0,0,0 8/3/2018 12:28:20
0,0,36,0,0,0 8/3/2018 12:28:20
0,0,35,0,0,0 8/3/2018 12:28:20
0,0,36,0,0,0 8/3/2018 12:28:20
0,0,38,0,0,0 8/3/2018 12:28:20
0,0,36,0,0,0 8/3/2018 12:28:20
0,0,38,0,0,0 8/3/2018 12:28:20
0,0,38,0,0,0 8/3/2018 12:28:20
0,0,39,0,0,0 8/3/2018 12:28:20
0,0,39,0,0,0 8/3/2018 12:28:20
0,0,39,0,0,0 8/3/2018 12:28:20
0,0,38,0,0,0 8/3/2018 12:28:20
0,0,37,0,0,0 8/3/2018 12:28:20
0,0,37,0,0,0 8/3/2018 12:28:20
0,0,38,0,0,0 8/3/2018 12:28:20
0,0,38,0,0,0 8/3/2018 12:28:20
0,0,40,0,0,0 8/3/2018 12:28:21
0,0,40,0,0,0 8/3/2018 12:28:21
0,0,40,0,0,0 8/3/2018 12:28:21
