0,0,0,0,0,0 8/3/2018 12:29:0
0,0,0,0,0,0 8/3/2018 12:29:0
0,0,0,0,0,0 8/3/2018 12:29:0
0,0,0,0,0,0 8/3/2018 12:29:0
0,0,0,0,0,0 8/3/2018 12:29:0
0,0,0,0,0,0 8/3/2018 12:29:0
0,0,0,0,0,0 8/3/2018 12:29:0
0,0,0,0,0,0 8/3/2018 12:29:0
0,0,0,0,0,0 8/3/2018 12:29:0
0,0,0,0,0,0 8/3/2018 12:29:0
0,0,0,0,0,0 8/3/2018 12:29:0
0,0,0,0,0,0 8/3/2018 12:29:0
0,0,0,0,0,0 8/3/2018 12:29:0
0,0,0,0,0,0 8/3/2018 12:29:0
0,0,0,0,0,0 8/3/2018 12:29:0
0,0,0,0,0,0 8/3/2018 12:29:0
0,0,0,0,0,0 8/3/2018 12:29:0
0,0,0,0,0,0 8/3/2018 12:29:1
0,0,0,0,0,0 8/3/2018 12:29:1
0,0,0,0,0,0 8/3/2018 12:29:1
0,0,0,0,0,0 8/3/2018 12:29:1
0,0,0,0,0,0 8/3/2018 12:29:1
0,0,0,0,0,0 8/3/2018 12:29:1
0,0,0,0,0,0 8/3/2018 12:29:1
0,0,0,0,0,0 8/3/2018 12:29:1
0,0,0,0,0,0 8/3/2018 12:29:1
0,0,0,0,0,0 8/3/2018 12:29:1
0,0,0,0,0,0 8/3/2018 12:29:1
0,0,0,0,0,0 8/3/2018 12:29:1
0,0,0,0,0,0 8/3/2018 12:29:1
0,0,0,0,0,0 8/3/2018 12:29:1
0,0,0,0,0,0 8/3/2018 12:29:1
0,0,11,0,0,0 8/3/2018 12:29:1
0,0,13,0,0,0 8/3/2018 12:29:1
0,0,1,0,0,0 8/3/2018 12:29:1
0,0,0,0,0,0 8/3/2018 12:29:1
0,0,4,0,0,0 8/3/2018 12:29:1
0,0,3,0,0,0 8/3/2018 12:29:1
0,0,5,0,0,0 8/3/2018 12:29:1
0,0,39,0,0,0 8/3/2018 12:29:1
0,0,0,0,0,0 8/3/2018 12:29:2
0,0,0,0,0,0 8/3/2018 12:29:2
0,0,0,0,0,0 8/3/2018 12:29:2
0,0,0,0,0,0 8/3/2018 12:29:2
0,0,0,0,0,0 8/3/2018 12:29:2
0,0,5,0,0,0 8/3/2018 12:29:2
0,0,7,0,0,0 8/3/2018 12:29:2
0,0,2,14,0,0 8/3/2018 12:29:2
0,0,0,55,0,0 8/3/2018 12:29:2
0,0,0,68,0,0 8/3/2018 12:29:2
0,0,0,58,0,0 8/3/2018 12:29:2
0,0,0,57,0,0 8/3/2018 12:29:2
0,0,0,129,0,0 8/3/2018 12:29:2
0,0,0,134,0,0 8/3/2018 12:29:2
0,0,0,152,0,0 8/3/2018 12:29:2
0,0,0,186,0,0 8/3/2018 12:29:2
0,0,0,206,0,0 8/3/2018 12:29:2
0,0,0,192,0,0 8/3/2018 12:29:2
0,0,0,199,0,0 8/3/2018 12:29:2
0,0,4,8,0,0 8/3/2018 12:29:2
0,0,16,0,0,0 8/3/2018 12:29:2
0,0,3,0,0,0 8/3/2018 12:29:2
0,0,8,0,0,0 8/3/2018 12:29:3
0,1,0,0,0,0 8/3/2018 12:29:3
0,0,0,0,0,0 8/3/2018 12:29:3
0,0,3,0,0,0 8/3/2018 12:29:3
0,0,8,0,0,0 8/3/2018 12:29:3
0,0,0,0,0,0 8/3/2018 12:29:3
0,0,0,0,0,0 8/3/2018 12:29:3
0,0,0,0,0,0 8/3/2018 12:29:3
0,0,0,0,0,0 8/3/2018 12:29:3
0,0,0,0,0,0 8/3/2018 12:29:3
0,0,2,0,0,0 8/3/2018 12:29:3
0,0,4,0,0,0 8/3/2018 12:29:3
0,0,17,0,0,0 8/3/2018 12:29:3
0,0,1,0,0,0 8/3/2018 12:29:3
0,0,0,0,0,0 8/3/2018 12:29:3
0,0,0,0,0,0 8/3/2018 12:29:3
0,0,0,0,0,0 8/3/2018 12:29:3
0,0,0,0,0,0 8/3/2018 12:29:3
0,0,0,0,0,0 8/3/2018 12:29:3
0,0,0,6,0,0 8/3/2018 12:29:3
0,0,1,148,0,0 8/3/2018 12:29:3
0,0,2,110,0,0 8/3/2018 12:29:3
0,0,0,0,0,0 8/3/2018 12:29:3
0,0,0,0,0,0 8/3/2018 12:29:4
0,0,0,0,0,0 8/3/2018 12:29:4
0,0,2,0,0,0 8/3/2018 12:29:4
0,0,4,0,0,0 8/3/2018 12:29:4
0,0,5,0,0,0 8/3/2018 12:29:4
0,0,7,0,0,0 8/3/2018 12:29:4
0,0,6,0,0,0 8/3/2018 12:29:4
0,0,5,0,0,0 8/3/2018 12:29:4
0,0,7,4,0,0 8/3/2018 12:29:4
0,0,8,15,0,0 8/3/2018 12:29:4
0,0,14,40,0,0 8/3/2018 12:29:4
0,0,11,46,0,0 8/3/2018 12:29:4
0,0,9,41,0,0 8/3/2018 12:29:4
0,0,12,28,0,0 8/3/2018 12:29:4
0,0,12,66,0,0 8/3/2018 12:29:4
0,0,12,31,0,0 8/3/2018 12:29:4
0,0,9,31,0,0 8/3/2018 12:29:4
0,0,7,0,0,0 8/3/2018 12:29:4
0,0,7,0,0,0 8/3/2018 12:29:4
0,0,7,0,0,0 8/3/2018 12:29:4
0,0,11,0,0,0 8/3/2018 12:29:4
0,0,16,0,0,0 8/3/2018 12:29:4
0,0,15,0,0,0 8/3/2018 12:29:4
0,0,14,0,0,0 8/3/2018 12:29:5
0,0,13,0,0,0 8/3/2018 12:29:5
0,0,12,0,0,0 8/3/2018 12:29:5
0,0,10,0,0,0 8/3/2018 12:29:5
0,0,12,0,0,0 8/3/2018 12:29:5
0,0,10,0,0,0 8/3/2018 12:29:5
0,0,0,0,0,0 8/3/2018 12:29:5
0,0,0,28,0,0 8/3/2018 12:29:5
0,0,0,58,0,0 8/3/2018 12:29:5
0,0,0,46,0,0 8/3/2018 12:29:5
0,0,0,47,0,0 8/3/2018 12:29:5
0,0,3,47,0,0 8/3/2018 12:29:5
0,0,8,87,0,0 8/3/2018 12:29:5
0,0,8,97,0,0 8/3/2018 12:29:5
0,0,13,97,0,0 8/3/2018 12:29:5
0,0,11,97,0,0 8/3/2018 12:29:5
0,0,19,115,0,0 8/3/2018 12:29:5
0,0,37,120,0,0 8/3/2018 12:29:5
0,0,42,121,0,0 8/3/2018 12:29:5
0,0,50,131,0,0 8/3/2018 12:29:5
0,0,59,135,0,0 8/3/2018 12:29:5
0,0,67,142,0,0 8/3/2018 12:29:5
0,0,69,139,0,0 8/3/2018 12:29:5
0,0,69,106,0,0 8/3/2018 12:29:6
0,0,82,96,0,0 8/3/2018 12:29:6
0,0,90,101,0,0 8/3/2018 12:29:6
0,0,85,112,0,0 8/3/2018 12:29:6
0,0,82,98,0,0 8/3/2018 12:29:6
0,0,76,99,0,0 8/3/2018 12:29:6
0,0,81,97,0,0 8/3/2018 12:29:6
0,0,76,94,0,0 8/3/2018 12:29:6
0,0,37,64,0,0 8/3/2018 12:29:6
0,0,21,57,0,0 8/3/2018 12:29:6
0,0,0,43,0,0 8/3/2018 12:29:6
0,0,0,49,0,0 8/3/2018 12:29:6
0,0,0,0,0,0 8/3/2018 12:29:6
0,0,0,0,0,0 8/3/2018 12:29:6
0,0,0,0,0,0 8/3/2018 12:29:6
0,0,2,0,0,0 8/3/2018 12:29:6
0,0,0,0,0,0 8/3/2018 12:29:6
0,0,0,0,0,0 8/3/2018 12:29:6
0,0,0,0,0,0 8/3/2018 12:29:6
0,0,0,0,0,0 8/3/2018 12:29:6
0,0,0,0,0,0 8/3/2018 12:29:6
0,0,0,74,0,0 8/3/2018 12:29:6
0,0,0,140,0,0 8/3/2018 12:29:7
0,0,21,98,0,0 8/3/2018 12:29:7
0,0,45,92,0,0 8/3/2018 12:29:7
0,0,32,106,0,0 8/3/2018 12:29:7
0,0,31,106,0,0 8/3/2018 12:29:7
0,0,56,116,0,0 8/3/2018 12:29:7
0,0,35,116,0,0 8/3/2018 12:29:7
0,0,79,117,0,0 8/3/2018 12:29:7
0,0,88,143,0,0 8/3/2018 12:29:7
0,0,76,161,0,0 8/3/2018 12:29:7
0,0,84,204,0,0 8/3/2018 12:29:7
0,0,87,232,0,0 8/3/2018 12:29:7
0,0,93,240,0,0 8/3/2018 12:29:7
0,0,93,244,0,0 8/3/2018 12:29:7
0,0,94,242,0,0 8/3/2018 12:29:7
0,0,91,232,0,0 8/3/2018 12:29:7
0,0,68,230,0,0 8/3/2018 12:29:7
0,0,49,199,0,0 8/3/2018 12:29:7
0,0,0,42,0,0 8/3/2018 12:29:7
0,0,0,0,0,0 8/3/2018 12:29:7
0,0,0,0,0,0 8/3/2018 12:29:7
0,0,0,0,0,0 8/3/2018 12:29:7
0,0,0,0,0,0 8/3/2018 12:29:7
0,0,14,0,0,0 8/3/2018 12:29:8
0,0,4,0,0,0 8/3/2018 12:29:8
0,0,13,0,0,0 8/3/2018 12:29:8
0,0,0,0,0,0 8/3/2018 12:29:8
0,0,0,0,0,0 8/3/2018 12:29:8
0,0,0,0,0,0 8/3/2018 12:29:8
0,0,5,0,0,0 8/3/2018 12:29:8
0,0,10,0,0,0 8/3/2018 12:29:8
0,0,14,0,0,0 8/3/2018 12:29:8
0,0,11,0,0,0 8/3/2018 12:29:8
0,0,20,0,0,0 8/3/2018 12:29:8
0,0,32,38,0,0 8/3/2018 12:29:8
0,0,33,69,0,0 8/3/2018 12:29:8
0,0,51,62,0,0 8/3/2018 12:29:8
0,0,59,80,0,0 8/3/2018 12:29:8
0,0,66,97,0,0 8/3/2018 12:29:8
0,0,63,95,0,0 8/3/2018 12:29:8
0,0,55,97,0,0 8/3/2018 12:29:8
0,0,61,96,0,0 8/3/2018 12:29:8
0,0,61,86,0,0 8/3/2018 12:29:8
0,0,31,44,0,0 8/3/2018 12:29:8
0,0,22,0,0,0 8/3/2018 12:29:8
0,0,2,0,0,0 8/3/2018 12:29:8
0,0,0,0,0,0 8/3/2018 12:29:9
0,0,0,0,0,0 8/3/2018 12:29:9
0,0,0,0,0,0 8/3/2018 12:29:9
0,0,0,0,0,0 8/3/2018 12:29:9
0,0,0,1,0,0 8/3/2018 12:29:9
0,0,0,0,0,0 8/3/2018 12:29:9
0,0,0,0,0,0 8/3/2018 12:29:9
0,0,0,0,0,0 8/3/2018 12:29:9
0,0,0,0,0,0 8/3/2018 12:29:9
0,0,0,0,0,0 8/3/2018 12:29:9
0,0,0,0,0,0 8/3/2018 12:29:9
0,0,0,0,0,0 8/3/2018 12:29:9
0,0,0,0,0,0 8/3/2018 12:29:9
0,0,0,37,0,0 8/3/2018 12:29:9
0,0,0,81,0,0 8/3/2018 12:29:9
0,0,0,217,0,0 8/3/2018 12:29:9
0,0,0,269,0,0 8/3/2018 12:29:9
0,0,0,342,0,0 8/3/2018 12:29:9
0,0,0,380,0,0 8/3/2018 12:29:9
0,0,0,413,0,0 8/3/2018 12:29:9
0,0,0,438,0,0 8/3/2018 12:29:9
0,0,0,454,0,0 8/3/2018 12:29:9
0,0,0,464,0,0 8/3/2018 12:29:9
0,0,0,466,0,0 8/3/2018 12:29:10
0,0,0,429,0,0 8/3/2018 12:29:10
0,0,0,274,0,0 8/3/2018 12:29:10
0,0,7,0,0,0 8/3/2018 12:29:10
0,0,0,0,0,0 8/3/2018 12:29:10
0,0,0,0,0,0 8/3/2018 12:29:10
0,0,0,0,0,0 8/3/2018 12:29:10
0,0,0,0,0,0 8/3/2018 12:29:10
0,0,0,0,0,0 8/3/2018 12:29:10
0,0,0,0,0,0 8/3/2018 12:29:10
0,0,0,0,0,0 8/3/2018 12:29:10
0,0,0,0,0,0 8/3/2018 12:29:10
0,0,0,0,0,0 8/3/2018 12:29:10
0,0,0,0,0,0 8/3/2018 12:29:10
0,0,0,0,0,0 8/3/2018 12:29:10
0,0,0,0,0,0 8/3/2018 12:29:10
0,0,3,0,0,0 8/3/2018 12:29:10
0,0,6,0,0,0 8/3/2018 12:29:10
0,0,8,0,0,0 8/3/2018 12:29:10
0,0,8,0,0,0 8/3/2018 12:29:10
0,0,4,0,0,0 8/3/2018 12:29:10
