0,0,273,0,0,0 8/1/2018 11:24:13
0,78,286,0,0,0 8/1/2018 11:24:13
0,93,322,0,0,0 8/1/2018 11:24:13
0,89,316,0,0,0 8/1/2018 11:24:13
0,89,270,0,0,0 8/1/2018 11:24:13
0,52,275,0,0,0 8/1/2018 11:24:13
0,0,290,0,0,0 8/1/2018 11:24:13
0,0,294,0,0,0 8/1/2018 11:24:13
0,0,209,0,0,0 8/1/2018 11:24:13
0,0,143,55,0,0 8/1/2018 11:24:13
0,0,189,109,0,0 8/1/2018 11:24:13
0,0,244,170,0,0 8/1/2018 11:24:13
0,0,270,199,0,0 8/1/2018 11:24:13
0,51,272,270,0,0 8/1/2018 11:24:13
0,162,324,316,0,0 8/1/2018 11:24:13
0,188,297,385,0,0 8/1/2018 11:24:13
0,237,303,429,0,0 8/1/2018 11:24:13
0,261,266,450,0,0 8/1/2018 11:24:13
0,309,248,459,0,0 8/1/2018 11:24:13
0,310,255,467,0,0 8/1/2018 11:24:13
0,253,271,444,0,0 8/1/2018 11:24:14
0,240,291,396,0,0 8/1/2018 11:24:14
0,221,317,344,0,0 8/1/2018 11:24:14
0,172,349,361,0,0 8/1/2018 11:24:14
0,152,349,361,0,0 8/1/2018 11:24:14
0,96,368,367,0,0 8/1/2018 11:24:14
0,92,376,402,0,0 8/1/2018 11:24:14
0,55,356,457,0,0 8/1/2018 11:24:14
0,0,337,493,0,0 8/1/2018 11:24:14
0,0,267,502,0,0 8/1/2018 11:24:14
0,0,241,486,0,0 8/1/2018 11:24:14
0,0,203,468,0,0 8/1/2018 11:24:14
0,0,193,411,0,0 8/1/2018 11:24:14
0,0,100,258,0,0 8/1/2018 11:24:14
0,0,63,127,0,0 8/1/2018 11:24:14
0,0,87,19,0,0 8/1/2018 11:24:14
0,0,0,0,0,0 8/1/2018 11:24:14
0,0,0,0,0,0 8/1/2018 11:24:14
0,0,47,0,0,0 8/1/2018 11:24:14
0,0,41,0,0,0 8/1/2018 11:24:14
0,0,27,0,0,0 8/1/2018 11:24:14
0,0,14,0,0,0 8/1/2018 11:24:14
0,31,53,0,0,0 8/1/2018 11:24:14
0,197,80,0,0,0 8/1/2018 11:24:15
0,312,61,0,0,0 8/1/2018 11:24:15
0,466,112,0,0,0 8/1/2018 11:24:15
0,531,126,0,0,0 8/1/2018 11:24:15
0,554,123,0,0,0 8/1/2018 11:24:15
0,568,152,0,0,0 8/1/2018 11:24:15
0,568,178,43,0,0 8/1/2018 11:24:15
0,573,206,38,0,0 8/1/2018 11:24:15
0,568,247,93,0,0 8/1/2018 11:24:15
0,579,257,159,0,0 8/1/2018 11:24:15
0,566,263,178,0,0 8/1/2018 11:24:15
0,564,282,228,0,0 8/1/2018 11:24:15
0,552,267,282,0,0 8/1/2018 11:24:15
0,543,270,326,0,0 8/1/2018 11:24:15
0,535,259,365,0,0 8/1/2018 11:24:15
0,514,253,389,0,0 8/1/2018 11:24:15
0,489,289,425,0,0 8/1/2018 11:24:15
0,417,288,449,0,0 8/1/2018 11:24:15
0,255,267,483,0,0 8/1/2018 11:24:15
0,144,204,548,0,0 8/1/2018 11:24:15
0,74,223,577,0,0 8/1/2018 11:24:15
0,54,164,572,0,0 8/1/2018 11:24:15
0,63,163,522,0,0 8/1/2018 11:24:15
0,97,120,365,0,0 8/1/2018 11:24:16
0,125,100,296,0,0 8/1/2018 11:24:16
0,109,97,182,0,0 8/1/2018 11:24:16
0,23,65,116,0,0 8/1/2018 11:24:16
0,20,50,28,0,0 8/1/2018 11:24:16
0,6,43,0,0,0 8/1/2018 11:24:16
0,0,17,0,0,0 8/1/2018 11:24:16
0,0,12,0,0,0 8/1/2018 11:24:16
0,0,11,0,0,0 8/1/2018 11:24:16
0,0,0,0,0,0 8/1/2018 11:24:16
0,0,0,0,0,0 8/1/2018 11:24:16
0,0,0,0,0,0 8/1/2018 11:24:16
0,0,0,0,0,0 8/1/2018 11:24:16
0,0,0,0,0,0 8/1/2018 11:24:16
0,0,0,0,0,0 8/1/2018 11:24:16
0,0,0,0,0,0 8/1/2018 11:24:16
0,0,0,0,0,0 8/1/2018 11:24:16
0,0,16,85,0,0 8/1/2018 11:24:16
0,0,17,118,0,0 8/1/2018 11:24:16
0,0,6,205,0,0 8/1/2018 11:24:16
0,0,20,264,0,0 8/1/2018 11:24:16
0,0,34,296,0,0 8/1/2018 11:24:16
0,0,57,336,0,0 8/1/2018 11:24:17
0,0,56,338,0,0 8/1/2018 11:24:17
0,0,80,318,0,0 8/1/2018 11:24:17
0,0,80,324,0,0 8/1/2018 11:24:17
0,0,79,319,0,0 8/1/2018 11:24:17
0,0,76,296,0,0 8/1/2018 11:24:17
0,0,80,256,0,0 8/1/2018 11:24:17
0,0,84,215,0,0 8/1/2018 11:24:17
0,0,73,208,0,0 8/1/2018 11:24:17
0,0,79,209,0,0 8/1/2018 11:24:17
0,0,103,206,0,0 8/1/2018 11:24:17
0,0,82,199,0,0 8/1/2018 11:24:17
0,0,64,170,0,0 8/1/2018 11:24:17
0,0,59,150,0,0 8/1/2018 11:24:17
0,0,6,66,0,0 8/1/2018 11:24:17
0,0,47,0,0,0 8/1/2018 11:24:17
0,0,41,0,0,0 8/1/2018 11:24:17
0,0,53,0,0,0 8/1/2018 11:24:17
0,0,42,0,0,0 8/1/2018 11:24:17
0,0,44,0,0,0 8/1/2018 11:24:17
0,0,34,0,0,0 8/1/2018 11:24:17
0,0,17,0,0,0 8/1/2018 11:24:17
0,0,17,0,0,0 8/1/2018 11:24:17
0,0,24,0,0,0 8/1/2018 11:24:18
0,0,21,0,0,0 8/1/2018 11:24:18
0,0,19,0,0,0 8/1/2018 11:24:18
0,0,21,0,0,0 8/1/2018 11:24:18
0,0,23,0,0,0 8/1/2018 11:24:18
0,0,3,0,0,0 8/1/2018 11:24:18
0,0,6,0,0,0 8/1/2018 11:24:18
0,4,0,0,0,0 8/1/2018 11:24:18
0,233,0,0,0,0 8/1/2018 11:24:18
0,346,18,0,0,0 8/1/2018 11:24:18
0,482,42,170,0,0 8/1/2018 11:24:18
0,551,47,417,0,0 8/1/2018 11:24:18
0,585,49,584,0,0 8/1/2018 11:24:18
0,594,59,615,0,0 8/1/2018 11:24:18
0,617,84,622,0,0 8/1/2018 11:24:18
0,627,108,634,0,0 8/1/2018 11:24:18
0,635,159,634,0,0 8/1/2018 11:24:18
0,642,178,639,0,0 8/1/2018 11:24:18
0,642,183,647,0,0 8/1/2018 11:24:18
0,634,181,646,0,0 8/1/2018 11:24:18
0,620,197,631,0,0 8/1/2018 11:24:18
0,531,215,616,0,0 8/1/2018 11:24:18
0,466,237,617,0,0 8/1/2018 11:24:18
0,379,224,599,0,0 8/1/2018 11:24:19
0,282,226,601,0,0 8/1/2018 11:24:19
0,193,222,592,0,0 8/1/2018 11:24:19
0,161,201,607,0,0 8/1/2018 11:24:19
0,167,211,613,0,0 8/1/2018 11:24:19
0,198,208,611,0,0 8/1/2018 11:24:19
0,222,206,598,0,0 8/1/2018 11:24:19
0,193,205,596,0,0 8/1/2018 11:24:19
0,209,206,579,0,0 8/1/2018 11:24:19
0,206,209,587,0,0 8/1/2018 11:24:19
0,206,221,592,0,0 8/1/2018 11:24:19
0,246,222,590,0,0 8/1/2018 11:24:19
0,248,220,595,0,0 8/1/2018 11:24:19
0,255,222,590,0,0 8/1/2018 11:24:19
0,226,220,598,0,0 8/1/2018 11:24:19
0,192,228,601,0,0 8/1/2018 11:24:19
0,193,237,600,0,0 8/1/2018 11:24:19
0,151,228,588,0,0 8/1/2018 11:24:19
0,126,170,530,0,0 8/1/2018 11:24:19
0,110,118,372,0,0 8/1/2018 11:24:19
0,130,71,196,0,0 8/1/2018 11:24:19
0,0,39,0,0,0 8/1/2018 11:24:19
0,0,1,0,0,0 8/1/2018 11:24:20
0,0,14,0,0,0 8/1/2018 11:24:20
0,0,0,0,0,0 8/1/2018 11:24:20
0,0,0,0,0,0 8/1/2018 11:24:20
0,0,0,0,0,0 8/1/2018 11:24:20
0,0,18,0,0,0 8/1/2018 11:24:20
0,0,2,0,0,0 8/1/2018 11:24:20
0,0,4,0,0,0 8/1/2018 11:24:20
0,0,51,0,0,0 8/1/2018 11:24:20
0,0,50,0,0,0 8/1/2018 11:24:20
0,0,51,0,0,0 8/1/2018 11:24:20
0,0,50,0,0,0 8/1/2018 11:24:20
0,0,49,0,0,0 8/1/2018 11:24:20
0,0,45,0,0,0 8/1/2018 11:24:20
0,0,40,0,0,0 8/1/2018 11:24:20
0,0,29,0,0,0 8/1/2018 11:24:20
0,63,29,0,0,0 8/1/2018 11:24:20
0,111,16,0,0,0 8/1/2018 11:24:20
0,147,24,0,0,0 8/1/2018 11:24:20
0,229,46,0,0,0 8/1/2018 11:24:20
0,292,54,390,0,0 8/1/2018 11:24:20
0,398,44,569,0,0 8/1/2018 11:24:20
0,441,50,597,0,0 8/1/2018 11:24:20
0,464,53,555,0,0 8/1/2018 11:24:21
0,506,87,472,0,0 8/1/2018 11:24:21
0,515,85,338,0,0 8/1/2018 11:24:21
0,537,81,355,0,0 8/1/2018 11:24:21
0,545,106,384,0,0 8/1/2018 11:24:21
0,547,109,354,0,0 8/1/2018 11:24:21
0,537,105,260,0,0 8/1/2018 11:24:21
0,521,112,165,0,0 8/1/2018 11:24:21
0,497,122,70,0,0 8/1/2018 11:24:21
0,489,144,57,0,0 8/1/2018 11:24:21
0,505,134,146,0,0 8/1/2018 11:24:21
0,521,132,191,0,0 8/1/2018 11:24:21
0,534,150,215,0,0 8/1/2018 11:24:21
0,538,149,207,0,0 8/1/2018 11:24:21
0,529,172,124,0,0 8/1/2018 11:24:21
0,531,155,120,0,0 8/1/2018 11:24:21
0,531,160,113,0,0 8/1/2018 11:24:21
0,528,164,80,0,0 8/1/2018 11:24:21
0,501,171,77,0,0 8/1/2018 11:24:21
0,421,164,108,0,0 8/1/2018 11:24:21
0,303,124,80,0,0 8/1/2018 11:24:21
0,282,152,71,0,0 8/1/2018 11:24:21
0,205,138,53,0,0 8/1/2018 11:24:21
0,145,129,33,0,0 8/1/2018 11:24:22
0,86,127,0,0,0 8/1/2018 11:24:22
0,0,125,0,0,0 8/1/2018 11:24:22
0,0,114,0,0,0 8/1/2018 11:24:22
0,0,94,0,0,0 8/1/2018 11:24:22
0,0,57,0,0,0 8/1/2018 11:24:22
0,0,40,0,0,0 8/1/2018 11:24:22
0,0,42,0,0,0 8/1/2018 11:24:22
0,0,35,0,0,0 8/1/2018 11:24:22
0,0,30,0,0,0 8/1/2018 11:24:22
0,0,25,0,0,0 8/1/2018 11:24:22
0,0,24,0,0,0 8/1/2018 11:24:22
0,0,26,0,0,0 8/1/2018 11:24:22
0,0,21,0,0,0 8/1/2018 11:24:22
0,0,22,0,0,0 8/1/2018 11:24:22
0,0,0,0,0,0 8/1/2018 11:24:22
0,0,12,0,0,0 8/1/2018 11:24:22
0,0,78,0,0,0 8/1/2018 11:24:22
0,108,56,0,0,0 8/1/2018 11:24:22
0,139,42,0,0,0 8/1/2018 11:24:22
0,129,45,0,0,0 8/1/2018 11:24:22
0,141,44,0,0,0 8/1/2018 11:24:22
0,116,55,0,0,0 8/1/2018 11:24:22
0,64,50,0,0,0 8/1/2018 11:24:23
0,55,66,0,0,0 8/1/2018 11:24:23
0,31,75,0,0,0 8/1/2018 11:24:23
0,0,62,0,0,0 8/1/2018 11:24:23
0,0,51,0,0,0 8/1/2018 11:24:23
0,0,63,0,0,0 8/1/2018 11:24:23
0,0,56,0,0,0 8/1/2018 11:24:23
0,0,39,0,0,0 8/1/2018 11:24:23
0,0,0,0,0,0 8/1/2018 11:24:23
0,0,0,0,0,0 8/1/2018 11:24:23
0,0,0,0,0,0 8/1/2018 11:24:23
0,0,0,0,0,0 8/1/2018 11:24:23
0,0,0,0,0,0 8/1/2018 11:24:23
0,0,0,0,0,0 8/1/2018 11:24:23
0,0,0,0,0,0 8/1/2018 11:24:23
0,0,0,0,0,0 8/1/2018 11:24:23
0,0,23,0,0,0 8/1/2018 11:24:23
0,0,37,0,0,0 8/1/2018 11:24:23
0,0,42,0,0,0 8/1/2018 11:24:23
0,0,61,0,0,0 8/1/2018 11:24:23
0,0,65,0,0,0 8/1/2018 11:24:23
0,218,46,0,0,0 8/1/2018 11:24:23
0,391,34,0,0,0 8/1/2018 11:24:24
0,437,34,0,0,0 8/1/2018 11:24:24
0,376,34,0,0,0 8/1/2018 11:24:24
0,391,36,0,0,0 8/1/2018 11:24:24
0,422,36,0,0,0 8/1/2018 11:24:24
0,453,49,0,0,0 8/1/2018 11:24:24
0,475,52,0,0,0 8/1/2018 11:24:24
0,469,52,0,0,0 8/1/2018 11:24:24
0,478,50,0,0,1 8/1/2018 11:24:24
0,509,50,0,0,0 8/1/2018 11:24:24
0,520,49,0,0,0 8/1/2018 11:24:24
0,533,54,0,0,0 8/1/2018 11:24:24
0,536,53,0,0,0 8/1/2018 11:24:24
0,519,51,0,0,0 8/1/2018 11:24:24
0,485,38,0,0,0 8/1/2018 11:24:24
0,484,41,0,0,0 8/1/2018 11:24:24
0,502,41,0,0,0 8/1/2018 11:24:24
0,503,42,0,0,0 8/1/2018 11:24:24
0,504,39,0,0,0 8/1/2018 11:24:24
0,457,37,0,0,0 8/1/2018 11:24:24
0,413,37,0,0,0 8/1/2018 11:24:24
0,347,34,0,0,0 8/1/2018 11:24:24
0,222,31,0,0,0 8/1/2018 11:24:24
0,147,27,0,0,0 8/1/2018 11:24:25
0,87,26,0,0,0 8/1/2018 11:24:25
0,58,25,0,0,0 8/1/2018 11:24:25
0,55,0,0,0,0 8/1/2018 11:24:25
0,40,0,0,0,0 8/1/2018 11:24:25
0,0,0,0,0,0 8/1/2018 11:24:25
0,0,0,0,0,0 8/1/2018 11:24:25
0,0,0,0,0,0 8/1/2018 11:24:25
0,0,0,0,0,0 8/1/2018 11:24:25
0,0,0,0,0,0 8/1/2018 11:24:25
0,0,17,0,0,0 8/1/2018 11:24:25
