0,0,0,0,0,0 8/1/2018 11:26:43
0,0,0,0,0,0 8/1/2018 11:26:43
0,0,0,0,0,0 8/1/2018 11:26:43
0,0,0,0,0,0 8/1/2018 11:26:43
0,0,0,0,0,0 8/1/2018 11:26:43
0,0,0,0,0,0 8/1/2018 11:26:43
0,0,0,0,0,0 8/1/2018 11:26:43
0,0,0,0,0,0 8/1/2018 11:26:43
0,0,0,0,0,0 8/1/2018 11:26:43
0,0,0,0,0,0 8/1/2018 11:26:43
0,0,0,0,0,0 8/1/2018 11:26:43
0,0,0,0,0,0 8/1/2018 11:26:43
0,0,0,0,0,0 8/1/2018 11:26:43
0,0,0,0,0,0 8/1/2018 11:26:43
0,0,0,0,0,0 8/1/2018 11:26:43
0,0,0,0,0,0 8/1/2018 11:26:43
0,0,0,0,0,0 8/1/2018 11:26:43
0,0,0,0,0,0 8/1/2018 11:26:44
0,0,0,0,0,0 8/1/2018 11:26:44
0,0,0,0,0,0 8/1/2018 11:26:44
0,0,0,0,0,0 8/1/2018 11:26:44
0,0,0,0,0,0 8/1/2018 11:26:44
0,0,0,0,0,0 8/1/2018 11:26:44
0,0,0,0,0,0 8/1/2018 11:26:44
0,0,0,0,0,0 8/1/2018 11:26:44
0,0,0,0,0,0 8/1/2018 11:26:44
0,0,0,0,0,0 8/1/2018 11:26:44
0,0,0,0,0,0 8/1/2018 11:26:44
0,0,0,0,0,0 8/1/2018 11:26:44
0,0,0,0,0,0 8/1/2018 11:26:44
0,0,0,0,0,0 8/1/2018 11:26:44
0,0,0,0,0,0 8/1/2018 11:26:44
0,0,0,0,0,0 8/1/2018 11:26:44
0,0,0,0,0,0 8/1/2018 11:26:44
0,0,0,0,0,0 8/1/2018 11:26:44
0,0,0,0,0,0 8/1/2018 11:26:44
0,0,0,0,0,0 8/1/2018 11:26:44
0,0,0,0,0,0 8/1/2018 11:26:44
0,0,0,0,0,0 8/1/2018 11:26:44
0,0,0,0,0,0 8/1/2018 11:26:44
0,0,0,308,0,0 8/1/2018 11:26:45
0,0,0,484,0,0 8/1/2018 11:26:45
0,0,0,499,0,0 8/1/2018 11:26:45
0,0,0,494,0,0 8/1/2018 11:26:45
0,0,0,412,0,0 8/1/2018 11:26:45
0,0,0,296,0,0 8/1/2018 11:26:45
0,0,0,215,0,0 8/1/2018 11:26:45
0,0,0,180,0,0 8/1/2018 11:26:45
0,1,0,0,0,0 8/1/2018 11:26:45
0,0,0,0,0,0 8/1/2018 11:26:45
0,0,0,0,0,0 8/1/2018 11:26:45
0,0,0,0,0,0 8/1/2018 11:26:45
0,0,0,0,0,0 8/1/2018 11:26:45
0,0,0,0,0,0 8/1/2018 11:26:45
0,0,0,0,0,0 8/1/2018 11:26:45
0,0,0,0,0,0 8/1/2018 11:26:45
0,0,0,0,0,0 8/1/2018 11:26:45
0,0,0,0,0,0 8/1/2018 11:26:45
0,0,0,0,0,0 8/1/2018 11:26:45
0,0,0,0,0,0 8/1/2018 11:26:45
0,0,0,0,0,0 8/1/2018 11:26:45
0,22,0,0,0,0 8/1/2018 11:26:45
0,104,0,0,0,0 8/1/2018 11:26:46
0,80,0,0,0,0 8/1/2018 11:26:46
0,87,0,0,0,0 8/1/2018 11:26:46
0,165,0,0,0,0 8/1/2018 11:26:46
0,219,0,0,0,0 8/1/2018 11:26:46
0,175,0,0,0,0 8/1/2018 11:26:46
0,173,0,0,0,0 8/1/2018 11:26:46
0,181,0,0,0,0 8/1/2018 11:26:46
0,168,13,0,0,0 8/1/2018 11:26:46
0,180,23,0,0,0 8/1/2018 11:26:46
0,208,23,0,0,0 8/1/2018 11:26:46
0,218,32,0,0,0 8/1/2018 11:26:46
0,184,30,0,0,0 8/1/2018 11:26:46
0,184,32,0,0,0 8/1/2018 11:26:46
0,206,27,0,0,0 8/1/2018 11:26:46
0,200,26,0,0,0 8/1/2018 11:26:46
0,195,20,0,0,0 8/1/2018 11:26:46
0,192,18,0,0,0 8/1/2018 11:26:46
0,145,19,0,0,0 8/1/2018 11:26:46
0,577,17,0,0,0 8/1/2018 11:26:46
0,576,17,0,0,0 8/1/2018 11:26:46
0,582,0,0,0,0 8/1/2018 11:26:46
0,579,0,0,0,0 8/1/2018 11:26:46
0,585,0,0,0,0 8/1/2018 11:26:47
0,584,0,7,0,0 8/1/2018 11:26:47
0,591,0,87,0,0 8/1/2018 11:26:47
0,603,22,157,0,0 8/1/2018 11:26:47
0,611,22,241,0,0 8/1/2018 11:26:47
0,608,29,366,0,0 8/1/2018 11:26:47
0,608,27,404,0,0 8/1/2018 11:26:47
0,612,27,431,0,0 8/1/2018 11:26:47
0,613,24,450,0,0 8/1/2018 11:26:47
0,619,31,459,0,0 8/1/2018 11:26:47
0,615,32,442,0,0 8/1/2018 11:26:47
0,612,33,444,0,0 8/1/2018 11:26:47
0,612,34,462,0,0 8/1/2018 11:26:47
0,609,34,464,0,0 8/1/2018 11:26:47
0,607,35,460,0,0 8/1/2018 11:26:47
0,587,35,449,0,0 8/1/2018 11:26:47
0,560,32,435,0,0 8/1/2018 11:26:47
0,539,33,436,0,0 8/1/2018 11:26:47
0,537,31,441,0,0 8/1/2018 11:26:47
0,514,32,452,0,0 8/1/2018 11:26:47
0,516,28,423,0,0 8/1/2018 11:26:47
0,525,17,424,0,0 8/1/2018 11:26:47
0,508,26,420,0,0 8/1/2018 11:26:47
0,516,4,439,0,0 8/1/2018 11:26:48
0,532,3,468,0,0 8/1/2018 11:26:48
0,538,28,478,0,0 8/1/2018 11:26:48
0,544,50,464,0,0 8/1/2018 11:26:48
0,530,42,451,0,0 8/1/2018 11:26:48
0,536,41,439,0,0 8/1/2018 11:26:48
0,551,44,419,0,0 8/1/2018 11:26:48
0,567,48,388,0,0 8/1/2018 11:26:48
0,579,54,393,0,0 8/1/2018 11:26:48
0,587,54,390,0,0 8/1/2018 11:26:48
0,595,78,375,0,0 8/1/2018 11:26:48
0,589,77,377,0,0 8/1/2018 11:26:48
0,561,100,394,0,0 8/1/2018 11:26:48
0,521,115,378,0,0 8/1/2018 11:26:48
0,494,110,412,0,0 8/1/2018 11:26:48
0,445,110,415,0,0 8/1/2018 11:26:48
0,428,111,424,0,0 8/1/2018 11:26:48
0,396,114,412,0,0 8/1/2018 11:26:48
0,293,90,340,0,0 8/1/2018 11:26:48
0,233,100,330,0,0 8/1/2018 11:26:48
0,180,86,327,0,0 8/1/2018 11:26:48
0,169,88,305,0,0 8/1/2018 11:26:48
0,156,104,306,0,0 8/1/2018 11:26:49
0,152,107,276,0,0 8/1/2018 11:26:49
0,116,102,297,0,0 8/1/2018 11:26:49
0,102,115,321,0,0 8/1/2018 11:26:49
0,100,117,335,0,0 8/1/2018 11:26:49
0,241,118,334,0,0 8/1/2018 11:26:49
0,274,118,339,0,0 8/1/2018 11:26:49
0,354,119,346,0,0 8/1/2018 11:26:49
0,380,107,342,0,0 8/1/2018 11:26:49
0,423,109,341,0,0 8/1/2018 11:26:49
0,449,107,327,0,0 8/1/2018 11:26:49
0,459,96,335,0,0 8/1/2018 11:26:49
0,473,92,344,0,0 8/1/2018 11:26:49
0,483,93,352,0,0 8/1/2018 11:26:49
0,495,79,397,0,0 8/1/2018 11:26:49
0,493,79,415,0,0 8/1/2018 11:26:49
0,501,91,423,0,0 8/1/2018 11:26:49
0,493,97,426,0,0 8/1/2018 11:26:49
0,488,96,442,0,0 8/1/2018 11:26:49
0,494,98,448,0,0 8/1/2018 11:26:49
0,496,100,447,0,0 8/1/2018 11:26:49
0,495,101,447,0,0 8/1/2018 11:26:49
0,494,102,436,0,0 8/1/2018 11:26:49
0,499,101,431,0,0 8/1/2018 11:26:50
0,484,98,427,0,0 8/1/2018 11:26:50
0,481,94,443,0,0 8/1/2018 11:26:50
0,471,98,443,0,0 8/1/2018 11:26:50
0,431,98,449,0,0 8/1/2018 11:26:50
0,431,102,456,0,0 8/1/2018 11:26:50
0,412,104,438,0,0 8/1/2018 11:26:50
0,361,117,437,0,0 8/1/2018 11:26:50
0,326,121,416,0,0 8/1/2018 11:26:50
0,348,131,419,0,0 8/1/2018 11:26:50
0,354,131,429,0,0 8/1/2018 11:26:50
0,364,126,434,0,0 8/1/2018 11:26:50
0,362,119,430,0,0 8/1/2018 11:26:50
0,359,113,436,0,0 8/1/2018 11:26:50
0,342,109,422,0,0 8/1/2018 11:26:50
0,326,103,413,0,0 8/1/2018 11:26:50
0,328,110,414,0,0 8/1/2018 11:26:50
0,311,108,413,0,0 8/1/2018 11:26:50
0,235,112,416,0,0 8/1/2018 11:26:50
0,117,110,417,0,0 8/1/2018 11:26:50
0,6,113,421,0,0 8/1/2018 11:26:50
0,0,112,403,0,0 8/1/2018 11:26:50
0,0,114,406,0,0 8/1/2018 11:26:50
0,0,110,378,0,0 8/1/2018 11:26:51
0,0,78,358,0,0 8/1/2018 11:26:51
0,39,76,333,0,0 8/1/2018 11:26:51
0,129,75,290,0,0 8/1/2018 11:26:51
0,228,51,201,0,0 8/1/2018 11:26:51
0,462,68,0,0,0 8/1/2018 11:26:51
0,565,83,0,0,0 8/1/2018 11:26:51
0,472,0,0,0,0 8/1/2018 11:26:51
0,392,48,0,0,0 8/1/2018 11:26:51
0,82,28,0,0,0 8/1/2018 11:26:51
0,57,49,0,0,0 8/1/2018 11:26:51
0,49,29,0,0,0 8/1/2018 11:26:51
0,0,49,0,0,0 8/1/2018 11:26:51
0,0,31,0,0,0 8/1/2018 11:26:51
0,0,31,0,0,0 8/1/2018 11:26:51
0,0,31,0,0,0 8/1/2018 11:26:51
0,0,30,0,0,0 8/1/2018 11:26:51
0,0,36,0,0,0 8/1/2018 11:26:51
0,0,58,0,0,0 8/1/2018 11:26:51
0,0,70,47,0,0 8/1/2018 11:26:51
0,0,111,206,0,0 8/1/2018 11:26:51
0,0,144,367,0,0 8/1/2018 11:26:51
0,0,157,451,0,0 8/1/2018 11:26:52
0,0,141,501,0,0 8/1/2018 11:26:52
0,0,122,547,0,0 8/1/2018 11:26:52
0,0,121,572,0,0 8/1/2018 11:26:52
0,0,125,577,0,0 8/1/2018 11:26:52
0,0,129,571,0,0 8/1/2018 11:26:52
0,0,123,578,0,0 8/1/2018 11:26:52
0,0,133,561,0,0 8/1/2018 11:26:52
0,0,129,548,0,0 8/1/2018 11:26:52
0,13,131,533,0,0 8/1/2018 11:26:52
0,64,150,500,0,0 8/1/2018 11:26:52
0,67,145,493,0,0 8/1/2018 11:26:52
0,65,146,436,0,0 8/1/2018 11:26:52
0,68,155,385,0,0 8/1/2018 11:26:52
0,65,161,365,0,0 8/1/2018 11:26:52
0,71,175,338,0,0 8/1/2018 11:26:52
0,69,166,338,0,0 8/1/2018 11:26:52
0,75,173,283,0,0 8/1/2018 11:26:52
0,74,170,200,0,0 8/1/2018 11:26:52
0,66,152,141,0,0 8/1/2018 11:26:52
0,66,148,71,0,0 8/1/2018 11:26:52
0,69,134,17,0,0 8/1/2018 11:26:52
0,66,131,21,0,0 8/1/2018 11:26:52
0,63,117,0,0,0 8/1/2018 11:26:53
0,62,108,22,0,0 8/1/2018 11:26:53
0,63,88,20,0,0 8/1/2018 11:26:53
0,59,93,35,0,0 8/1/2018 11:26:53
0,61,98,40,0,0 8/1/2018 11:26:53
0,61,99,41,0,0 8/1/2018 11:26:53
0,63,100,31,0,0 8/1/2018 11:26:53
0,62,103,35,0,0 8/1/2018 11:26:53
0,60,98,35,0,0 8/1/2018 11:26:53
0,63,96,68,0,0 8/1/2018 11:26:53
0,97,122,149,0,0 8/1/2018 11:26:53
0,114,132,180,0,0 8/1/2018 11:26:53
0,119,133,164,0,0 8/1/2018 11:26:53
0,122,130,165,0,0 8/1/2018 11:26:53
0,132,129,154,0,0 8/1/2018 11:26:53
0,134,129,131,0,0 8/1/2018 11:26:53
0,137,127,124,0,0 8/1/2018 11:26:53
0,137,126,73,0,0 8/1/2018 11:26:53
0,142,123,67,0,0 8/1/2018 11:26:53
0,142,106,51,0,0 8/1/2018 11:26:53
0,141,99,44,0,0 8/1/2018 11:26:53
0,132,101,19,0,0 8/1/2018 11:26:53
0,131,96,0,0,0 8/1/2018 11:26:53
0,89,94,0,0,0 8/1/2018 11:26:54
0,0,87,0,0,0 8/1/2018 11:26:54
0,0,87,0,0,0 8/1/2018 11:26:54
0,0,57,0,0,0 8/1/2018 11:26:54
0,0,34,0,0,0 8/1/2018 11:26:54
0,0,31,0,0,0 8/1/2018 11:26:54
0,0,31,0,0,0 8/1/2018 11:26:54
0,0,45,0,0,0 8/1/2018 11:26:54
0,0,53,0,0,0 8/1/2018 11:26:54
0,0,27,0,0,0 8/1/2018 11:26:54
0,0,4,0,0,0 8/1/2018 11:26:54
0,0,1,0,0,0 8/1/2018 11:26:54
0,0,32,0,0,0 8/1/2018 11:26:54
0,0,2,0,0,0 8/1/2018 11:26:54
0,0,53,0,0,0 8/1/2018 11:26:54
0,0,50,0,0,0 8/1/2018 11:26:54
0,0,76,0,0,0 8/1/2018 11:26:54
0,0,95,0,0,0 8/1/2018 11:26:54
0,0,124,76,0,0 8/1/2018 11:26:54
0,0,150,219,0,0 8/1/2018 11:26:54
0,0,149,354,0,0 8/1/2018 11:26:54
0,0,168,510,0,0 8/1/2018 11:26:54
0,0,173,595,0,0 8/1/2018 11:26:54
0,0,206,702,0,0 8/1/2018 11:26:55
0,49,211,754,0,0 8/1/2018 11:26:55
0,51,216,787,0,0 8/1/2018 11:26:55
0,53,263,813,0,0 8/1/2018 11:26:55
0,55,285,828,0,0 8/1/2018 11:26:55
0,97,289,838,0,0 8/1/2018 11:26:55
0,98,260,844,0,0 8/1/2018 11:26:55
0,108,226,845,0,0 8/1/2018 11:26:55
0,114,205,843,0,0 8/1/2018 11:26:55
0,78,197,841,0,0 8/1/2018 11:26:55
0,55,188,845,0,0 8/1/2018 11:26:55
0,55,197,850,0,0 8/1/2018 11:26:55
0,73,216,854,0,0 8/1/2018 11:26:55
