0,0,24,0,0,0 8/1/2018 11:28:6
0,0,23,0,0,0 8/1/2018 11:28:6
0,0,24,0,0,0 8/1/2018 11:28:6
0,0,23,0,0,0 8/1/2018 11:28:6
0,0,23,0,0,0 8/1/2018 11:28:6
0,0,25,0,0,0 8/1/2018 11:28:6
0,0,25,0,0,0 8/1/2018 11:28:6
0,0,30,0,0,0 8/1/2018 11:28:6
0,0,30,0,0,0 8/1/2018 11:28:6
0,0,27,0,0,0 8/1/2018 11:28:6
0,0,28,0,0,0 8/1/2018 11:28:6
0,0,31,0,0,0 8/1/2018 11:28:6
0,0,29,0,0,0 8/1/2018 11:28:6
0,0,29,0,0,0 8/1/2018 11:28:6
0,0,38,0,0,0 8/1/2018 11:28:6
0,0,39,0,0,0 8/1/2018 11:28:6
0,0,38,0,0,0 8/1/2018 11:28:6
0,0,40,0,0,0 8/1/2018 11:28:7
0,0,42,0,0,0 8/1/2018 11:28:7
0,0,40,0,0,0 8/1/2018 11:28:7
0,0,40,0,0,0 8/1/2018 11:28:7
0,0,44,0,0,0 8/1/2018 11:28:7
0,0,35,0,0,0 8/1/2018 11:28:7
0,0,44,0,0,0 8/1/2018 11:28:7
0,0,38,0,0,0 8/1/2018 11:28:7
0,0,42,0,0,0 8/1/2018 11:28:7
0,0,46,0,0,0 8/1/2018 11:28:7
0,0,48,0,0,0 8/1/2018 11:28:7
0,0,63,0,0,0 8/1/2018 11:28:7
0,0,72,0,0,0 8/1/2018 11:28:7
0,0,70,0,0,0 8/1/2018 11:28:7
0,0,67,0,0,0 8/1/2018 11:28:7
0,0,59,0,0,0 8/1/2018 11:28:7
0,0,40,0,0,0 8/1/2018 11:28:7
0,0,41,0,0,0 8/1/2018 11:28:7
0,0,49,0,0,0 8/1/2018 11:28:7
0,65,38,0,0,0 8/1/2018 11:28:7
0,193,37,0,0,0 8/1/2018 11:28:7
0,241,37,0,0,0 8/1/2018 11:28:7
0,227,39,0,0,0 8/1/2018 11:28:7
0,220,36,0,0,0 8/1/2018 11:28:8
0,212,41,0,0,0 8/1/2018 11:28:8
0,197,43,0,0,0 8/1/2018 11:28:8
0,195,39,0,0,0 8/1/2018 11:28:8
0,160,36,0,0,0 8/1/2018 11:28:8
0,183,39,0,0,0 8/1/2018 11:28:8
0,192,37,0,0,0 8/1/2018 11:28:8
0,212,65,0,0,0 8/1/2018 11:28:8
0,205,69,0,0,0 8/1/2018 11:28:8
0,188,71,0,0,0 8/1/2018 11:28:8
0,180,96,0,0,0 8/1/2018 11:28:8
0,183,105,0,0,0 8/1/2018 11:28:8
0,184,106,0,0,0 8/1/2018 11:28:8
0,183,115,35,0,0 8/1/2018 11:28:8
0,186,119,38,0,0 8/1/2018 11:28:8
0,170,113,10,0,0 8/1/2018 11:28:8
0,133,114,0,0,0 8/1/2018 11:28:8
0,103,111,0,0,0 8/1/2018 11:28:8
0,159,66,0,0,0 8/1/2018 11:28:8
0,168,35,0,0,0 8/1/2018 11:28:8
0,173,21,0,0,0 8/1/2018 11:28:8
0,227,19,0,0,0 8/1/2018 11:28:8
0,233,25,0,0,0 8/1/2018 11:28:8
0,270,20,0,0,0 8/1/2018 11:28:9
0,309,22,0,0,0 8/1/2018 11:28:9
0,342,47,0,0,0 8/1/2018 11:28:9
0,359,20,0,0,0 8/1/2018 11:28:9
0,370,30,0,0,0 8/1/2018 11:28:9
0,393,31,0,0,0 8/1/2018 11:28:9
0,403,36,0,0,0 8/1/2018 11:28:9
0,410,44,0,0,0 8/1/2018 11:28:9
0,422,55,0,0,0 8/1/2018 11:28:9
0,427,72,0,0,0 8/1/2018 11:28:9
0,459,69,0,0,0 8/1/2018 11:28:9
0,450,67,0,0,0 8/1/2018 11:28:9
0,457,69,0,0,0 8/1/2018 11:28:9
0,433,62,0,0,0 8/1/2018 11:28:9
0,410,63,0,0,0 8/1/2018 11:28:9
0,411,65,0,0,0 8/1/2018 11:28:9
0,384,72,0,0,0 8/1/2018 11:28:9
0,405,66,0,0,0 8/1/2018 11:28:9
0,400,89,0,0,0 8/1/2018 11:28:9
0,413,158,8,0,0 8/1/2018 11:28:9
0,405,231,8,0,0 8/1/2018 11:28:9
0,406,262,11,2,0 8/1/2018 11:28:9
0,386,275,12,0,0 8/1/2018 11:28:10
0,395,283,12,0,0 8/1/2018 11:28:10
0,371,290,21,0,0 8/1/2018 11:28:10
0,359,287,31,0,0 8/1/2018 11:28:10
0,372,273,56,0,0 8/1/2018 11:28:10
0,371,271,81,0,0 8/1/2018 11:28:10
0,382,285,104,0,0 8/1/2018 11:28:10
0,369,259,111,0,0 8/1/2018 11:28:10
0,379,274,113,0,0 8/1/2018 11:28:10
0,385,247,118,0,0 8/1/2018 11:28:10
0,364,219,113,0,0 8/1/2018 11:28:10
0,353,200,115,0,0 8/1/2018 11:28:10
0,325,162,102,0,0 8/1/2018 11:28:10
0,284,136,99,0,0 8/1/2018 11:28:10
0,208,147,130,0,0 8/1/2018 11:28:10
0,181,132,145,0,0 8/1/2018 11:28:10
0,144,109,133,0,0 8/1/2018 11:28:10
0,87,106,127,0,0 8/1/2018 11:28:10
0,0,107,151,0,0 8/1/2018 11:28:10
0,0,103,143,0,0 8/1/2018 11:28:10
0,0,102,146,0,0 8/1/2018 11:28:10
0,0,110,150,0,0 8/1/2018 11:28:10
0,0,95,152,0,0 8/1/2018 11:28:10
0,0,72,130,0,0 8/1/2018 11:28:11
0,0,72,133,0,0 8/1/2018 11:28:11
0,0,83,179,0,0 8/1/2018 11:28:11
0,42,84,157,0,0 8/1/2018 11:28:11
0,0,85,112,0,0 8/1/2018 11:28:11
0,0,87,73,0,0 8/1/2018 11:28:11
0,0,93,71,0,0 8/1/2018 11:28:11
0,0,102,74,0,0 8/1/2018 11:28:11
0,0,147,0,0,0 8/1/2018 11:28:11
0,0,142,0,0,0 8/1/2018 11:28:11
0,0,139,0,0,0 8/1/2018 11:28:11
0,0,135,0,0,0 8/1/2018 11:28:11
0,0,136,0,0,0 8/1/2018 11:28:11
0,0,120,0,0,0 8/1/2018 11:28:11
0,0,114,0,0,0 8/1/2018 11:28:11
0,0,105,0,0,0 8/1/2018 11:28:11
0,0,92,0,0,0 8/1/2018 11:28:11
0,0,95,0,0,0 8/1/2018 11:28:11
0,0,93,0,0,0 8/1/2018 11:28:11
0,0,107,0,0,0 8/1/2018 11:28:11
0,0,103,0,0,0 8/1/2018 11:28:11
0,0,93,0,0,0 8/1/2018 11:28:11
0,5,97,0,0,0 8/1/2018 11:28:11
0,20,99,0,0,0 8/1/2018 11:28:12
0,19,98,0,0,0 8/1/2018 11:28:12
0,24,95,0,0,0 8/1/2018 11:28:12
0,22,117,0,0,0 8/1/2018 11:28:12
0,22,182,0,0,0 8/1/2018 11:28:12
0,26,216,66,0,0 8/1/2018 11:28:12
0,28,202,85,0,0 8/1/2018 11:28:12
0,25,203,79,0,0 8/1/2018 11:28:12
0,24,207,0,0,0 8/1/2018 11:28:12
0,24,210,0,0,0 8/1/2018 11:28:12
0,21,194,0,0,0 8/1/2018 11:28:12
0,19,196,0,0,0 8/1/2018 11:28:12
0,15,169,0,0,0 8/1/2018 11:28:12
0,27,175,0,0,0 8/1/2018 11:28:12
0,28,165,0,0,0 8/1/2018 11:28:12
0,22,133,0,0,0 8/1/2018 11:28:12
0,28,133,0,0,0 8/1/2018 11:28:12
0,27,117,0,0,0 8/1/2018 11:28:12
0,44,85,0,0,0 8/1/2018 11:28:12
0,52,87,0,0,0 8/1/2018 11:28:12
0,79,100,0,0,0 8/1/2018 11:28:12
0,94,101,0,0,0 8/1/2018 11:28:12
0,103,101,0,0,0 8/1/2018 11:28:13
0,85,81,0,0,0 8/1/2018 11:28:13
0,0,57,0,0,0 8/1/2018 11:28:13
0,2,34,0,0,0 8/1/2018 11:28:13
0,0,27,0,0,0 8/1/2018 11:28:13
0,0,14,0,0,0 8/1/2018 11:28:13
0,0,37,0,0,0 8/1/2018 11:28:13
0,0,41,0,0,0 8/1/2018 11:28:13
0,0,31,0,0,0 8/1/2018 11:28:13
0,1,25,0,0,0 8/1/2018 11:28:13
0,0,42,0,0,0 8/1/2018 11:28:13
0,0,39,0,0,0 8/1/2018 11:28:13
0,0,37,0,0,0 8/1/2018 11:28:13
0,0,27,0,0,0 8/1/2018 11:28:13
0,0,0,0,0,0 8/1/2018 11:28:13
0,0,0,0,0,0 8/1/2018 11:28:13
0,0,0,0,0,0 8/1/2018 11:28:13
0,0,0,0,0,0 8/1/2018 11:28:13
0,21,0,6,0,0 8/1/2018 11:28:13
0,31,0,29,0,0 8/1/2018 11:28:13
0,145,0,50,0,0 8/1/2018 11:28:13
0,174,15,54,0,0 8/1/2018 11:28:13
0,234,23,91,0,0 8/1/2018 11:28:13
0,275,42,109,0,0 8/1/2018 11:28:14
0,319,43,126,0,0 8/1/2018 11:28:14
0,394,46,122,0,0 8/1/2018 11:28:14
0,426,61,77,0,0 8/1/2018 11:28:14
0,426,74,62,0,0 8/1/2018 11:28:14
0,447,83,57,0,0 8/1/2018 11:28:14
0,449,81,65,0,0 8/1/2018 11:28:14
0,423,64,42,0,0 8/1/2018 11:28:14
0,427,71,50,0,0 8/1/2018 11:28:14
0,436,102,43,0,0 8/1/2018 11:28:14
0,434,116,67,0,0 8/1/2018 11:28:14
0,430,119,60,0,0 8/1/2018 11:28:14
0,404,143,69,0,0 8/1/2018 11:28:14
0,364,127,19,0,0 8/1/2018 11:28:14
0,346,164,69,0,0 8/1/2018 11:28:14
0,329,123,42,0,0 8/1/2018 11:28:14
0,317,94,0,0,0 8/1/2018 11:28:14
0,300,80,0,0,0 8/1/2018 11:28:14
0,293,54,0,0,0 8/1/2018 11:28:14
0,299,46,0,0,0 8/1/2018 11:28:14
0,297,46,65,0,0 8/1/2018 11:28:14
0,282,20,59,0,0 8/1/2018 11:28:14
0,255,18,51,0,0 8/1/2018 11:28:14
0,256,20,0,0,0 8/1/2018 11:28:15
0,235,26,0,0,0 8/1/2018 11:28:15
0,247,43,0,0,0 8/1/2018 11:28:15
0,209,42,0,0,0 8/1/2018 11:28:15
0,215,42,0,0,0 8/1/2018 11:28:15
0,210,40,0,0,0 8/1/2018 11:28:15
0,200,23,0,0,0 8/1/2018 11:28:15
0,203,22,0,0,0 8/1/2018 11:28:15
0,211,13,0,0,0 8/1/2018 11:28:15
0,216,50,0,0,0 8/1/2018 11:28:15
0,199,71,0,0,0 8/1/2018 11:28:15
0,179,93,0,0,0 8/1/2018 11:28:15
0,167,100,0,0,0 8/1/2018 11:28:15
0,173,106,0,0,0 8/1/2018 11:28:15
0,185,130,0,0,0 8/1/2018 11:28:15
0,171,129,0,0,0 8/1/2018 11:28:15
0,166,141,0,0,0 8/1/2018 11:28:15
0,180,135,0,0,0 8/1/2018 11:28:15
0,188,146,0,0,0 8/1/2018 11:28:15
0,185,195,0,0,0 8/1/2018 11:28:15
0,188,207,0,0,0 8/1/2018 11:28:15
0,197,220,0,0,0 8/1/2018 11:28:15
0,189,210,0,0,0 8/1/2018 11:28:15
0,167,207,0,0,0 8/1/2018 11:28:16
0,144,193,0,0,0 8/1/2018 11:28:16
0,156,184,0,0,0 8/1/2018 11:28:16
0,172,200,0,0,0 8/1/2018 11:28:16
0,171,204,0,0,0 8/1/2018 11:28:16
0,178,197,0,0,0 8/1/2018 11:28:16
0,186,193,0,0,0 8/1/2018 11:28:16
0,173,201,0,0,0 8/1/2018 11:28:16
0,142,196,0,0,0 8/1/2018 11:28:16
0,146,199,0,0,0 8/1/2018 11:28:16
0,162,197,0,0,0 8/1/2018 11:28:16
0,161,210,0,0,0 8/1/2018 11:28:16
0,157,219,17,0,0 8/1/2018 11:28:16
0,165,228,61,0,0 8/1/2018 11:28:16
0,181,243,61,0,0 8/1/2018 11:28:16
0,208,257,100,0,0 8/1/2018 11:28:16
0,204,250,115,0,0 8/1/2018 11:28:16
0,177,225,108,0,0 8/1/2018 11:28:16
0,141,217,67,0,0 8/1/2018 11:28:16
0,140,216,108,0,0 8/1/2018 11:28:16
