0,0,0,0,0,0 8/1/2018 11:30:40
0,0,0,0,0,0 8/1/2018 11:30:40
0,0,0,0,0,0 8/1/2018 11:30:40
0,0,0,0,0,0 8/1/2018 11:30:40
0,0,0,0,0,0 8/1/2018 11:30:40
0,138,0,0,0,0 8/1/2018 11:30:40
0,0,0,0,0,0 8/1/2018 11:30:40
0,0,0,0,0,0 8/1/2018 11:30:40
0,0,0,0,0,0 8/1/2018 11:30:40
0,0,0,0,0,0 8/1/2018 11:30:40
0,0,0,0,0,0 8/1/2018 11:30:40
0,0,17,0,0,0 8/1/2018 11:30:40
0,0,9,0,0,0 8/1/2018 11:30:40
0,0,22,0,0,0 8/1/2018 11:30:40
0,0,24,0,0,0 8/1/2018 11:30:40
0,0,32,0,0,0 8/1/2018 11:30:40
0,0,30,71,0,0 8/1/2018 11:30:40
0,0,35,293,0,0 8/1/2018 11:30:40
0,0,33,498,0,0 8/1/2018 11:30:40
0,0,35,553,0,0 8/1/2018 11:30:40
0,0,31,563,0,0 8/1/2018 11:30:40
0,0,29,559,0,0 8/1/2018 11:30:41
0,0,29,554,0,0 8/1/2018 11:30:41
0,0,27,562,0,0 8/1/2018 11:30:41
0,0,27,519,0,0 8/1/2018 11:30:41
0,0,26,423,0,0 8/1/2018 11:30:41
0,0,21,51,0,0 8/1/2018 11:30:41
0,0,16,0,0,0 8/1/2018 11:30:41
0,0,11,0,0,0 8/1/2018 11:30:41
0,0,0,0,0,0 8/1/2018 11:30:41
0,0,0,0,0,0 8/1/2018 11:30:41
0,0,0,0,0,0 8/1/2018 11:30:41
0,0,0,0,0,0 8/1/2018 11:30:41
0,0,0,0,0,0 8/1/2018 11:30:41
0,0,0,0,0,0 8/1/2018 11:30:41
0,0,0,0,0,0 8/1/2018 11:30:41
0,0,2,0,0,0 8/1/2018 11:30:41
0,0,0,0,0,0 8/1/2018 11:30:41
0,0,0,0,0,0 8/1/2018 11:30:41
0,0,0,0,0,0 8/1/2018 11:30:41
0,0,0,0,0,0 8/1/2018 11:30:41
0,0,0,0,0,0 8/1/2018 11:30:41
0,0,0,0,0,0 8/1/2018 11:30:41
0,0,0,0,0,0 8/1/2018 11:30:41
0,0,0,0,0,0 8/1/2018 11:30:42
0,0,0,0,0,0 8/1/2018 11:30:42
0,0,0,0,0,0 8/1/2018 11:30:42
0,0,0,0,0,0 8/1/2018 11:30:42
0,0,0,0,0,0 8/1/2018 11:30:42
0,0,0,0,0,0 8/1/2018 11:30:42
0,0,0,0,0,0 8/1/2018 11:30:42
0,0,0,0,0,0 8/1/2018 11:30:42
0,0,0,0,0,0 8/1/2018 11:30:42
0,0,0,0,0,0 8/1/2018 11:30:42
0,0,0,0,0,0 8/1/2018 11:30:42
0,0,0,0,0,0 8/1/2018 11:30:42
0,0,0,0,0,0 8/1/2018 11:30:42
0,0,0,0,0,0 8/1/2018 11:30:42
0,0,0,0,0,0 8/1/2018 11:30:42
0,0,0,0,0,0 8/1/2018 11:30:42
0,0,0,0,0,0 8/1/2018 11:30:42
0,0,0,0,0,0 8/1/2018 11:30:42
0,0,0,0,0,0 8/1/2018 11:30:42
0,0,0,0,0,0 8/1/2018 11:30:42
0,0,0,0,0,0 8/1/2018 11:30:42
0,0,0,0,0,0 8/1/2018 11:30:42
0,0,0,0,0,0 8/1/2018 11:30:43
0,0,0,0,0,0 8/1/2018 11:30:43
0,0,0,0,0,0 8/1/2018 11:30:43
0,0,0,0,0,0 8/1/2018 11:30:43
0,0,0,0,0,0 8/1/2018 11:30:43
0,0,0,0,0,0 8/1/2018 11:30:43
0,0,0,0,0,0 8/1/2018 11:30:43
0,0,0,0,0,0 8/1/2018 11:30:43
0,0,0,0,0,0 8/1/2018 11:30:43
0,0,0,0,0,0 8/1/2018 11:30:43
0,0,0,0,0,0 8/1/2018 11:30:43
0,0,0,0,0,0 8/1/2018 11:30:43
0,0,0,0,0,0 8/1/2018 11:30:43
0,0,0,0,0,0 8/1/2018 11:30:43
0,0,0,0,0,0 8/1/2018 11:30:43
0,0,0,0,0,0 8/1/2018 11:30:43
0,0,0,0,0,0 8/1/2018 11:30:43
0,0,0,0,0,0 8/1/2018 11:30:43
0,0,0,0,0,0 8/1/2018 11:30:43
0,0,0,0,0,0 8/1/2018 11:30:43
0,0,0,0,0,0 8/1/2018 11:30:43
0,0,0,0,0,0 8/1/2018 11:30:43
0,0,0,0,0,0 8/1/2018 11:30:43
0,0,0,0,0,0 8/1/2018 11:30:44
0,0,0,0,0,0 8/1/2018 11:30:44
0,0,0,54,0,0 8/1/2018 11:30:44
0,0,0,150,0,0 8/1/2018 11:30:44
0,0,0,139,0,0 8/1/2018 11:30:44
0,0,0,125,0,0 8/1/2018 11:30:44
0,0,0,147,0,0 8/1/2018 11:30:44
0,0,0,93,0,0 8/1/2018 11:30:44
0,0,0,0,0,0 8/1/2018 11:30:44
0,0,0,0,0,0 8/1/2018 11:30:44
0,0,0,0,0,0 8/1/2018 11:30:44
0,0,0,0,0,0 8/1/2018 11:30:44
0,21,0,12,0,0 8/1/2018 11:30:44
0,185,0,0,0,0 8/1/2018 11:30:44
0,172,0,0,0,0 8/1/2018 11:30:44
0,105,0,0,0,0 8/1/2018 11:30:44
0,100,0,0,0,0 8/1/2018 11:30:44
0,91,0,0,0,0 8/1/2018 11:30:44
0,106,0,0,0,0 8/1/2018 11:30:44
0,108,0,0,0,0 8/1/2018 11:30:44
0,120,0,0,0,0 8/1/2018 11:30:44
0,123,2,0,0,0 8/1/2018 11:30:44
0,116,0,0,0,0 8/1/2018 11:30:44
0,65,1,0,0,0 8/1/2018 11:30:45
0,0,1,0,0,0 8/1/2018 11:30:45
0,0,3,0,0,0 8/1/2018 11:30:45
0,0,2,0,0,0 8/1/2018 11:30:45
0,0,13,0,0,0 8/1/2018 11:30:45
0,0,22,0,0,0 8/1/2018 11:30:45
0,0,24,0,0,0 8/1/2018 11:30:45
0,0,21,0,0,0 8/1/2018 11:30:45
0,0,14,0,0,0 8/1/2018 11:30:45
0,8,9,0,0,0 8/1/2018 11:30:45
0,68,18,0,0,0 8/1/2018 11:30:45
0,11,4,0,0,0 8/1/2018 11:30:45
0,0,0,0,0,0 8/1/2018 11:30:45
0,25,0,0,0,0 8/1/2018 11:30:45
0,82,0,0,0,0 8/1/2018 11:30:45
0,19,31,0,0,0 8/1/2018 11:30:45
0,0,27,0,0,0 8/1/2018 11:30:45
0,0,26,0,0,0 8/1/2018 11:30:45
0,0,27,279,0,0 8/1/2018 11:30:45
0,0,17,369,0,0 8/1/2018 11:30:45
0,0,12,361,0,0 8/1/2018 11:30:45
0,0,16,367,0,0 8/1/2018 11:30:45
0,0,1,339,0,0 8/1/2018 11:30:45
0,0,0,309,0,0 8/1/2018 11:30:46
0,0,0,307,0,0 8/1/2018 11:30:46
0,0,0,338,0,0 8/1/2018 11:30:46
0,0,0,311,1,0 8/1/2018 11:30:46
0,0,0,198,0,0 8/1/2018 11:30:46
0,0,0,146,0,0 8/1/2018 11:30:46
0,0,0,135,0,0 8/1/2018 11:30:46
0,0,0,75,0,0 8/1/2018 11:30:46
0,0,0,38,0,0 8/1/2018 11:30:46
0,0,0,0,0,0 8/1/2018 11:30:46
0,0,0,0,0,0 8/1/2018 11:30:46
0,0,0,0,0,0 8/1/2018 11:30:46
0,0,0,0,0,0 8/1/2018 11:30:46
0,0,0,0,0,0 8/1/2018 11:30:46
0,0,0,0,0,0 8/1/2018 11:30:46
0,0,13,0,0,0 8/1/2018 11:30:46
0,0,14,0,0,0 8/1/2018 11:30:46
0,0,17,0,0,0 8/1/2018 11:30:46
0,0,17,0,0,0 8/1/2018 11:30:46
0,0,14,0,0,0 8/1/2018 11:30:46
0,0,30,0,0,0 8/1/2018 11:30:46
0,0,35,0,0,0 8/1/2018 11:30:46
0,0,39,0,0,0 8/1/2018 11:30:47
0,0,38,0,0,0 8/1/2018 11:30:47
0,0,38,0,0,0 8/1/2018 11:30:47
0,0,39,0,0,0 8/1/2018 11:30:47
0,0,41,0,0,0 8/1/2018 11:30:47
0,0,38,0,0,0 8/1/2018 11:30:47
0,0,43,54,0,0 8/1/2018 11:30:47
0,0,46,53,0,0 8/1/2018 11:30:47
0,0,42,17,0,0 8/1/2018 11:30:47
0,0,44,0,0,0 8/1/2018 11:30:47
0,0,43,0,0,0 8/1/2018 11:30:47
0,0,41,0,0,0 8/1/2018 11:30:47
0,0,40,0,0,0 8/1/2018 11:30:47
0,0,37,0,0,0 8/1/2018 11:30:47
0,0,2,0,0,0 8/1/2018 11:30:47
0,0,0,0,0,0 8/1/2018 11:30:47
0,0,0,0,1,0 8/1/2018 11:30:47
0,0,0,0,0,0 8/1/2018 11:30:47
0,0,0,0,0,0 8/1/2018 11:30:47
0,0,0,0,0,0 8/1/2018 11:30:47
0,0,0,0,0,0 8/1/2018 11:30:47
0,0,0,0,0,0 8/1/2018 11:30:47
0,0,0,0,0,0 8/1/2018 11:30:47
0,0,0,0,0,0 8/1/2018 11:30:48
0,0,0,0,0,0 8/1/2018 11:30:48
0,0,0,0,0,0 8/1/2018 11:30:48
0,2,0,0,0,0 8/1/2018 11:30:48
0,23,0,0,0,0 8/1/2018 11:30:48
0,36,0,0,0,0 8/1/2018 11:30:48
0,18,0,0,0,0 8/1/2018 11:30:48
0,0,0,0,0,0 8/1/2018 11:30:48
0,0,0,0,0,0 8/1/2018 11:30:48
0,0,0,0,0,0 8/1/2018 11:30:48
0,0,0,0,0,0 8/1/2018 11:30:48
0,0,0,0,0,0 8/1/2018 11:30:48
0,0,0,105,0,0 8/1/2018 11:30:48
0,0,0,200,0,0 8/1/2018 11:30:48
0,0,0,185,0,0 8/1/2018 11:30:48
0,0,0,151,0,0 8/1/2018 11:30:48
0,0,0,130,0,0 8/1/2018 11:30:48
0,0,0,0,0,0 8/1/2018 11:30:48
0,0,0,0,0,0 8/1/2018 11:30:48
0,0,0,0,0,0 8/1/2018 11:30:48
0,0,0,0,0,0 8/1/2018 11:30:48
0,0,0,0,0,0 8/1/2018 11:30:48
0,0,0,0,0,0 8/1/2018 11:30:48
0,0,0,0,0,0 8/1/2018 11:30:49
0,0,0,0,0,0 8/1/2018 11:30:49
0,0,0,0,0,0 8/1/2018 11:30:49
0,0,0,0,0,0 8/1/2018 11:30:49
0,0,0,0,0,0 8/1/2018 11:30:49
0,0,0,0,0,0 8/1/2018 11:30:49
0,0,0,0,0,0 8/1/2018 11:30:49
0,0,0,0,0,0 8/1/2018 11:30:49
0,0,0,0,0,0 8/1/2018 11:30:49
0,0,0,0,0,0 8/1/2018 11:30:49
0,0,0,0,0,0 8/1/2018 11:30:49
0,0,0,0,0,0 8/1/2018 11:30:49
0,0,0,0,0,0 8/1/2018 11:30:49
0,0,0,0,0,0 8/1/2018 11:30:49
0,0,1,0,0,0 8/1/2018 11:30:49
0,0,0,0,0,0 8/1/2018 11:30:49
0,0,19,0,0,0 8/1/2018 11:30:49
0,0,15,0,0,0 8/1/2018 11:30:49
0,0,18,0,0,0 8/1/2018 11:30:49
0,0,0,0,0,0 8/1/2018 11:30:49
0,0,19,19,0,0 8/1/2018 11:30:49
0,0,22,254,0,0 8/1/2018 11:30:49
0,0,26,361,0,0 8/1/2018 11:30:50
0,0,29,477,0,0 8/1/2018 11:30:50
0,0,31,554,0,0 8/1/2018 11:30:50
0,0,13,603,0,0 8/1/2018 11:30:50
0,0,5,626,0,0 8/1/2018 11:30:50
0,0,0,677,0,0 8/1/2018 11:30:50
0,0,0,685,0,0 8/1/2018 11:30:50
0,0,0,693,0,0 8/1/2018 11:30:50
0,0,0,701,0,0 8/1/2018 11:30:50
0,0,0,726,0,0 8/1/2018 11:30:50
0,31,0,747,0,0 8/1/2018 11:30:50
0,0,0,755,0,0 8/1/2018 11:30:50
0,0,0,757,0,0 8/1/2018 11:30:50
0,0,0,760,0,0 8/1/2018 11:30:50
0,0,0,764,0,0 8/1/2018 11:30:50
0,0,0,763,0,0 8/1/2018 11:30:50
0,0,0,754,0,0 8/1/2018 11:30:50
0,31,11,750,0,0 8/1/2018 11:30:50
0,46,14,759,0,0 8/1/2018 11:30:50
0,57,0,762,0,0 8/1/2018 11:30:50
0,42,2,764,0,0 8/1/2018 11:30:50
0,36,28,757,0,0 8/1/2018 11:30:50
0,90,26,734,0,0 8/1/2018 11:30:50
0,107,22,684,0,0 8/1/2018 11:30:51
0,29,8,649,0,0 8/1/2018 11:30:51
0,0,12,607,0,0 8/1/2018 11:30:51
0,0,31,605,0,0 8/1/2018 11:30:51
0,0,7,618,0,0 8/1/2018 11:30:51
0,0,25,615,0,0 8/1/2018 11:30:51
0,0,23,595,0,0 8/1/2018 11:30:51
0,0,30,625,0,0 8/1/2018 11:30:51
0,0,35,651,0,0 8/1/2018 11:30:51
0,0,40,671,0,0 8/1/2018 11:30:51
0,0,42,668,0,0 8/1/2018 11:30:51
0,0,38,674,0,0 8/1/2018 11:30:51
0,0,38,669,0,0 8/1/2018 11:30:51
0,0,37,666,0,0 8/1/2018 11:30:51
0,0,42,700,0,0 8/1/2018 11:30:51
0,16,31,716,0,0 8/1/2018 11:30:51
0,20,33,724,0,0 8/1/2018 11:30:51
0,30,36,742,0,0 8/1/2018 11:30:51
0,48,34,756,0,0 8/1/2018 11:30:51
0,136,35,757,0,0 8/1/2018 11:30:51
0,132,35,759,0,0 8/1/2018 11:30:51
0,133,36,760,0,0 8/1/2018 11:30:51
0,144,36,762,0,0 8/1/2018 11:30:51
0,113,37,761,0,0 8/1/2018 11:30:52
0,104,40,747,0,0 8/1/2018 11:30:52
0,106,34,718,0,0 8/1/2018 11:30:52
0,99,36,729,0,0 8/1/2018 11:30:52
0,98,42,732,0,0 8/1/2018 11:30:52
0,86,39,713,0,0 8/1/2018 11:30:52
0,0,38,711,0,0 8/1/2018 11:30:52
0,0,36,717,0,0 8/1/2018 11:30:52
0,0,35,720,0,0 8/1/2018 11:30:52
0,0,34,728,0,0 8/1/2018 11:30:52
0,0,35,722,0,0 8/1/2018 11:30:52
0,0,34,720,0,0 8/1/2018 11:30:52
0,0,33,719,0,0 8/1/2018 11:30:52
0,0,34,719,0,0 8/1/2018 11:30:52
0,0,32,714,0,0 8/1/2018 11:30:52
0,0,33,717,0,0 8/1/2018 11:30:52
0,0,33,712,0,0 8/1/2018 11:30:52
0,0,32,703,0,0 8/1/2018 11:30:52
0,0,32,705,0,0 8/1/2018 11:30:52
0,0,36,694,0,0 8/1/2018 11:30:52
0,0,38,708,0,1 8/1/2018 11:30:52
0,0,14,678,0,0 8/1/2018 11:30:52
0,0,9,663,0,0 8/1/2018 11:30:52
0,0,13,651,0,0 8/1/2018 11:30:53
0,0,15,640,0,0 8/1/2018 11:30:53
0,0,22,630,0,0 8/1/2018 11:30:53
0,0,21,628,0,0 8/1/2018 11:30:53
0,0,24,620,0,0 8/1/2018 11:30:53
0,0,24,597,0,0 8/1/2018 11:30:53
0,0,23,583,0,0 8/1/2018 11:30:53
0,0,19,556,0,0 8/1/2018 11:30:53
0,0,8,538,0,0 8/1/2018 11:30:53
0,0,0,527,0,0 8/1/2018 11:30:53
0,0,0,489,0,0 8/1/2018 11:30:53
0,0,0,448,0,0 8/1/2018 11:30:53
0,0,0,301,0,0 8/1/2018 11:30:53
0,0,0,101,0,0 8/1/2018 11:30:53
0,0,0,0,0,0 8/1/2018 11:30:53
