0,0,12,0,0,0 8/1/2018 11:31:56
0,0,23,0,0,0 8/1/2018 11:31:56
0,0,26,0,0,0 8/1/2018 11:31:56
0,0,35,0,0,0 8/1/2018 11:31:56
0,0,32,0,0,0 8/1/2018 11:31:57
0,0,38,0,0,0 8/1/2018 11:31:57
0,0,32,0,0,0 8/1/2018 11:31:57
0,0,34,0,0,0 8/1/2018 11:31:57
0,0,41,0,0,0 8/1/2018 11:31:57
0,8,40,0,0,0 8/1/2018 11:31:57
0,0,38,0,0,0 8/1/2018 11:31:57
0,0,39,0,0,0 8/1/2018 11:31:57
0,0,37,37,0,0 8/1/2018 11:31:57
0,0,43,0,0,0 8/1/2018 11:31:57
0,0,41,26,0,0 8/1/2018 11:31:57
0,0,45,43,0,0 8/1/2018 11:31:57
0,0,39,146,0,0 8/1/2018 11:31:57
0,0,31,212,0,0 8/1/2018 11:31:57
0,0,11,301,0,0 8/1/2018 11:31:57
0,0,12,332,0,0 8/1/2018 11:31:57
0,0,37,353,0,0 8/1/2018 11:31:57
0,0,39,338,0,0 8/1/2018 11:31:57
0,0,42,282,0,0 8/1/2018 11:31:57
0,126,50,195,0,0 8/1/2018 11:31:57
0,178,42,176,0,0 8/1/2018 11:31:57
0,200,43,173,0,0 8/1/2018 11:31:57
0,211,48,152,0,0 8/1/2018 11:31:58
0,218,50,146,0,0 8/1/2018 11:31:58
0,225,52,164,0,0 8/1/2018 11:31:58
0,220,50,216,0,0 8/1/2018 11:31:58
0,220,55,285,0,0 8/1/2018 11:31:58
0,211,49,330,0,0 8/1/2018 11:31:58
0,200,48,369,0,0 8/1/2018 11:31:58
0,179,63,381,0,0 8/1/2018 11:31:58
0,135,61,399,0,0 8/1/2018 11:31:58
0,89,51,426,0,0 8/1/2018 11:31:58
0,0,63,449,0,0 8/1/2018 11:31:58
0,0,73,479,0,0 8/1/2018 11:31:58
0,0,85,501,0,0 8/1/2018 11:31:58
0,35,75,527,0,0 8/1/2018 11:31:58
0,67,51,524,0,0 8/1/2018 11:31:58
0,103,46,544,0,0 8/1/2018 11:31:58
0,69,52,535,0,0 8/1/2018 11:31:58
0,0,50,538,0,0 8/1/2018 11:31:58
0,0,1,459,0,0 8/1/2018 11:31:58
0,50,40,280,0,0 8/1/2018 11:31:58
0,109,38,149,0,0 8/1/2018 11:31:58
0,198,37,57,0,0 8/1/2018 11:31:58
0,254,35,0,0,0 8/1/2018 11:31:58
0,269,36,0,0,0 8/1/2018 11:31:59
0,195,23,0,0,0 8/1/2018 11:31:59
0,167,7,0,0,0 8/1/2018 11:31:59
0,199,6,0,0,0 8/1/2018 11:31:59
0,312,14,0,0,0 8/1/2018 11:31:59
0,390,34,0,0,0 8/1/2018 11:31:59
0,464,48,97,0,0 8/1/2018 11:31:59
0,500,52,157,0,0 8/1/2018 11:31:59
0,531,40,152,0,0 8/1/2018 11:31:59
0,533,42,162,0,0 8/1/2018 11:31:59
0,542,78,108,0,0 8/1/2018 11:31:59
0,548,86,31,0,0 8/1/2018 11:31:59
0,552,79,0,0,0 8/1/2018 11:31:59
0,547,76,0,0,0 8/1/2018 11:31:59
0,551,91,0,0,0 8/1/2018 11:31:59
0,548,89,0,0,0 8/1/2018 11:31:59
0,539,90,0,0,0 8/1/2018 11:31:59
0,542,96,0,0,0 8/1/2018 11:31:59
0,540,99,0,0,0 8/1/2018 11:31:59
0,554,90,0,0,2 8/1/2018 11:31:59
0,545,76,13,0,0 8/1/2018 11:31:59
0,552,74,28,0,0 8/1/2018 11:31:59
0,556,57,18,0,0 8/1/2018 11:31:59
0,546,14,0,0,0 8/1/2018 11:32:0
0,560,54,0,0,0 8/1/2018 11:32:0
0,563,60,0,0,0 8/1/2018 11:32:0
0,569,57,0,0,0 8/1/2018 11:32:0
0,576,52,4,0,0 8/1/2018 11:32:0
0,576,46,2,0,0 8/1/2018 11:32:0
0,573,44,4,0,0 8/1/2018 11:32:0
0,567,44,0,0,0 8/1/2018 11:32:0
0,570,41,0,0,0 8/1/2018 11:32:0
0,564,44,0,0,0 8/1/2018 11:32:0
0,575,42,0,0,0 8/1/2018 11:32:0
0,576,45,0,0,0 8/1/2018 11:32:0
0,583,48,3,0,0 8/1/2018 11:32:0
0,589,31,5,0,0 8/1/2018 11:32:0
0,589,26,11,0,0 8/1/2018 11:32:0
0,580,48,59,0,0 8/1/2018 11:32:0
0,576,6,63,0,0 8/1/2018 11:32:0
0,582,8,82,0,0 8/1/2018 11:32:0
0,555,0,56,0,0 8/1/2018 11:32:0
0,548,39,30,0,0 8/1/2018 11:32:0
0,543,38,28,0,0 8/1/2018 11:32:0
0,516,49,41,0,0 8/1/2018 11:32:0
0,462,43,16,0,0 8/1/2018 11:32:1
0,394,40,12,0,0 8/1/2018 11:32:1
0,342,33,0,0,0 8/1/2018 11:32:1
0,306,18,0,0,0 8/1/2018 11:32:1
0,263,15,0,0,0 8/1/2018 11:32:1
0,42,16,0,0,0 8/1/2018 11:32:1
0,164,0,0,0,0 8/1/2018 11:32:1
0,0,0,0,0,0 8/1/2018 11:32:1
0,0,0,0,0,0 8/1/2018 11:32:1
0,0,0,0,0,0 8/1/2018 11:32:1
0,0,6,0,0,0 8/1/2018 11:32:1
0,0,0,0,0,0 8/1/2018 11:32:1
0,0,0,0,0,0 8/1/2018 11:32:1
0,53,0,0,0,0 8/1/2018 11:32:1
0,253,0,458,0,0 8/1/2018 11:32:1
0,403,0,549,0,0 8/1/2018 11:32:1
0,513,0,598,0,0 8/1/2018 11:32:1
0,551,0,616,0,0 8/1/2018 11:32:1
0,586,0,607,0,0 8/1/2018 11:32:1
0,599,0,608,0,0 8/1/2018 11:32:1
0,608,0,604,0,0 8/1/2018 11:32:1
0,617,0,619,0,0 8/1/2018 11:32:1
0,626,0,628,0,0 8/1/2018 11:32:1
0,632,0,671,0,0 8/1/2018 11:32:2
0,638,0,679,0,0 8/1/2018 11:32:2
0,644,0,685,0,0 8/1/2018 11:32:2
0,646,0,696,0,0 8/1/2018 11:32:2
0,648,0,673,0,0 8/1/2018 11:32:2
0,651,0,694,0,0 8/1/2018 11:32:2
0,655,0,673,0,0 8/1/2018 11:32:2
0,657,0,672,0,0 8/1/2018 11:32:2
0,651,0,659,0,0 8/1/2018 11:32:2
0,652,0,656,0,0 8/1/2018 11:32:2
0,658,0,649,0,0 8/1/2018 11:32:2
0,665,0,672,0,0 8/1/2018 11:32:2
0,668,0,679,0,0 8/1/2018 11:32:2
0,669,0,672,0,0 8/1/2018 11:32:2
0,661,0,689,0,0 8/1/2018 11:32:2
0,653,0,698,0,0 8/1/2018 11:32:2
0,643,0,694,0,0 8/1/2018 11:32:2
0,637,9,686,0,0 8/1/2018 11:32:2
0,630,6,695,0,0 8/1/2018 11:32:2
0,626,10,702,0,0 8/1/2018 11:32:2
0,621,6,703,0,0 8/1/2018 11:32:2
0,616,0,689,0,0 8/1/2018 11:32:2
0,620,2,687,0,0 8/1/2018 11:32:2
0,632,19,677,0,0 8/1/2018 11:32:3
0,633,7,660,0,0 8/1/2018 11:32:3
0,632,6,655,0,0 8/1/2018 11:32:3
0,631,36,654,0,0 8/1/2018 11:32:3
0,631,31,605,0,0 8/1/2018 11:32:3
0,633,37,562,0,0 8/1/2018 11:32:3
0,630,33,531,0,0 8/1/2018 11:32:3
0,629,31,449,0,0 8/1/2018 11:32:3
0,620,31,431,0,0 8/1/2018 11:32:3
0,605,33,402,0,0 8/1/2018 11:32:3
0,597,36,411,0,0 8/1/2018 11:32:3
0,580,33,421,0,0 8/1/2018 11:32:3
0,572,63,479,0,0 8/1/2018 11:32:3
0,590,49,498,0,0 8/1/2018 11:32:3
0,555,47,536,0,0 8/1/2018 11:32:3
0,524,59,541,0,0 8/1/2018 11:32:3
0,428,55,549,0,0 8/1/2018 11:32:3
0,160,55,568,0,0 8/1/2018 11:32:3
0,93,0,606,0,0 8/1/2018 11:32:3
0,49,8,646,0,0 8/1/2018 11:32:3
0,149,31,657,0,0 8/1/2018 11:32:3
0,292,35,629,0,0 8/1/2018 11:32:3
0,384,0,468,0,0 8/1/2018 11:32:3
0,416,0,343,0,0 8/1/2018 11:32:4
0,468,0,0,0,0 8/1/2018 11:32:4
0,439,0,0,0,0 8/1/2018 11:32:4
0,522,0,0,0,0 8/1/2018 11:32:4
0,568,0,4,0,0 8/1/2018 11:32:4
0,588,0,100,0,0 8/1/2018 11:32:4
0,594,0,145,0,0 8/1/2018 11:32:4
0,602,24,182,0,0 8/1/2018 11:32:4
0,595,30,249,0,0 8/1/2018 11:32:4
0,592,30,253,0,0 8/1/2018 11:32:4
0,587,33,242,0,0 8/1/2018 11:32:4
0,583,74,230,0,0 8/1/2018 11:32:4
0,564,80,210,0,0 8/1/2018 11:32:4
0,556,95,209,0,0 8/1/2018 11:32:4
0,520,111,153,0,0 8/1/2018 11:32:4
0,489,102,138,0,0 8/1/2018 11:32:4
0,468,119,136,0,0 8/1/2018 11:32:4
0,452,114,104,0,0 8/1/2018 11:32:4
0,447,113,76,0,0 8/1/2018 11:32:4
0,412,112,50,0,0 8/1/2018 11:32:4
0,375,112,25,0,0 8/1/2018 11:32:4
0,341,101,0,0,0 8/1/2018 11:32:4
0,330,112,0,0,0 8/1/2018 11:32:5
0,302,110,0,0,0 8/1/2018 11:32:5
0,286,113,0,0,0 8/1/2018 11:32:5
0,292,114,0,0,0 8/1/2018 11:32:5
0,290,115,0,0,0 8/1/2018 11:32:5
0,290,122,0,0,0 8/1/2018 11:32:5
0,291,124,0,0,0 8/1/2018 11:32:5
0,269,128,0,0,0 8/1/2018 11:32:5
0,253,134,0,0,0 8/1/2018 11:32:5
0,233,132,0,0,0 8/1/2018 11:32:5
0,188,146,0,0,0 8/1/2018 11:32:5
0,170,150,0,0,0 8/1/2018 11:32:5
0,140,146,0,0,0 8/1/2018 11:32:5
0,83,71,0,0,0 8/1/2018 11:32:5
0,0,40,0,0,0 8/1/2018 11:32:5
0,0,53,0,0,0 8/1/2018 11:32:5
0,0,50,0,0,0 8/1/2018 11:32:5
0,0,25,0,0,0 8/1/2018 11:32:5
0,0,31,0,0,0 8/1/2018 11:32:5
0,0,24,0,0,0 8/1/2018 11:32:5
0,0,30,0,0,0 8/1/2018 11:32:5
0,0,43,0,0,0 8/1/2018 11:32:5
0,0,35,0,0,0 8/1/2018 11:32:5
0,0,27,0,0,0 8/1/2018 11:32:6
0,0,16,0,0,0 8/1/2018 11:32:6
0,50,26,45,0,0 8/1/2018 11:32:6
0,127,32,86,0,0 8/1/2018 11:32:6
0,270,35,101,0,0 8/1/2018 11:32:6
0,383,25,171,0,0 8/1/2018 11:32:6
0,403,58,202,0,0 8/1/2018 11:32:6
0,424,66,215,0,0 8/1/2018 11:32:6
0,444,77,252,0,0 8/1/2018 11:32:6
0,467,87,255,0,0 8/1/2018 11:32:6
0,465,109,267,0,0 8/1/2018 11:32:6
0,447,114,298,0,0 8/1/2018 11:32:6
0,429,115,324,0,0 8/1/2018 11:32:6
0,384,125,384,0,0 8/1/2018 11:32:6
0,389,137,407,0,0 8/1/2018 11:32:6
0,403,133,411,0,0 8/1/2018 11:32:6
0,403,125,406,0,0 8/1/2018 11:32:6
0,405,136,402,0,0 8/1/2018 11:32:6
0,428,129,414,0,0 8/1/2018 11:32:6
0,428,146,399,0,0 8/1/2018 11:32:6
0,418,156,406,0,0 8/1/2018 11:32:6
0,401,151,404,0,0 8/1/2018 11:32:6
0,293,142,410,0,0 8/1/2018 11:32:6
0,196,161,406,0,0 8/1/2018 11:32:7
0,192,168,415,0,0 8/1/2018 11:32:7
0,196,183,415,0,0 8/1/2018 11:32:7
0,190,175,435,0,0 8/1/2018 11:32:7
0,146,172,383,0,0 8/1/2018 11:32:7
0,116,148,327,0,0 8/1/2018 11:32:7
0,59,98,317,0,0 8/1/2018 11:32:7
0,50,69,211,0,0 8/1/2018 11:32:7
0,0,45,90,0,0 8/1/2018 11:32:7
0,0,22,0,0,0 8/1/2018 11:32:7
0,0,0,0,0,0 8/1/2018 11:32:7
0,0,0,0,0,0 8/1/2018 11:32:7
0,0,0,0,0,0 8/1/2018 11:32:7
0,0,15,0,0,0 8/1/2018 11:32:7
0,0,19,0,0,0 8/1/2018 11:32:7
0,0,13,0,0,0 8/1/2018 11:32:7
0,0,0,0,0,0 8/1/2018 11:32:7
0,0,27,0,0,0 8/1/2018 11:32:7
0,0,33,0,0,0 8/1/2018 11:32:7
0,0,42,0,0,0 8/1/2018 11:32:7
0,0,44,0,0,0 8/1/2018 11:32:7
0,120,0,0,0,0 8/1/2018 11:32:7
0,355,0,0,0,0 8/1/2018 11:32:8
0,438,0,73,0,0 8/1/2018 11:32:8
0,524,0,154,0,0 8/1/2018 11:32:8
0,591,0,252,0,0 8/1/2018 11:32:8
0,617,0,338,0,0 8/1/2018 11:32:8
0,633,0,403,0,0 8/1/2018 11:32:8
0,660,0,441,0,0 8/1/2018 11:32:8
0,676,23,465,0,0 8/1/2018 11:32:8
0,688,32,478,0,0 8/1/2018 11:32:8
0,702,34,491,0,0 8/1/2018 11:32:8
0,711,37,512,0,0 8/1/2018 11:32:8
0,713,51,523,0,0 8/1/2018 11:32:8
0,721,61,521,0,0 8/1/2018 11:32:8
0,724,63,503,0,0 8/1/2018 11:32:8
0,725,58,522,0,0 8/1/2018 11:32:8
0,728,66,532,0,0 8/1/2018 11:32:8
